   1.000000000100000E+00   7.153780146900000E+01   3.225695248700000E+01   5.503688762700000E-06   4.705781126300000E-01   9.985322691300000E-01   9.999999999200001E+02   2.300000000000000E+00
   1.005598726000000E+00   7.148858745100000E+01   3.220179827900000E+01   5.511292936300000E-06   4.693123807600000E-01   9.985267133000000E-01   9.944324451799999E+02   2.300000000000000E+00
   1.014583003400000E+00   7.140987108100001E+01   3.211132670300000E+01   5.523480469900000E-06   4.672800837100000E-01   9.985175542400000E-01   9.856266038400000E+02   2.300000000000000E+00
   1.022877863800000E+00   7.133747210900000E+01   3.202583018900000E+01   5.534675183800000E-06   4.654020232200000E-01   9.985088434300000E-01   9.776338264900000E+02   2.300000000000000E+00
   1.030525235200000E+00   7.127095596300001E+01   3.194517237500000E+01   5.544953468500000E-06   4.636692163200000E-01   9.985005771500000E-01   9.703789542400000E+02   2.300000000000000E+00
   1.037566376500000E+00   7.120990579100000E+01   3.186972372800000E+01   5.554374159900000E-06   4.620728737200000E-01   9.984928050900000E-01   9.637937607400000E+02   2.300000000000000E+00
   1.044041533700000E+00   7.115392378000000E+01   3.179889419500000E+01   5.563013566000000E-06   4.606038256500000E-01   9.984854755500000E-01   9.578163011100000E+02   2.300000000000000E+00
   1.050000000000000E+00   7.110254302700000E+01   3.173300879700000E+01   5.570937959500000E-06   4.592511777900000E-01   9.984786175600000E-01   9.523809523800001E+02   2.300000000000000E+00
   1.056015755700000E+00   7.105079684300000E+01   3.166536327500000E+01   5.578909645300000E-06   4.578847559700000E-01   9.984715430000000E-01   9.469555681900000E+02   2.300000000000000E+00
   1.062692497300000E+00   7.099351410900000E+01   3.158894453300000E+01   5.587722541400000E-06   4.563673996100000E-01   9.984635100200000E-01   9.410059848700000E+02   2.300000000000000E+00
   1.070120131100000E+00   7.092997056999999E+01   3.150264538900000E+01   5.597481592000000E-06   4.546784731600000E-01   9.984543897400000E-01   9.344745238400000E+02   2.300000000000000E+00
   1.078391257200000E+00   7.085943185200000E+01   3.140435623200000E+01   5.608297256100000E-06   4.527963910000000E-01   9.984439299200000E-01   9.273072211500000E+02   2.300000000000000E+00
   1.087611104400000E+00   7.078107104800000E+01   3.129302904900000E+01   5.620289002200000E-06   4.506967356500000E-01   9.984320042900000E-01   9.194462947000000E+02   2.300000000000000E+00
   1.097899206700000E+00   7.069395810499999E+01   3.116538232400000E+01   5.633584687800000E-06   4.483514908900000E-01   9.984182093700000E-01   9.108304240300000E+02   2.300000000000000E+00
   1.109391111200000E+00   7.059704967200000E+01   3.101980726700000E+01   5.648327378700000E-06   4.457296149900000E-01   9.984023161900000E-01   9.013953599400000E+02   2.300000000000000E+00
   1.122239950800000E+00   7.048918081200000E+01   3.085172628100000E+01   5.664678657300000E-06   4.427944320500000E-01   9.983837710100000E-01   8.910750319400000E+02   2.300000000000000E+00
   1.136617575300000E+00   7.036906109800000E+01   3.065843777000000E+01   5.682784034100000E-06   4.395060980200000E-01   9.983621616600000E-01   8.798033935900000E+02   2.300000000000000E+00
   1.152714721400000E+00   7.023527912700000E+01   3.043412383900000E+01   5.702830187200000E-06   4.358191583900000E-01   9.983367040400000E-01   8.675173322900000E+02   2.300000000000000E+00
   1.170739400500000E+00   7.008632164399999E+01   3.017391791900000E+01   5.724965347700000E-06   4.316835539400000E-01   9.983066714800000E-01   8.541610537700000E+02   2.300000000000000E+00
   1.190912310300000E+00   6.992061598900000E+01   2.987040341600000E+01   5.749368432400000E-06   4.270458203400000E-01   9.982709360499999E-01   8.396923865600000E+02   2.300000000000000E+00
   1.213457735400000E+00   6.973660659399999E+01   2.951573761600000E+01   5.776134073900000E-06   4.218501889100000E-01   9.982281795000000E-01   8.240913307900000E+02   2.300000000000000E+00
   1.238588395600000E+00   6.953287550100001E+01   2.910037065500000E+01   5.805323649900000E-06   4.160423025000000E-01   9.981767106400000E-01   8.073707161700000E+02   2.300000000000000E+00
   1.266483583700000E+00   6.930830930899999E+01   2.861407679500000E+01   5.836895767400000E-06   4.095735247600000E-01   9.981144918500000E-01   7.895878105700000E+02   2.300000000000000E+00
   1.297262411000000E+00   6.906229607700000E+01   2.804521279900000E+01   5.870695144700000E-06   4.024063721800000E-01   9.980389146000000E-01   7.708540627600000E+02   2.300000000000000E+00
   1.330958207200000E+00   6.879490565499999E+01   2.738182381900000E+01   5.906388512400000E-06   3.945204868500000E-01   9.979468029800000E-01   7.513383925800000E+02   2.300000000000000E+00
   1.367504465300000E+00   6.850697969399999E+01   2.661168598100000E+01   5.943462708500000E-06   3.859156486700000E-01   9.978342405600000E-01   7.312590381900000E+02   2.300000000000000E+00
   1.406743332900000E+00   6.820006203299999E+01   2.572260939300000E+01   5.981288947500000E-06   3.766115530400000E-01   9.976963105300000E-01   7.108617305100000E+02   2.300000000000000E+00
   1.448461402300000E+00   6.787615688600000E+01   2.470274055900000E+01   6.019084308600000E-06   3.666396614500000E-01   9.975268180000000E-01   6.903877441500000E+02   2.300000000000000E+00
   1.492447233200000E+00   6.753738646900000E+01   2.353762764000000E+01   6.056027357000000E-06   3.560338425900000E-01   9.973172748300000E-01   6.700404394500000E+02   2.300000000000000E+00
   1.538559371100000E+00   6.718566810000000E+01   2.221148770500000E+01   6.091281554600000E-06   3.448196202000000E-01   9.970562261200000E-01   6.499586683300000E+02   2.300000000000000E+00
   1.586798712600000E+00   6.682250924000000E+01   2.070401627700000E+01   6.123952189600000E-06   3.330047217200000E-01   9.967272260700000E-01   6.301996542000001E+02   2.300000000000000E+00
   1.637392700000000E+00   6.644896387999999E+01   1.898785193700000E+01   6.153108521800000E-06   3.205735834700000E-01   9.963057537400000E-01   6.107270418200000E+02   2.300000000000000E+00
   1.690916694700000E+00   6.606576902700000E+01   1.702879738000000E+01   6.177628857300000E-06   3.074831941100000E-01   9.957548505600000E-01   5.913951900500000E+02   2.300000000000000E+00
   1.743272600600000E+00   6.570825919399999E+01   1.498836002700000E+01   6.194750978600000E-06   2.948962780400000E-01   9.950894803100000E-01   5.736337504800000E+02   2.300000000000000E+00
   1.796508951000000E+00   6.536908271100000E+01   1.282733045900000E+01   6.204779570600000E-06   2.825256069100000E-01   9.942651256000000E-01   5.566351336200000E+02   2.300000000000000E+00
   1.844782905000000E+00   6.508858848500000E+01   1.083812795000000E+01   6.207382684400000E-06   2.718680593600000E-01   9.933784371200000E-01   5.420692035300000E+02   2.300000000000000E+00
   1.902510431100000E+00   6.479292640600001E+01   8.494251593900000E+00   6.202726966300000E-06   2.600348438700000E-01   9.921470098700000E-01   5.256212968300000E+02   2.300000000000000E+00
   1.966189142700000E+00   6.452050201199999E+01   6.041092711800000E+00   6.188902902800000E-06   2.483157201500000E-01   9.905988472500000E-01   5.085980683400000E+02   2.300000000000000E+00
   2.039237117900000E+00   6.427412103200000E+01   3.493823532900000E+00   6.164166459300000E-06   2.366688386200000E-01   9.886492404500000E-01   4.903794616300000E+02   2.300000000000000E+00
   2.126841524700000E+00   6.405525790400000E+01   8.764200485300000E-01   6.126224798200000E-06   2.250632548800000E-01   9.861999486900001E-01   4.701807766900000E+02   2.300000000000000E+00
   2.236491953800000E+00   6.386179762800000E+01  -1.758094307900000E+00   6.072788572700000E-06   2.135730767200000E-01   9.831696129900001E-01   4.471288163100000E+02   2.300000000000000E+00
   2.377778295000000E+00   6.368375616500000E+01  -4.306464445300000E+00   6.003190170400000E-06   2.025013021900000E-01   9.795698125600000E-01   4.205606561900000E+02   2.300000000000000E+00
   2.558338777000000E+00   6.350407454500000E+01  -6.608786366700000E+00   5.920847325600000E-06   1.924714674400000E-01   9.756225186600000E-01   3.908786471100000E+02   2.300000000000000E+00
   2.775928773200000E+00   6.331612600100000E+01  -8.523765423100000E+00   5.832414468400000E-06   1.840827968500000E-01   9.717332290100000E-01   3.602397906100000E+02   2.300000000000000E+00
   3.021777161300000E+00   6.313986966900000E+01  -1.007451920400000E+01   5.739994399200000E-06   1.771862192600000E-01   9.681105460100000E-01   3.309310867800000E+02   2.300000000000000E+00
   3.292145526300000E+00   6.301047948100000E+01  -1.140717543500000E+01   5.638368252100000E-06   1.710166255600000E-01   9.646112477200000E-01   3.037532794400000E+02   2.300000000000000E+00
   3.584839868600000E+00   6.296327472100000E+01  -1.264645502500000E+01   5.521729668400000E-06   1.648793901000000E-01   9.609982418800000E-01   2.789524878800000E+02   2.300000000000000E+00
   3.890888628600000E+00   6.301999106500000E+01  -1.384276850100000E+01   5.389603365300000E-06   1.584834208400000E-01   9.571468406900000E-01   2.570106974100000E+02   2.300000000000000E+00
   4.194847354300000E+00   6.317831890200000E+01  -1.498047584800000E+01   5.247064619500000E-06   1.519348168600000E-01   9.531173581900000E-01   2.383876969800000E+02   2.300000000000000E+00
   4.483791961100000E+00   6.341769542500000E+01  -1.603067451100000E+01   5.100199347600000E-06   1.454755347200000E-01   9.490514069100000E-01   2.230255124900000E+02   2.300000000000000E+00
   4.752889233400000E+00   6.371463893900000E+01  -1.698097123900000E+01   4.952563702900000E-06   1.392570443700000E-01   9.450588633400000E-01   2.103983389600000E+02   2.300000000000000E+00
   5.002965704600000E+00   6.405126275600000E+01  -1.783644873900000E+01   4.805400505400000E-06   1.333208958800000E-01   9.411903860200000E-01   1.998814421400000E+02   2.300000000000000E+00
   5.236689977100000E+00   6.441564290500000E+01  -1.860553201900000E+01   4.658907089200000E-06   1.276570924700000E-01   9.374762583100000E-01   1.909603211900000E+02   2.300000000000000E+00
   5.456750131900000E+00   6.479993579500000E+01  -1.929504358200000E+01   4.512954827500000E-06   1.222411238800000E-01   9.339426940800000E-01   1.832592616200000E+02   2.300000000000000E+00
   5.665362142200000E+00   6.519884713899999E+01  -1.990794834800000E+01   4.367387739200000E-06   1.170477950400000E-01   9.306311168600000E-01   1.765112229200000E+02   2.300000000000000E+00
   5.864241332300000E+00   6.560867982200000E+01  -2.044216950800000E+01   4.222040460700000E-06   1.120549848700000E-01   9.276084487400000E-01   1.705250420900000E+02   2.300000000000000E+00
   6.054686565700000E+00   6.602676242299999E+01  -2.088640726300000E+01   4.076811433900000E-06   1.072440895800000E-01   9.249930204000000E-01   1.651613158100000E+02   2.300000000000000E+00
   6.237673513100000E+00   6.645110125600000E+01  -2.063634815800000E+01   3.931631575500000E-06   1.025996847300000E-01   9.264754035700000E-01   1.603161816500000E+02   2.300000000000000E+00
   6.413932305900000E+00   6.688016317200000E+01  -2.038982135800000E+01   3.786469480600000E-06   9.810910932800000E-02   9.279091403900001E-01   1.559105946700000E+02   2.300000000000000E+00
   6.584007200700000E+00   6.731273628500000E+01  -2.022469162600000E+01   3.641324937700000E-06   9.376154385900000E-02   9.288533261500000E-01   1.518831874800000E+02   2.300000000000000E+00
   6.688782300900000E+00   6.758825279400000E+01  -2.016062333100000E+01   3.549362173500000E-06   9.107614288900000E-02   9.292162328500000E-01   1.495040434900000E+02   2.300000000000000E+00
   6.848350562600000E+00   6.802115490900000E+01  -2.012212026500000E+01   3.405453532300000E-06   8.697499613600000E-02   9.294334538600000E-01   1.460205623000000E+02   2.300000000000000E+00
   7.003823928500000E+00   6.845865547200000E+01  -2.015879425800000E+01   3.260588606200000E-06   8.296392190900000E-02   9.292262489300001E-01   1.427791461100000E+02   2.300000000000000E+00
   7.154132979200000E+00   6.889683793000000E+01  -2.027136025200000E+01   3.115962186300000E-06   7.906858800100000E-02   9.285873276500000E-01   1.397793419400000E+02   2.300000000000000E+00
   7.299378971600000E+00   6.933512983500000E+01  -2.046098725800000E+01   2.971701331200000E-06   7.528405387000001E-02   9.274973739000000E-01   1.369979561100000E+02   2.300000000000000E+00
   7.439631496700000E+00   6.977306133899999E+01  -2.073007716200000E+01   2.827938638400000E-06   7.160564293400000E-02   9.259219044200000E-01   1.344152597400000E+02   2.300000000000000E+00
   7.574926156700000E+00   7.021022385200000E+01  -2.108207363600000E+01   2.684830164600000E-06   6.802916797200000E-02   9.238086596600000E-01   1.320144882400000E+02   2.300000000000000E+00
   7.705272190600000E+00   7.064626629200001E+01  -2.152166638400000E+01   2.542550433300000E-06   6.455096152900000E-02   9.210847935499999E-01   1.297812686300000E+02   2.300000000000000E+00
   7.830659099100000E+00   7.108089697600001E+01  -2.205533797600000E+01   2.401299209800000E-06   6.116759960400000E-02   9.176461889800001E-01   1.277031712600000E+02   2.300000000000000E+00
   7.951062592700000E+00   7.151389179400000E+01  -2.269080240800000E+01   2.261271422700000E-06   5.787591518000000E-02   9.133551479200001E-01   1.257693532600000E+02   2.300000000000000E+00
   8.066450244700000E+00   7.194511072500001E+01  -2.343835993900000E+01   2.122714689100000E-06   5.467294624800000E-02   9.080215824100000E-01   1.239702681700000E+02   2.300000000000000E+00
   8.176786971700000E+00   7.237452690900000E+01  -2.431107907300000E+01   1.985858535500000E-06   5.155575593800000E-02   9.013838694500000E-01   1.222974260500000E+02   2.300000000000000E+00
   8.282040234800000E+00   7.280227617700000E+01  -2.532507869600000E+01   1.850966378700000E-06   4.852132029300000E-02   8.930776428000000E-01   1.207431951100000E+02   2.300000000000000E+00
   8.382184307399999E+00   7.322874212900000E+01  -2.650152636500000E+01   1.718317843700000E-06   4.556645832800000E-02   8.825854671700000E-01   1.193006456700000E+02   2.300000000000000E+00
   8.477202074899999E+00   7.365470601900000E+01  -2.786685059300000E+01   1.588196958700000E-06   4.268749106600000E-02   8.691663240000000E-01   1.179634496300000E+02   2.300000000000000E+00
   8.567081826300001E+00   7.408161746600000E+01  -2.945420068300000E+01   1.460921051700000E-06   3.988021481200000E-02   8.517441135700000E-01   1.167258607200000E+02   2.300000000000000E+00
   8.651807082900000E+00   7.451208562700000E+01  -3.130229390100000E+01   1.336854629800000E-06   3.713980001700000E-02   8.287707853500000E-01   1.155827898600000E+02   2.300000000000000E+00
   8.731345034200000E+00   7.495072768700000E+01  -3.345072220100000E+01   1.216512343400000E-06   3.446121724800000E-02   7.981017937000000E-01   1.145298915700000E+02   2.300000000000000E+00
   8.805660252799999E+00   7.540538725300000E+01  -3.592421601100000E+01   1.100742230300000E-06   3.184083466300000E-02   7.571351677100000E-01   1.135633185100000E+02   2.300000000000000E+00
   8.874796930300000E+00   7.588795307400000E+01  -3.870090198900000E+01   9.909455588200001E-07   2.928028547200000E-02   7.036556787300000E-01   1.126786345500000E+02   2.300000000000000E+00
   8.901895806000001E+00   7.609875683600001E+01  -3.991604663300000E+01   9.477836814000000E-07   2.824261110400000E-02   6.778036494300000E-01   1.123356217400000E+02   2.300000000000000E+00
   8.963374772600000E+00   7.663515275899999E+01  -4.289062781700000E+01   8.511116594600000E-07   2.582771684100000E-02   6.087794257800000E-01   1.115651220000000E+02   2.300000000000000E+00
   8.989912702100000E+00   7.689450368200001E+01  -4.423833933200000E+01   8.105611872399999E-07   2.476881404100000E-02   5.752187832400000E-01   1.112357853900000E+02   2.300000000000000E+00
   9.046236893000000E+00   7.749838862700000E+01  -4.712145110400000E+01   7.288005662800000E-07   2.253498163700000E-02   5.001871599900000E-01   1.105432028600000E+02   2.300000000000000E+00
   9.101744334499999E+00   7.813560750700000E+01  -4.982685008000000E+01   6.570123537400000E-07   2.045737564700000E-02   4.281691915100000E-01   1.098690496300000E+02   2.300000000000000E+00
   9.160950961499999E+00   7.878037852200001E+01  -5.231720069600000E+01   5.946236714700000E-07   1.856947088400000E-02   3.631513226200000E-01   1.091589731500000E+02   2.300000000000000E+00
   9.235466362500000E+00   7.941683072200000E+01  -5.464234132100000E+01   5.395945717000000E-07   1.685907840300000E-02   3.056287348900000E-01   1.082782353100000E+02   2.300000000000000E+00
   9.351751653899999E+00   8.003283031399999E+01  -5.687008452000000E+01   4.898890575900000E-07   1.530539196800000E-02   2.548678575400000E-01   1.069318387600000E+02   2.300000000000000E+00
   9.566814374700000E+00   8.061508322000000E+01  -5.905147663100000E+01   4.439010294700000E-07   1.389428507200000E-02   2.102249031000000E-01   1.045280028300000E+02   2.300000000000000E+00
   9.972518024999999E+00   8.113850974099999E+01  -6.115384040000000E+01   4.015552857900000E-07   1.264686616700000E-02   1.723967574500000E-01   1.002755770900000E+02   2.300000000000000E+00
   1.061348943500000E+01   8.156325359100001E+01  -6.299742064400000E+01   3.655830284000000E-07   1.163728302300000E-02   1.435050242800000E-01   9.421971973600000E+01   2.300000000000000E+00
   1.140795894000000E+01   8.187969463200000E+01  -6.445738656899999E+01   3.378503945800000E-07   1.088760079800000E-02   1.233921796800000E-01   8.765809951200001E+01   2.300000000000000E+00
   1.227473056800000E+01   8.211950370000000E+01  -6.561015053300000E+01   3.166113999800000E-07   1.032534923100000E-02   1.091613911100000E-01   8.146818330799999E+01   2.300000000000000E+00
   1.317997644200000E+01   8.231093537300001E+01  -6.655678193200001E+01   2.997968550900000E-07   9.883633871899999E-03   9.850992142200000E-02   7.587266975800000E+01   2.300000000000000E+00
   1.410838268400000E+01   8.247020228700001E+01  -6.736140848900000E+01   2.860954608000000E-07   9.523033836400000E-03   9.015422948700000E-02   7.087984656899999E+01   2.300000000000000E+00
   1.505176705500000E+01   8.260668738400000E+01  -6.806325603099999E+01   2.746902621500000E-07   9.220177381699999E-03   8.336539253700000E-02   6.643738215700000E+01   2.300000000000000E+00
   1.600540902000000E+01   8.272619414300000E+01  -6.868744805900000E+01   2.650430229800000E-07   8.960322080099999E-03   7.770145680000000E-02   6.247887815500000E+01   2.300000000000000E+00
   1.696642131700000E+01   8.283252785700000E+01  -6.925096891299999E+01   2.567806252000000E-07   8.733654582600000E-03   7.287781626400000E-02   5.893994857900000E+01   2.300000000000000E+00
   1.793294619400000E+01   8.292830549000000E+01  -6.976563715000000E+01   2.496335551400000E-07   8.533349815400000E-03   6.870327159700000E-02   5.576328558500000E+01   2.300000000000000E+00
   1.890373498100000E+01   8.301539886400001E+01  -7.024000472800000E+01   2.434006385600000E-07   8.354487393099999E-03   6.504344619000001E-02   5.289959899600000E+01   2.300000000000000E+00
   1.987791634700000E+01   8.309519159100000E+01  -7.068047665400000E+01   2.379275705200000E-07   8.193412902700000E-03   6.180074237800000E-02   5.030708362800000E+01   2.300000000000000E+00
   2.085486228100000E+01   8.316873549000000E+01  -7.109192592100000E+01   2.330932454400000E-07   8.047340318600001E-03   5.890242287100000E-02   4.795044851100000E+01   2.300000000000000E+00
   2.183410718200000E+01   8.323684983600000E+01  -7.147813287400000E+01   2.288011352700000E-07   7.914099815300000E-03   5.629307137100000E-02   4.579990341200000E+01   2.300000000000000E+00
   2.281529713600000E+01   8.330018657799999E+01  -7.184212896299999E+01   2.249729237700000E-07   7.791967605100000E-03   5.392920478000000E-02   4.383024222800000E+01   2.300000000000000E+00
   2.379815706800000E+01   8.335927447300000E+01  -7.218631862500000E+01   2.215444363100000E-07   7.679551408000000E-03   5.177658030600000E-02   4.202006050800000E+01   2.300000000000000E+00
   2.478246882700000E+01   8.341454982300000E+01  -7.251274855900000E+01   2.184624978800000E-07   7.575708602000000E-03   4.980704054300000E-02   4.035110492700000E+01   2.300000000000000E+00
   2.499999999200000E+01   8.342627936700001E+01  -7.258260268399999E+01   2.178240738300000E-07   7.553836097800000E-03   4.939450464400000E-02   4.000000001300000E+01   2.300000000000000E+00

