   5.084034483200000E+00   6.569295527500000E+01   1.086009000100000E+00   6.712475663600000E-06   1.794853811500000E-01   9.864150220700000E-01   1.573553449800000E+03   2.300000000000000E+00
   5.084034483200000E+00   6.569295526700000E+01   1.086448583700000E+00   6.712243145900000E-06   1.794853343400000E-01   9.864156123900000E-01   1.573553449800000E+03   2.300000000000000E+00
   5.084034514500000E+00   6.569295525200000E+01   1.086448206300000E+00   6.712243131400000E-06   1.794853328500000E-01   9.864156120100001E-01   1.573553440100000E+03   2.300000000000000E+00
   5.084034673800000E+00   6.569295515400000E+01   1.086446144900000E+00   6.712243052300000E-06   1.794853259500000E-01   9.864156099100000E-01   1.573553390800000E+03   2.300000000000000E+00
   5.084034762800000E+00   6.569295509700000E+01   1.086075914700000E+00   6.712397963000000E-06   1.794855025300000E-01   9.864150441500000E-01   1.573553363300000E+03   2.300000000000000E+00
   5.084034883700000E+00   6.569295502200001E+01   1.086074240500000E+00   6.712397897700000E-06   1.794854962800000E-01   9.864150424400000E-01   1.573553325900000E+03   2.300000000000000E+00
   5.084035329500000E+00   6.569295474899999E+01   1.086069420800000E+00   6.712397721800000E-06   1.794854761800000E-01   9.864150375400000E-01   1.573553187900000E+03   2.300000000000000E+00
   5.084037090600000E+00   6.569295367200000E+01   1.086416945900000E+00   6.712473295900000E-06   1.794853737300000E-01   9.864155227700000E-01   1.573552642800000E+03   2.300000000000000E+00
   5.084062795600000E+00   6.569293794500000E+01   1.086122162600000E+00   6.712462305900000E-06   1.794841764900000E-01   9.864152226600000E-01   1.573544686900000E+03   2.300000000000000E+00
   5.084088501000000E+00   6.569292222000000E+01   1.085827064900000E+00   6.712451330300000E-06   1.794829799100000E-01   9.864149222200000E-01   1.573536731000000E+03   2.300000000000000E+00
   5.084462461800000E+00   6.569269378200001E+01   1.081395482300000E+00   6.712292975200000E-06   1.794656056100000E-01   9.864103162900000E-01   1.573420997800000E+03   2.300000000000000E+00
   5.084802526300000E+00   6.569248656700000E+01   1.077492302600000E+00   6.712147688100000E-06   1.794497772200000E-01   9.864063404500000E-01   1.573315769600000E+03   2.300000000000000E+00
   5.085111758700000E+00   6.569229856800000E+01   1.073943516900000E+00   6.712015533900000E-06   1.794353840900000E-01   9.864027245400000E-01   1.573220094200000E+03   2.300000000000000E+00
   5.085674191300000E+00   6.569195768300000E+01   1.066393713600000E+00   6.711773602300000E-06   1.794090799800000E-01   9.863953863700000E-01   1.573046109400000E+03   2.300000000000000E+00
   5.086185728400000E+00   6.569164881899999E+01   1.060527574700000E+00   6.711554778300000E-06   1.793852682700000E-01   9.863894036300001E-01   1.572887902100000E+03   2.300000000000000E+00
   5.086697479600000E+00   6.569134094100001E+01   1.054660368200000E+00   6.711335763400000E-06   1.793614472300000E-01   9.863834170400000E-01   1.572729660500000E+03   2.300000000000000E+00
   5.087038766400000E+00   6.569113624400001E+01   1.051819824200000E+00   6.711181584200000E-06   1.793456593700000E-01   9.863803773800000E-01   1.572624146900000E+03   2.300000000000000E+00
   5.087266343900000E+00   6.569100002400000E+01   1.049211127100000E+00   6.711084106600000E-06   1.793350670200000E-01   9.863777141000000E-01   1.572553795900000E+03   2.300000000000000E+00
   5.087418085900000E+00   6.569090931900000E+01   1.047471885100000E+00   6.711019100100000E-06   1.793280044300000E-01   9.863759381700000E-01   1.572506891500000E+03   2.300000000000000E+00
   5.087519256000000E+00   6.569084889800000E+01   1.045809397100000E+00   6.710967103400000E-06   1.793224767400000E-01   9.863743191600000E-01   1.572475620700000E+03   2.300000000000000E+00
   5.087569845100000E+00   6.569081870200000E+01   1.045229615000000E+00   6.710945427600000E-06   1.793201216700000E-01   9.863737270200000E-01   1.572459984500000E+03   2.300000000000000E+00
   5.087603572800000E+00   6.569079857700000E+01   1.044843060300000E+00   6.710930976500000E-06   1.793185515700000E-01   9.863733322100000E-01   1.572449560100000E+03   2.300000000000000E+00
   5.087626050900000E+00   6.569078516600000E+01   1.043532878900000E+00   6.710893368000000E-06   1.793183392300000E-01   9.863715901300000E-01   1.572442612700000E+03   2.300000000000000E+00
   5.087648536600000E+00   6.569077175400000E+01   1.043275111800000E+00   6.710883731300000E-06   1.793172927600000E-01   9.863713268099999E-01   1.572435663000000E+03   2.300000000000000E+00
   5.087668978800000E+00   6.569075956200000E+01   1.043040905600000E+00   6.710874963900000E-06   1.793163416800000E-01   9.863710875600000E-01   1.572429345000000E+03   2.300000000000000E+00
   5.087696231600000E+00   6.569074331100001E+01   1.043026760900000E+00   6.710885230100000E-06   1.793150392700000E-01   9.863710916100000E-01   1.572420922100000E+03   2.300000000000000E+00
   5.087723488800000E+00   6.569072706000000E+01   1.042714591300000E+00   6.710873562000000E-06   1.793137712000000E-01   9.863707727100000E-01   1.572412498000000E+03   2.300000000000000E+00
   5.087748268600000E+00   6.569071228999999E+01   1.042430273700000E+00   6.710862929100000E-06   1.793126172400000E-01   9.863704822500000E-01   1.572404839600000E+03   2.300000000000000E+00
   5.087797828100000E+00   6.569068275700000E+01   1.040729422400000E+00   6.710823322700000E-06   1.793096786700000E-01   9.863688626000000E-01   1.572389523000000E+03   2.300000000000000E+00
   5.087822609300000E+00   6.569066799300001E+01   1.040445090300000E+00   6.710812695200000E-06   1.793085250200000E-01   9.863685728100000E-01   1.572381864400000E+03   2.300000000000000E+00
   5.087847391100000E+00   6.569065323200000E+01   1.040161032400000E+00   6.710802080400000E-06   1.793073719500000E-01   9.863682827300000E-01   1.572374205600000E+03   2.300000000000000E+00
   5.087896959700000E+00   6.569062371299999E+01   1.041016640200000E+00   6.710803154000000E-06   1.793054672500000E-01   9.863694094100000E-01   1.572358886800000E+03   2.300000000000000E+00
   5.087996095200000E+00   6.569056471000000E+01   1.039880491000000E+00   6.710760695100000E-06   1.793008533300000E-01   9.863682485800001E-01   1.572328250700000E+03   2.300000000000000E+00
   5.088095238700000E+00   6.569050574500000E+01   1.038744872000000E+00   6.710718201400000E-06   1.792962377900000E-01   9.863670882000000E-01   1.572297613300000E+03   2.300000000000000E+00
   5.088293559300000E+00   6.569038791900000E+01   1.037152741600000E+00   6.710634553300000E-06   1.792872984800000E-01   9.863652510100001E-01   1.572236331600000E+03   2.300000000000000E+00
   5.089087124800000E+00   6.568991813400000E+01   1.028060236800000E+00   6.710294344700000E-06   1.792503663800000E-01   9.863559550500000E-01   1.571991165400000E+03   2.300000000000000E+00
   5.090531322300000E+00   6.568907009599999E+01   1.011522042900000E+00   6.709674532300000E-06   1.791831552300000E-01   9.863390297700000E-01   1.571545187200000E+03   2.300000000000000E+00
   5.096325211400000E+00   6.568575775399999E+01   9.457304199500000E-01   6.707161736900000E-06   1.789134618600000E-01   9.862715065400000E-01   1.569758535400000E+03   2.300000000000000E+00
   5.102145618600000E+00   6.568257535600000E+01   8.793660091400000E-01   6.704642718200000E-06   1.786426744600000E-01   9.862030156400000E-01   1.567967792000000E+03   2.300000000000000E+00
   5.107994851000000E+00   6.567952404800000E+01   8.128503952900000E-01   6.702098075300000E-06   1.783706152100000E-01   9.861340095900000E-01   1.566172291400000E+03   2.300000000000000E+00
   5.131667155500000E+00   6.566868445599999E+01   5.455066761900000E-01   6.691673545100000E-06   1.772704073400000E-01   9.858529729300000E-01   1.558947561800000E+03   2.300000000000000E+00
   5.155712959700000E+00   6.566016250000000E+01   2.770553723400000E-01   6.680864676600000E-06   1.761543062600000E-01   9.855647719700000E-01   1.551676763700000E+03   2.300000000000000E+00
   5.180084475400000E+00   6.565409227000001E+01   8.243864708200000E-03   6.669697224200000E-06   1.750249291000000E-01   9.852700117700000E-01   1.544376358700000E+03   2.300000000000000E+00
   5.204721569300000E+00   6.565058251000001E+01  -2.601387988300000E-01   6.657990112100000E-06   1.738852337800000E-01   9.849694996400000E-01   1.537065891700000E+03   2.300000000000000E+00
   5.227295468600000E+00   6.564967827500000E+01  -5.029734093200000E-01   6.647279715800000E-06   1.728430337200000E-01   9.846920111100000E-01   1.530428124500000E+03   2.300000000000000E+00
   5.250000000000000E+00   6.565098658399999E+01  -7.442104925200000E-01   6.636337981800000E-06   1.717968192200000E-01   9.844109766400000E-01   1.523809523800000E+03   2.300000000000000E+00
   5.272856702800000E+00   6.565453341200001E+01  -9.839960975199999E-01   6.625155638900000E-06   1.707457516300000E-01   9.841262377100000E-01   1.517204136400000E+03   2.300000000000000E+00
   5.295631617300000E+00   6.566027153600000E+01  -1.219917452100000E+00   6.613850300000000E-06   1.697006929000000E-01   9.838408627700000E-01   1.510679098900000E+03   2.300000000000000E+00
   5.320644342700000E+00   6.566907843700000E+01  -1.477051830700000E+00   6.601429803800000E-06   1.685564084700000E-01   9.835239910400000E-01   1.503577289700000E+03   2.300000000000000E+00
   5.348042288100000E+00   6.568169063600000E+01  -1.752606323100000E+00   6.587405836700000E-06   1.673057282000000E-01   9.831763248299999E-01   1.495874484400000E+03   2.300000000000000E+00
   5.377954733800000E+00   6.569893680900000E+01  -2.048599285900000E+00   6.571843404000000E-06   1.659443611400000E-01   9.827948996000000E-01   1.487554357700000E+03   2.300000000000000E+00
   5.410491026500000E+00   6.572172597900000E+01  -2.364556480500000E+00   6.554603687500000E-06   1.644684486300000E-01   9.823778858900000E-01   1.478608865800000E+03   2.300000000000000E+00
   5.445738188300000E+00   6.575102907300000E+01  -2.701124316400000E+00   6.535613353000000E-06   1.628755588800000E-01   9.819218538200000E-01   1.469038672700000E+03   2.300000000000000E+00
   5.483761461900000E+00   6.578785687900000E+01  -3.056997648500000E+00   6.514737207000000E-06   1.611638367400000E-01   9.814262045400000E-01   1.458852660800000E+03   2.300000000000000E+00
   5.524608018600000E+00   6.583323801200000E+01  -3.430951878400000E+00   6.491875061800000E-06   1.593325613100000E-01   9.808898951800000E-01   1.448066536700000E+03   2.300000000000000E+00
   5.568313131900000E+00   6.588820027200001E+01  -3.822578562900000E+00   6.466883349100000E-06   1.573819353000000E-01   9.803108838900000E-01   1.436700812400000E+03   2.300000000000000E+00
   5.614907629100000E+00   6.595375766100000E+01  -4.228578007200000E+00   6.439648529900000E-06   1.553114208400000E-01   9.796907531000000E-01   1.424778558900000E+03   2.300000000000000E+00
   5.664425122100000E+00   6.603090315000000E+01  -4.650736564100000E+00   6.410022279100000E-06   1.531208608200000E-01   9.790250474500000E-01   1.412323374000000E+03   2.300000000000000E+00
   5.716907913900000E+00   6.612060573399999E+01  -5.087356792700000E+00   6.377835587700000E-06   1.508092112000000E-01   9.783114917600000E-01   1.399357855800000E+03   2.300000000000000E+00
   5.772410974100000E+00   6.622380927200000E+01  -5.536997174300000E+00   6.342878139200000E-06   1.483756401000000E-01   9.775508803200000E-01   1.385902707900000E+03   2.300000000000000E+00
   5.831003950200000E+00   6.634143063000000E+01  -6.001246731900000E+00   6.304868548400000E-06   1.458159857400000E-01   9.767357347900000E-01   1.371976432900000E+03   2.300000000000000E+00
   5.892771663700000E+00   6.647435568400000E+01  -6.478767909200000E+00   6.263539459200000E-06   1.431296366700000E-01   9.758654142400000E-01   1.357595450200000E+03   2.300000000000000E+00
   5.957813895400000E+00   6.662343341000000E+01  -6.972307006200000E+00   6.218498053700000E-06   1.403098078200000E-01   9.749301531000000E-01   1.342774403600000E+03   2.300000000000000E+00
   6.026245528300000E+00   6.678947094300000E+01  -7.478397198600000E+00   6.169443740500000E-06   1.373530785300000E-01   9.739301869300000E-01   1.327526394800000E+03   2.300000000000000E+00
   6.098198549300000E+00   6.697323613400000E+01  -8.000174244500000E+00   6.115701212000000E-06   1.342529036400000E-01   9.728571958800000E-01   1.311862828900000E+03   2.300000000000000E+00
   6.173827686500000E+00   6.717547791600001E+01  -8.539933333000000E+00   6.056626213800000E-06   1.310031236000000E-01   9.716976743900000E-01   1.295792562800000E+03   2.300000000000000E+00
   6.253321347800000E+00   6.739697642800000E+01  -9.099068303399999E+00   5.991466338900000E-06   1.275958560700000E-01   9.704423988100001E-01   1.279320149300000E+03   2.300000000000000E+00
   6.329455029100000E+00   6.761671762300000E+01  -9.627965489099999E+00   5.925896883100000E-06   1.243411173700000E-01   9.692012196699999E-01   1.263931880900000E+03   2.300000000000000E+00
   6.402679931100000E+00   6.783431163600000E+01  -1.013057778100000E+01   5.859730545900000E-06   1.212188683900000E-01   9.679706184100000E-01   1.249476795000000E+03   2.300000000000000E+00
   6.438296504700000E+00   6.794216587900000E+01  -1.037453770800000E+01   5.826357659300000E-06   1.197032548900000E-01   9.673548638900000E-01   1.242564705400000E+03   2.300000000000000E+00
   6.455869740100000E+00   6.799583659699999E+01  -1.049333256300000E+01   5.809638183700000E-06   1.189564515800000E-01   9.670510413100000E-01   1.239182375400000E+03   2.300000000000000E+00
   6.473299221200000E+00   6.804935441200000E+01  -1.061135084500000E+01   5.792844376900000E-06   1.182160576700000E-01   9.667462916000000E-01   1.235845853300000E+03   2.300000000000000E+00
   6.481961892100000E+00   6.807605690200000E+01  -1.067027244300000E+01   5.784412707100000E-06   1.178485138300000E-01   9.665933088300001E-01   1.234194235200000E+03   2.300000000000000E+00
   6.490590604400000E+00   6.810272167100000E+01  -1.072900254200000E+01   5.775966640500000E-06   1.174823041600000E-01   9.664398320900000E-01   1.232553474400000E+03   2.300000000000000E+00
   6.499186168000000E+00   6.812934943899999E+01  -1.078756510500000E+01   5.767524371400000E-06   1.171174138200000E-01   9.662860630600000E-01   1.230923348400000E+03   2.300000000000000E+00
   6.501329899100000E+00   6.813600045699999E+01  -1.080174054300000E+01   5.765409427000000E-06   1.170269392300000E-01   9.662485293500001E-01   1.230517467100000E+03   2.300000000000000E+00
   6.503471581500000E+00   6.814264909500000E+01  -1.081631436300000E+01   5.763290602100000E-06   1.169361395300000E-01   9.662101045800000E-01   1.230112240800000E+03   2.300000000000000E+00
   6.505611239700000E+00   6.814929540500000E+01  -1.083074941000000E+01   5.761170452000000E-06   1.168454200100000E-01   9.661716610600000E-01   1.229707663900000E+03   2.300000000000000E+00
   6.507748879300000E+00   6.815593937600001E+01  -1.084470125600000E+01   5.759038859900000E-06   1.167547927000000E-01   9.661346901100000E-01   1.229303734400000E+03   2.300000000000000E+00
   6.509884512400000E+00   6.816258102099999E+01  -1.085916197100000E+01   5.756914973200000E-06   1.166642957600000E-01   9.660964302000000E-01   1.228900449000000E+03   2.300000000000000E+00
   6.512231397100000E+00   6.816988413200001E+01  -1.087505748900000E+01   5.754577107200000E-06   1.165648410500000E-01   9.660543222700000E-01   1.228457576600000E+03   2.300000000000000E+00
   6.514810189400000E+00   6.817791428500000E+01  -1.089241151800000E+01   5.751869385700000E-06   1.164555651000000E-01   9.660080855800000E-01   1.227971309600000E+03   2.300000000000000E+00
   6.517386075900000E+00   6.818594100900000E+01  -1.090981325900000E+01   5.749290461100000E-06   1.163464174400000E-01   9.659618598900001E-01   1.227485974700000E+03   2.300000000000000E+00
   6.519959071000000E+00   6.819396429400000E+01  -1.092720118400000E+01   5.746733410400000E-06   1.162373846400000E-01   9.659156056400000E-01   1.227001567500000E+03   2.300000000000000E+00
   6.522529185200000E+00   6.820198413300000E+01  -1.094539702900000E+01   5.744330650900000E-06   1.161283853900000E-01   9.658664178300000E-01   1.226518084200000E+03   2.300000000000000E+00
   6.523235464500000E+00   6.820418898100000E+01  -1.095012999500000E+01   5.743622992800000E-06   1.160984929200000E-01   9.658537974000000E-01   1.226385287400000E+03   2.300000000000000E+00
   6.523429652800000E+00   6.820479526800000E+01  -1.095143134800000E+01   5.743428355600000E-06   1.160902740700000E-01   9.658503265000000E-01   1.226348780600000E+03   2.300000000000000E+00
   6.523623823600000E+00   6.820540153400000E+01  -1.095234834400000E+01   5.743216834900000E-06   1.160821631300000E-01   9.658480370600000E-01   1.226312279200000E+03   2.300000000000000E+00
   6.523915050600000E+00   6.820631089800000E+01  -1.095430420200000E+01   5.742925394000000E-06   1.160698323800000E-01   9.658428194400001E-01   1.226257536800000E+03   2.300000000000000E+00
   6.524351822300000E+00   6.820767486000000E+01  -1.095723765700000E+01   5.742488186800000E-06   1.160513389800000E-01   9.658349923400000E-01   1.226175445200000E+03   2.300000000000000E+00
   6.524515592100000E+00   6.820818632500000E+01  -1.095796640600000E+01   5.742332588300000E-06   1.160443992200000E-01   9.658333816000000E-01   1.226144667300000E+03   2.300000000000000E+00
   6.524556532400000E+00   6.820831418700000E+01  -1.095824261000000E+01   5.742291575200000E-06   1.160426648100000E-01   9.658326444999999E-01   1.226136973500000E+03   2.300000000000000E+00
   6.524597471800000E+00   6.820844204900000E+01  -1.095851864900000E+01   5.742250583500000E-06   1.160409301100000E-01   9.658319078099999E-01   1.226129279900000E+03   2.300000000000000E+00
   6.524597471800000E+00   6.820844206400000E+01  -1.095880070500000E+01   5.742249511300000E-06   1.160409531800000E-01   9.658308625200001E-01   1.226129279900000E+03   2.300000000000000E+00

