1 2.2999999999999998 7.3917966523000000 1.0000000000000000 0.1000000100000000 0.0000000000000000 0.0000000000000000 0.0000000000000000 0.0000000000000000 0.0000000000000000 0.0000000000000000 270.5702137200000266
2 2.2999999999999998 7.3919405784999999 1.0000000000000000 0.1000000100000000 0.0000000000000000 0.0000000000000000 0.0000000000000000 0.0000000000000000 0.0000000000000000 0.0000000000000000 270.5649455299999886
3 2.2999999999999998 7.3922873208000004 1.0000000000000000 0.1000000100000000 0.0000000000000000 0.0000000000000000 0.0000000000000000 0.0000000000000000 0.0000000000000000 0.0000000000000000 270.5522544300000050
4 2.2999999999999998 7.3930407407000001 1.0000000000000000 0.1000000100000000 0.0000000000000000 0.0000000000000000 0.0000000000000000 0.0000000000000000 0.0000000000000000 0.0000000000000000 270.5246826200000214
5 2.2999999999999998 7.3946338199000001 1.0000000000000000 0.1000000100000000 0.0000000000000000 0.0000000000000000 0.0000000000000000 0.0000000000000000 0.0000000000000000 0.0000000000000000 270.4664015399999926
6 2.2999999999999998 7.3967975714999996 1.0000000000000000 0.1000000100000000 0.0000000000000000 0.0000000000000000 0.0000000000000000 0.0000000000000000 0.0000000000000000 0.0000000000000000 270.3872832399999879
7 2.2999999999999998 7.3997426544999998 1.0000000000000000 0.1000000100000000 0.0000000000000000 0.0000000000000000 0.0000000000000000 0.0000000000000000 0.0000000000000000 0.0000000000000000 270.2796696300000008
8 2.2999999999999998 7.4034927043999996 1.0000000000000000 0.1000000100000000 0.0000000000000000 0.0000000000000000 0.0000000000000000 0.0000000000000000 0.0000000000000000 0.0000000000000000 270.1427663700000039
9 2.2999999999999998 7.4082147478999998 1.0000000000000000 0.1000000100000000 0.0000000000000000 0.0000000000000000 0.0000000000000000 0.0000000000000000 0.0000000000000000 0.0000000000000000 269.9705756500000007
10 2.2999999999999998 7.4137348686999998 1.0000000000000000 0.1000000100000000 0.0000000000000000 0.0000000000000000 0.0000000000000000 0.0000000000000000 0.0000000000000000 0.0000000000000000 269.7695608799999718
11 2.2999999999999998 7.4196421463000002 1.0000000000000000 0.1000000100000000 0.0000000000000000 0.0000000000000000 0.0000000000000000 0.0000000000000000 0.0000000000000000 0.0000000000000000 269.5547791299999858
12 2.2999999999999998 7.4265875222000002 1.0000000000000000 0.1000000100000000 0.0000000000000000 0.0000000000000000 0.0000000000000000 0.0000000000000000 0.0000000000000000 0.0000000000000000 269.3026903699999934
13 2.2999999999999998 7.4337934326999999 1.0000000000000000 0.1000000100000000 0.0000000000000000 0.0000000000000000 0.0000000000000000 0.0000000000000000 0.0000000000000000 0.0000000000000000 269.0416431500000272
14 2.2999999999999998 7.4412611178999999 1.0000000000000000 0.1000000100000000 0.0000000000000000 0.0000000000000000 0.0000000000000000 0.0000000000000000 0.0000000000000000 0.0000000000000000 268.7716461399999730
15 2.2999999999999998 7.4489887887000004 1.0000000000000000 0.1000000100000000 0.0000000000000000 0.0000000000000000 0.0000000000000000 0.0000000000000000 0.0000000000000000 0.0000000000000000 268.4928191899999774
16 2.2999999999999998 7.4569706061999996 1.0000000000000000 0.1000000100000000 0.0000000000000000 0.0000000000000000 0.0000000000000000 0.0000000000000000 0.0000000000000000 0.0000000000000000 268.2054289399999902
17 2.2999999999999998 7.4651952532000001 1.0000000000000000 0.1000000100000000 0.0000000000000000 0.0000000000000000 0.0000000000000000 0.0000000000000000 0.0000000000000000 0.0000000000000000 267.9099383399999965
18 2.2999999999999998 7.4736440629000001 1.0000000000000000 0.1000000100000000 0.0000000000000000 0.0000000000000000 0.0000000000000000 0.0000000000000000 0.0000000000000000 0.0000000000000000 267.6070713500000124
19 2.2999999999999998 7.4822890158000002 1.0000000000000000 0.1000000100000000 0.0000000000000000 0.0000000000000000 0.0000000000000000 0.0000000000000000 0.0000000000000000 0.0000000000000000 267.2978811400000154
20 2.2999999999999998 7.4910904143000003 1.0000000000000000 0.1000000100000000 0.0000000000000000 0.0000000000000000 0.0000000000000000 0.0000000000000000 0.0000000000000000 0.0000000000000000 266.9838287100000116
21 2.2999999999999998 7.5012265981999997 1.0000000000000000 0.1000000100000000 0.0000000000000000 0.0000000000000000 0.0000000000000000 0.0000000000000000 0.0000000000000000 0.0000000000000000 266.6230614199999991
22 2.2999999999999998 7.5102161105000000 1.0000000000000000 0.1000000100000000 0.0000000000000000 0.0000000000000000 0.0000000000000000 0.0000000000000000 0.0000000000000000 0.0000000000000000 266.3039212900000052
23 2.2999999999999998 7.5197274519999997 1.0000000000000000 0.1000000100000000 0.0000000000000000 0.0000000000000000 0.0000000000000000 0.0000000000000000 0.0000000000000000 0.0000000000000000 265.9670862799999895
24 2.2999999999999998 7.5364885980000000 1.0000000000000000 0.1000000100000000 0.0000000000000000 0.0000000000000000 0.0000000000000000 0.0000000000000000 0.0000000000000000 0.0000000000000000 265.3755756400000223
25 2.2999999999999998 7.5484866465999998 1.0000000000000000 0.1000000100000000 0.0000000000000000 0.0000000000000000 0.0000000000000000 0.0000000000000000 0.0000000000000000 0.0000000000000000 264.9537706899999989
26 2.2999999999999998 7.5555161270999998 1.0000000000000000 0.1000000100000000 0.0000000000000000 0.0000000000000000 0.0000000000000000 0.0000000000000000 0.0000000000000000 0.0000000000000000 264.7072637200000145
27 2.2999999999999998 7.5609156541999996 1.0000000000000000 0.1000000100000000 0.0000000000000000 0.0000000000000000 0.0000000000000000 0.0000000000000000 0.0000000000000000 0.0000000000000000 264.5182265600000164
28 2.2999999999999998 7.5651489234999998 1.0000000000000000 0.1000000100000000 0.0000000000000000 0.0000000000000000 0.0000000000000000 0.0000000000000000 0.0000000000000000 0.0000000000000000 264.3702087300000017
29 2.2999999999999998 7.5686581053999999 1.0000000000000000 0.1000000100000000 0.0000000000000000 0.0000000000000000 0.0000000000000000 0.0000000000000000 0.0000000000000000 0.0000000000000000 264.2476344099999892
30 2.2999999999999998 7.5721583198999998 1.0000000000000000 0.1000000100000000 0.0000000000000000 0.0000000000000000 0.0000000000000000 0.0000000000000000 0.0000000000000000 0.0000000000000000 264.1254864900000143
31 2.2999999999999998 7.5747192343999998 1.0000000000000000 0.1000000100000000 0.0000000000000000 0.0000000000000000 0.0000000000000000 0.0000000000000000 0.0000000000000000 0.0000000000000000 264.0361890799999856
32 2.2999999999999998 6.6329650230999997 1.0000000000000000 0.1000000100000000 0.0000000000000000 0.0000000000000000 0.0000000000000000 0.0000000000000000 0.0000000000000000 0.0000000000000000 301.5242795699999760
33 2.2999999999999998 5.0211110624000002 1.0000000000000000 0.1000000100000000 0.0000000000000000 0.0000000000000000 0.0000000000000000 0.0000000000000000 0.0000000000000000 0.0000000000000000 398.3182158600000093
34 2.2999999999999998 2.0409740974999999 1.0000000000000000 0.1000000100000000 0.0000000000000000 0.0000000000000000 0.0000000000000000 0.0000000000000000 0.0000000000000000 0.0000000000000000 979.9242442400000073
35 2.2999999999999998 5.0213209256000004 1.0000000000000000 0.1000000100000000 0.0000000000000000 0.0000000000000000 0.0000000000000000 0.0000000000000000 0.0000000000000000 0.0000000000000000 398.3015683799999920
36 2.2999999999999998 6.6324909787999999 1.0000000000000000 0.1000000100000000 0.0000000000000000 0.0000000000000000 0.0000000000000000 0.0000000000000000 0.0000000000000000 0.0000000000000000 301.5458304300000236
37 2.2999999999999998 7.5747446509999996 1.0000000000000000 0.1000000100000000 0.0000000000000000 0.0000000000000000 0.0000000000000000 0.0000000000000000 0.0000000000000000 0.0000000000000000 264.0353031199999805
38 2.2999999999999998 7.5723736918000002 1.0000000000000000 0.1000000100000000 0.0000000000000000 0.0000000000000000 0.0000000000000000 0.0000000000000000 0.0000000000000000 0.0000000000000000 264.1179742799999985
39 2.2999999999999998 7.5688253053999999 1.0000000000000000 0.1000000100000000 0.0000000000000000 0.0000000000000000 0.0000000000000000 0.0000000000000000 0.0000000000000000 0.0000000000000000 264.2417970199999786
40 2.2999999999999998 7.5653532850999996 1.0000000000000000 0.1000000100000000 0.0000000000000000 0.0000000000000000 0.0000000000000000 0.0000000000000000 0.0000000000000000 0.0000000000000000 264.3630673399999864
41 2.2999999999999998 7.5611713867999999 1.0000000000000000 0.1000000100000000 0.0000000000000000 0.0000000000000000 0.0000000000000000 0.0000000000000000 0.0000000000000000 0.0000000000000000 264.5092800699999884
42 2.2999999999999998 7.5558067098999997 1.0000000000000000 0.1000000100000000 0.0000000000000000 0.0000000000000000 0.0000000000000000 0.0000000000000000 0.0000000000000000 0.0000000000000000 264.6970835500000021
43 2.2999999999999998 7.5487731841999999 1.0000000000000000 0.1000000100000000 0.0000000000000000 0.0000000000000000 0.0000000000000000 0.0000000000000000 0.0000000000000000 0.0000000000000000 264.9437135300000250
44 2.2999999999999998 7.5376378596000002 1.0000000000000000 0.1000000100000000 0.0000000000000000 0.0000000000000000 0.0000000000000000 0.0000000000000000 0.0000000000000000 0.0000000000000000 265.3351139000000103
45 2.2999999999999998 7.5206298903000004 1.0000000000000000 0.1000000100000000 0.0000000000000000 0.0000000000000000 0.0000000000000000 0.0000000000000000 0.0000000000000000 0.0000000000000000 265.9351715399999989
46 2.2999999999999998 7.5106106970999997 1.0000000000000000 0.1000000100000000 0.0000000000000000 0.0000000000000000 0.0000000000000000 0.0000000000000000 0.0000000000000000 0.0000000000000000 266.2899304300000267
47 2.2999999999999998 7.5009148436000004 1.0000000000000000 0.1000000100000000 0.0000000000000000 0.0000000000000000 0.0000000000000000 0.0000000000000000 0.0000000000000000 0.0000000000000000 266.6341428599999972
48 2.2999999999999998 7.4921135322000003 1.0000000000000000 0.1000000100000000 0.0000000000000000 0.0000000000000000 0.0000000000000000 0.0000000000000000 0.0000000000000000 0.0000000000000000 266.9473695799999859
49 2.2999999999999998 7.4834301326999997 1.0000000000000000 0.1000000100000000 0.0000000000000000 0.0000000000000000 0.0000000000000000 0.0000000000000000 0.0000000000000000 0.0000000000000000 267.2571220099999891
50 2.2999999999999998 7.4748925127000003 1.0000000000000000 0.1000000100000000 0.0000000000000000 0.0000000000000000 0.0000000000000000 0.0000000000000000 0.0000000000000000 0.0000000000000000 267.5623758599999746
51 2.2999999999999998 7.4665402792000002 1.0000000000000000 0.1000000100000000 0.0000000000000000 0.0000000000000000 0.0000000000000000 0.0000000000000000 0.0000000000000000 0.0000000000000000 267.8616769199999794
52 2.2999999999999998 7.4584018314999998 1.0000000000000000 0.1000000100000000 0.0000000000000000 0.0000000000000000 0.0000000000000000 0.0000000000000000 0.0000000000000000 0.0000000000000000 268.1539618200000064
53 2.2999999999999998 7.4504962612999996 1.0000000000000000 0.1000000100000000 0.0000000000000000 0.0000000000000000 0.0000000000000000 0.0000000000000000 0.0000000000000000 0.0000000000000000 268.4384945499999731
54 2.2999999999999998 7.4428355483999997 1.0000000000000000 0.1000000100000000 0.0000000000000000 0.0000000000000000 0.0000000000000000 0.0000000000000000 0.0000000000000000 0.0000000000000000 268.7147911600000043
55 2.2999999999999998 7.4354261906000003 1.0000000000000000 0.1000000100000000 0.0000000000000000 0.0000000000000000 0.0000000000000000 0.0000000000000000 0.0000000000000000 0.0000000000000000 268.9825638400000116
56 2.2999999999999998 7.4282706064999999 1.0000000000000000 0.1000000100000000 0.0000000000000000 0.0000000000000000 0.0000000000000000 0.0000000000000000 0.0000000000000000 0.0000000000000000 269.2416722500000219
57 2.2999999999999998 7.4213682181999996 1.0000000000000000 0.1000000100000000 0.0000000000000000 0.0000000000000000 0.0000000000000000 0.0000000000000000 0.0000000000000000 0.0000000000000000 269.4920857199999773
58 2.2999999999999998 7.4151669245000003 1.0000000000000000 0.1000000100000000 0.0000000000000000 0.0000000000000000 0.0000000000000000 0.0000000000000000 0.0000000000000000 0.0000000000000000 269.7174615700000118
59 2.2999999999999998 7.4094823993999999 1.0000000000000000 0.1000000100000000 0.0000000000000000 0.0000000000000000 0.0000000000000000 0.0000000000000000 0.0000000000000000 0.0000000000000000 269.9243877200000270
60 2.2999999999999998 7.4046217382000004 1.0000000000000000 0.1000000100000000 0.0000000000000000 0.0000000000000000 0.0000000000000000 0.0000000000000000 0.0000000000000000 0.0000000000000000 270.1015758400000095
61 2.2999999999999998 7.3998628282999999 1.0000000000000000 0.1000000100000000 0.0000000000000000 0.0000000000000000 0.0000000000000000 0.0000000000000000 0.0000000000000000 0.0000000000000000 270.2752802900000120
62 2.2999999999999998 7.3972198723000000 1.0000000000000000 0.1000000100000000 0.0000000000000000 0.0000000000000000 0.0000000000000000 0.0000000000000000 0.0000000000000000 0.0000000000000000 270.3718470599999932
63 2.2999999999999998 7.3949874400000004 1.0000000000000000 0.1000000100000000 0.0000000000000000 0.0000000000000000 0.0000000000000000 0.0000000000000000 0.0000000000000000 0.0000000000000000 270.4534681399999840
64 2.2999999999999998 7.3931994445999996 1.0000000000000000 0.1000000100000000 0.0000000000000000 0.0000000000000000 0.0000000000000000 0.0000000000000000 0.0000000000000000 0.0000000000000000 270.5188754800000197
65 2.2999999999999998 7.3931243372999997 1.0000000000000000 0.1000000100000000 0.0000000000000000 0.0000000000000000 0.0000000000000000 0.0000000000000000 0.0000000000000000 0.0000000000000000 270.5216237099999717
