288.09380787817236
261.7067935071549
263.63429485561505
263.38822754422904
263.41395254276495
263.40941143482996
263.41054973331893
263.41128911027363
263.4098538818753
263.41086601425013
263.4106221781767
263.41145719151336
263.41017701663714
263.41098440484075
263.4108579025624
263.4109139520724
263.4100751160504
263.41079900312434
263.410012751001
263.4109422395577
263.4115769559212
263.41082784208083
263.4109540961399
263.4103758080546
263.41088321032476
263.410677339245
263.4107862018227
263.4091009306667
263.41095908450916
263.41129114461364
263.40972827669793
263.4105121852044
263.40973171014593
263.4116853353189
263.41067171765826
263.4110804262709
263.41099801862583
263.4112360344916
263.41071362259027
263.4107089058234
263.4108904311106
263.4103354693216
263.40960302249005
263.4102646937972
263.41087254462036
263.41065248774976
263.4105567879851
263.41082942261346
263.4095023470327
263.409641426937
263.4117547186179
263.41097562668074
263.40947653726835
263.4113932882901
263.409905019038
263.41116484358645
263.41136796952196
263.40974570140315
263.4110940634673
263.4109658135094
263.409991237193
263.41033383037575
263.40996907157023
263.41114289627876
263.4112768140985
263.4106063336949
263.41117715815926
263.410067140343
263.41056312252476
263.4104612173687
263.4116858974812
263.4109283815633
263.4112356209007
263.4106942342696
263.41135950707394
263.41047033970244
263.41104537138744
263.410779384918
263.4109963916926
263.4097555595363
263.41068040674145
263.40988786173693
263.41145318283816
263.410318546441
263.4108867443865
263.41088122688234
263.4110783290089
263.409987828265
263.4104328434987
263.41054124788934
263.4104596967518
263.4105432604629
263.4106533212471
263.41106050623057
263.40949529087084
263.41040456148767
263.4106447949016
263.4102474667088
263.41103261551325
263.41103179011407
263.4107260214878
263.41074987715547
263.4112415405034
263.41070585187845
263.4109304767335
263.4103451430128
263.4105047514313
263.41119752043596
263.4105440212152
263.41104828729294
263.41007322398946
263.4102739647715
263.4106680607729
263.409631626535
263.41089210363134
263.4105079917281
263.41025350073323
263.41022283533675
263.411120740966
263.4102530191667
263.410955192252
263.41122464245564
263.4111601480181
263.40957536161295
263.4107168711125
263.4108801535185
263.41047845522553
263.41136017037934
263.4109038713432
263.41046917342464
263.41084944587783
263.41020417901746
263.4108632743737
263.4108229625417
263.4106696474191
263.4106118669588
263.4112249786267
263.4102199928602
263.41045565313834
263.4107447772258
263.410609700295
263.4104119081312
263.4107734691788
263.4104161537107
263.4107737868908
263.4106352776289
263.4111010298511
263.4108053569653
263.41036868307856
263.410344967182
263.4104919691599
263.41024434403516
263.4098866459972
263.4112996275944
263.41094339806295
263.41098564233107
263.41066761397815
263.4103346962074
263.4100896959426
263.4108229468693
263.41004167527717
263.4108834753861
263.4106013790297
263.4105938189314
263.4107013340399
263.40989341524255
263.4108471598156
263.41091094492003
263.41056179176667
263.41084749493166
263.4109258936369
263.4118307061872
263.41111548691697
263.41020395985106
263.41103449823277
263.41039814070973
263.41048088821117
263.4113961056282
263.4102116709255
263.41103420713625
263.41053514198575
263.41043814696604
263.41099905921146
263.4106230019679
263.41096793382894
263.41090533629176
263.41106123963255
263.4099910279183
263.41049572896736
263.4102671443543
263.41143004756304
263.4100219914544
263.410869334577
263.4101642406458
263.4113827714755
263.4101719180617
263.4112820142618
263.41000150644686
263.41073935927125
263.41059142450104
