288.3192647990694
253.24536595317477
257.6040359900521
256.75491602812576
256.89033248199553
256.8653914584065
256.8703863068963
256.8690380101307
256.8695826713433
256.86973508573465
256.86839023932316
256.869508629361
256.86892324739256
256.8694074799387
256.8691402648237
256.8699588981308
256.8695986581506
256.8695619370628
256.8699016190949
256.8686748305481
256.8683117769415
256.8694216561162
256.869022564073
256.8696183238335
256.8696331557949
256.86941398703857
256.8698818250614
256.8692536827548
256.86863607745363
256.87004786803664
256.86943739869093
256.86877268998614
256.869122087317
256.86931310673026
256.86972257568596
256.8691667347557
256.86963124162867
256.86945371484035
256.8692905360622
256.86969369806684
256.86958490763936
256.8692331712373
256.8693570234136
256.8693353905037
256.8689658835465
256.8695750740626
256.8697767991616
256.86868843479897
256.8696670696445
256.86877069208276
256.87011040585276
256.869619218538
256.8693614213371
256.8699278438253
256.8693425626989
256.8691164655247
256.8698124874536
256.869129641138
256.8697092559232
256.86895797622856
256.8692718042694
256.8698510327449
256.8693344316598
256.8689628135071
256.86931147517316
256.868888948542
256.86955155270334
256.8692899782145
256.8696449054987
256.8698170141033
256.8691293682532
256.8698246995882
256.86919658157785
256.8680804427713
256.8699047039845
256.86940492915164
256.86962952384056
256.8693870190764
256.8686978214173
256.86975781221554
256.8691448846512
256.86948635601584
256.86901262716856
256.86928185631405
256.8683685441283
256.8696955895066
256.8690106095819
256.8683261636834
256.86922289461654
256.86962051487353
256.86942846205056
256.86928504461684
256.8691492706057
256.86847703137755
256.86988453504455
256.86878104268544
256.86921890675876
256.86976784725266
256.8693371015106
256.8696894773093
256.8689958806135
256.86955192833557
256.8691950686698
256.8692464790438
256.8697871283948
256.8692588275808
256.8697708414111
256.8698778232356
256.8690687909766
256.86895895760244
256.86975729197
256.86892483619886
256.8691438870519
256.86881835974054
256.8695372515285
256.86924945040664
256.8700811608578
256.86891075463063
256.8691109688298
256.87000310522853
256.8690763688355
256.8696077138593
256.86970693571493
256.8685274012314
256.86918929664535
256.8692228852815
256.8696102584581
256.8691351312009
256.86916806036606
256.8697244819923
256.86994917869015
256.8693046905828
256.8689119188566
256.86952127563563
256.86953211881337
256.8696560922617
256.86984064830904
256.8690973460034
256.8698332569693
256.86893671080907
256.86902442343126
256.86967334533983
256.86919060921355
256.86945805377036
256.8693638882178
256.86992616821954
256.86866914828715
256.8697380472295
256.8691392406763
256.86912596631737
256.8689120156632
256.86910915923363
256.86995307735924
256.8692102574132
256.86979421235446
256.86970045024646
256.869481108326
256.86940481787315
256.8684914268815
256.869351224188
256.86880347991246
256.8695982127829
256.86895375102176
256.8696465022076
256.8695940047619
256.8690580256807
256.8695508008386
256.86913390764676
256.86846922813857
256.8697607106733
256.86924142781936
256.86948739088257
256.8694442564156
256.86889626797347
256.8694185470522
256.8692292144551
256.8692708052695
256.86887288314756
256.8700121348229
256.8696489078575
256.8699286165647
256.8696675215615
256.8689916153962
256.8698313024797
256.86863763169094
256.87019733848865
256.869482312075
256.8680789872451
256.8689583097148
256.8697472777276
256.86903718179383
256.86919790106185
256.86934743203165
256.86821858030453
256.8686797161499
256.8700895421207
256.8691237031162
256.8696725295158
256.86921548465034
256.86945316147467
256.86936713357863
256.8692733738426
256.86838224767416
256.8692111658893
256.8696400432382
256.86867586495646
256.8698244397965
256.8683879211749
256.86905370304885
256.8697460432013
256.8697939431295
256.86954255732417
256.87002652019146
256.8692914645362
256.8695250310848
256.86822810341255
256.86949736150564
256.8696603126591
256.8692988517869
256.86961874605913
256.86996168053884
