288.01210871452486
217.4293135932204
247.88706810799204
235.88634568964494
240.12544751303244
238.53699330293966
239.10596865609523
238.89793516136342
238.9735253283984
238.9449896553565
238.95623959294744
238.95262338020984
238.9528429180973
238.95334773153718
238.953149179285
238.9530958002524
238.95249926751603
238.95361086010598
238.95321896266614
238.95255422908212
238.95367615675696
238.95268032149852
238.95287065495177
238.95268043345823
238.95231315016827
238.9531112941968
238.95223001354134
238.95346644294477
238.95310041698394
238.95314049764966
238.95305226721757
238.95315653289072
238.9513853582812
238.95406779933728
238.95247518761425
238.95328940395302
238.95328375613644
238.95272094344728
238.95272525871223
238.95264143745771
238.95328328957112
238.95306394920226
238.95339785355645
238.95318075897376
238.95280931263733
238.9528867078734
238.95254583156566
238.9531505681225
238.95272307471532
238.95285578761104
238.9525110037648
238.95339161203447
238.95175472496703
238.95365456501895
238.95252235836233
238.95347162440157
238.9530295212062
238.95226563631513
238.9528791341254
238.95273343143344
238.95346726957723
238.95154368341537
238.95363917083887
238.95335692807566
238.95331801216162
238.95275530639628
238.95321658213288
238.95297071962705
238.9533098020911
238.95275420663893
238.95299881725077
238.95249413735655
238.9534860458116
238.95322194120672
238.95203299008426
238.95423921840484
238.952401260005
238.9529415586294
238.9531958291227
238.95345858966903
238.95295291579168
238.95256532441272
238.953733358896
238.95262082058252
238.9518407792275
238.95318364723062
238.9525320373723
238.95228448899434
238.95346575770964
238.9533145215064
238.9523931658041
238.9515420817479
238.95359361775627
238.95311565313023
238.95236067222868
238.95250746382226
238.95366924648988
238.95268179082632
238.95293443698029
238.95359573536552
238.95254184085934
238.95320394973533
238.9532980506483
238.95328086394147
238.9529859084214
238.95309166376683
238.95272329584986
238.95270760940912
238.95223238618928
238.95402601754176
238.9526386546786
238.95348455743806
238.95295699439157
238.9528871919465
238.95297958784795
238.9534037948979
238.9533512569542
238.95231462689117
238.95367923257436
238.95255828643712
238.95340838353877
238.95261539002968
238.95284718594485
238.95295305315813
238.95290475951333
238.9523428582179
238.95337763710268
238.95335601925035
238.95180774402252
238.95332535008492
238.95142584235873
238.9534953287075
238.9526033923321
238.9527833546599
238.95324143492326
238.95336805524857
238.9530443279873
238.9527582330411
238.95336800496443
238.9528437060726
238.9533881148891
238.95296404928376
238.952415865926
238.95376886831218
238.95284757437912
238.95346491830423
238.95320788089157
238.95287608842773
238.95316282565182
238.9524151121659
238.95339031536423
238.95251340554387
238.9533100373519
238.95342583582533
238.95328805311146
238.95317185272143
238.95308618148556
238.95299968534528
238.9523551478851
238.95178155559552
238.95378110309684
238.9520269364657
238.95333034326904
238.95305282540357
238.95328955572768
238.95241828324652
238.95408745374152
238.95230162282678
238.95339952016366
238.95310413039988
238.9534636663666
238.95260100277665
238.95344982930692
238.95252767718193
238.95256571291247
238.9527249916573
238.95195015525678
238.95326021718938
238.95302903648553
238.9524859808007
238.95260835827503
238.95324423541024
238.9529806368373
238.95261538375053
238.95333731327264
238.95283300352457
238.9533137503604
238.95242277158832
238.9527949581825
238.95250631497765
238.95318823351408
238.95321996958228
238.95291523629567
238.95324831460312
238.95277478678327
238.95327057107352
238.95275928112096
238.9532697542163
238.9533606471814
238.95258185264538
238.95359159780492
238.9528708753205
238.9533226670319
238.95342207176145
238.9529675093654
238.9532854338031
238.95264593712636
238.95322870244854
238.9524180337903
238.95299377258925
238.9529719267739
238.95347367347858
238.95290201737953
238.95346920097654
238.9527787107072
238.952905863247
238.95352867954352
238.95227832441742
238.95320098131197
238.95326467939594
238.95215139312495
238.95328031315876
238.95109633618267
238.95424218960397
238.95313433287083
238.95214208106336
238.9536068111047
238.9526887890097
238.95344186625152
238.95274218347913
238.95315228003892
238.95354935986688
238.9531640977657
238.95297461468726
238.95279495664
238.95313280231494
238.9535212320916
238.95265201909933
238.95298358310538
238.95344237344398
238.9524273545685
238.95325813855743
238.9528983135824
238.95283902536903
238.95335551079188
238.95346980760223
238.95314461219823
238.9524542599247
238.95312685616955
238.95290623007168
238.95182649268827
238.95334909278608
238.95297631126596
238.95294979288883
238.95344495978497
238.953206243983
238.95291473074758
238.9532060095662
238.9528337733209
238.95314403573866
238.95251264271792
238.95286184651195
238.95252136372437
238.9532131554588
238.95307598693762
238.95318295665493
238.95297868535272
238.9523257870751
238.95363204553723
238.9530374581518
238.9523819017195
238.95353493375296
238.95321955434338
238.9528742153052
