288.0093545456686
215.38621706502306
248.10641936020158
234.99698609051438
239.76776416302437
237.93293931377616
238.60830491187517
238.3552113504993
238.44907649148672
238.4139563568042
238.4271916687867
238.42267040982006
238.42421837610618
238.42331481577003
238.42345724894312
238.42398653089276
238.42321769062892
238.42384074922484
238.4231648142313
238.42366210968885
238.4232063698082
238.42376169813906
238.42345903168643
238.42327252439281
238.423796400868
238.4235901169177
238.42363100201328
238.42383577762666
238.42331898064185
238.42299845285743
238.4233962977578
238.42393938655368
238.4238727785596
238.42341776469402
238.42346498060397
238.4231103776474
238.4238666699257
238.42368004884702
238.422975942598
238.42427778734782
238.42345456640032
238.4234564001781
238.42229046425928
238.42327504513196
238.42341455875976
238.42260883687413
238.4239505792175
238.42326794785185
238.42374495804324
238.423111071741
238.42303988673666
238.42371845977686
238.42347573261213
238.42317785572232
238.42373053903066
238.42390135403912
238.42371607683526
238.42356830512654
238.42362322695772
238.42336992416676
238.42331464022936
238.4241106360023
238.42346089689454
238.4232581307915
238.42396966135857
238.42375795667976
238.42359081559334
238.42268124881957
238.42367954322253
238.42390474555577
238.423280440933
238.4238974318505
238.4228870321058
238.4238663200813
238.423144288623
238.423996329926
238.4233401419151
238.42363871323687
238.42375194758642
238.42390476003857
238.4235701236139
238.42374839158947
238.4231215117179
238.42348581108308
238.42382848693887
238.423659770604
238.42378064206423
238.42380502760352
238.42227561022082
238.4244023398387
238.42337559234875
238.42314265397727
238.42349510350323
238.42307702758262
238.42379355651792
238.42328626322706
238.42308593867347
238.42337712220615
238.42260755413008
238.4241605335701
238.42309842393297
238.42394764223718
238.42370567554462
238.42357642060233
238.4226177762539
238.42349258967442
238.42356300458778
238.42181867435283
238.42314865677326
238.42387065446383
238.42338504179497
238.4240820907071
238.4228000929943
238.42341628784197
238.42240009761736
238.424526976567
238.42276526096248
238.42325132025871
238.42333127160236
238.4233937580575
238.42374743814435
238.42380909165513
238.4229091346424
238.4247112623416
238.4227232567282
238.42360133990587
238.4232777867801
238.42411738874944
238.42334676291648
238.42347875872656
238.42363850490074
238.42334396931983
238.42345498740906
238.42373336658056
238.42338586264668
238.4227645692954
238.4235669841437
238.42334764089173
238.4237190932472
238.4234353834472
238.4238821365143
238.42409432770364
238.42377694325842
238.42358691764093
238.42389162624022
238.42340008643805
238.42414235400793
238.42337809065793
238.42318434549816
238.42358334057644
238.4231421082368
238.42437611157948
238.42315569843777
238.42398842385592
238.42294701006904
238.42406548990402
238.421940799577
238.4236043703495
238.4237769053725
238.42344252358453
238.4236553496885
238.42394000018976
238.4235550155281
238.42297189572855
238.42303208079102
238.4244461444614
238.4233157749186
238.42341352257063
238.42392182775075
238.42382240542793
238.42329219351086
238.42257748100383
238.4240002252045
238.423602271665
238.42296518335934
238.42371826114686
238.42352380660304
238.4238386483339
238.42213998372608
238.4242840758816
238.42319114830025
238.42379137905664
238.42366601859976
238.42362795858935
238.42355927760946
238.42373617530393
238.42320580381784
238.42397330570384
238.42286835717096
238.42386959277792
238.42298243603727
238.42289703767165
238.42375388849177
238.42372321523726
238.42294198583113
238.42350736474327
238.4229658257682
238.42342774484132
238.42387736568344
238.42330315615982
238.4235555435589
238.42197081362247
238.42393453160184
238.42352355460753
238.4237256890774
238.4238300959987
238.42315188485372
238.42364769984852
238.42357866934617
238.42179018871684
238.42412005574442
238.42345365229994
238.4240836774552
238.42327828089765
238.4240865107131
238.42268385166244
238.42401336888724
238.42298735535587
238.42359234539617
238.4229312430689
238.42407557784463
238.4240151028207
238.42372387215437
238.42237703184946
238.42401025774598
238.4228331706836
238.42411686031846
238.42372015837464
238.42308616597438
238.4227578361606
238.4239283811039
238.42255655700865
238.42407831513265
238.42353353601357
238.42378097648907
238.4237825262535
238.42322967690416
238.42354388731474
238.42350908760272
238.42421121134248
238.42329518641054
238.42331421066774
238.42313259806542
238.42366352847603
238.4226671844226
238.42369828672963
238.42373792915896
238.42269370796566
238.4242395491019
238.42378762623412
238.42324475241185
238.42307918913139
238.4233812399616
238.4224437065568
238.4240823552973
238.42295210713928
238.42429477257247
238.4240118383168
238.42356897309946
238.423203704544
238.42350804460875
238.42358808778226
238.42410780244973
238.42390298370447
238.4239156699332
238.42325437093677
238.42361845211417
238.4237902813329
238.423804135542
238.42323686144664
238.423916313448
238.42351642009453
238.42395217352896
238.4234968896344
238.42356371018104
238.4221470286284
