288.10594754504103
195.25975880218596
253.6069126223639
226.81200363013886
240.01284595020138
233.6290944235377
236.69209941194367
235.21383654841839
235.92451052885826
235.58230968502585
235.74672579549997
235.66757909760008
235.70580389140105
235.6874171843756
235.69604679751956
235.69150891632853
235.694204947481
235.69297917292624
235.69314962321369
235.6928939396821
235.6935962042662
235.69283254337006
235.6936371029824
235.6932052618722
235.69345914633413
235.69319882227683
235.6935178444437
235.69204444242132
235.69406904860443
235.69299075756317
235.69331178225912
235.69361791261144
235.69261150498278
235.69327762117064
235.69327704596253
235.6935167221236
235.69336548071078
235.69322637478945
235.69357121859684
235.69324205120756
235.69344182512032
235.69316402291952
235.6932342274922
235.69341884818823
235.693341147924
235.69322682934217
235.69334892712686
235.6932972362556
235.69316803428592
235.6930186417194
235.69354620241938
235.69346286017026
235.69285173367825
235.6935721034315
235.69278692660737
235.69312841396095
235.69314654853588
235.69365579657824
235.69292434707677
235.69349313031853
235.6929031601394
235.69369478793305
235.69293086381003
235.69347013688093
235.6932047573464
235.69318454999302
235.69330761153833
235.6932223362237
235.69242102016142
235.69411414362912
235.6928881018539
235.69343231556195
235.69306743185734
235.6935420425034
235.69298892681036
235.6933685586555
235.69336414251666
235.69326222741074
235.6929760092171
235.69357598461647
235.69303002299057
235.69332766316802
235.69244271341086
235.69350658079202
235.6931346264646
235.69349706417415
235.69328614861297
235.69326408426787
235.6933367538586
235.6933323006524
235.69325515439414
235.6930634784767
235.6933649288694
235.6933341844706
235.69301258538326
235.69335338904057
235.69338411417266
235.69299663681886
235.69332270219456
235.69308562772494
235.69333605804422
235.69313717507612
235.6926232544065
235.69377935033845
235.6926296050733
235.6937507868497
235.6929741381391
235.69346373373992
235.69311105724773
235.6931379646776
235.6934402653278
235.69337373779126
235.69291245760542
235.69347606215888
235.69280278819497
235.69356161502947
235.6931097532797
235.69334164184693
235.69298626080854
235.69319630842074
235.6934202512639
235.6932475641588
235.69324070927541
235.69346747644886
235.69311008084333
235.69342109897843
235.6927620703791
235.69359436893865
235.69312873051967
235.69348012356204
235.69337399186043
235.6931922931326
235.69307711989677
235.69333512624144
235.69293584217667
235.69350286661938
235.6930671751834
235.69267010512704
235.69360840023
235.69320170237188
235.6933157110543
235.69312864603853
235.6935877765427
235.69309318449086
235.6934694260126
235.69334011316096
235.6928483498632
235.69366186921252
235.69322890586045
235.69325823119289
235.69335781235714
235.69306520969985
235.6935970597333
235.6929443205372
235.69341632494616
235.6931710023564
235.69346396577748
235.69315382821515
235.69265085701772
235.69385031305137
235.69303346655943
235.69349895561027
235.69232212246425
235.69409986498067
235.69249067935743
235.69382925281388
235.69308438948792
235.6934165223647
235.69339414365822
235.69337076794181
235.693242386551
235.69308869155793
235.69325178256986
235.69351954768354
235.69303398208285
235.69362173042464
235.69297545363952
235.6937951646978
235.69318624155858
235.69283961397014
235.69376279405697
235.69307012912031
235.69363137861365
235.69301818498934
235.69314058980672
235.69313826829602
235.6932345686655
235.69328339470667
235.69330101030937
235.6932815535256
235.69302347178746
235.69352627449553
235.69302200025413
235.69325362662494
235.69340928908787
235.6932386182889
235.69336687396572
235.69278647378087
235.69339360402955
235.69340461070533
235.6934146193089
235.69335675674665
235.6924231821322
235.6939432285144
235.69166200722975
235.69416499420186
235.69284216323285
235.6936603732902
235.69318210807978
235.69307833327912
235.69297217710118
235.6933568280656
235.69305329720373
235.69336327225028
235.69335812106146
235.693362371283
235.6931512682495
235.6932988702174
235.69323410825746
235.69336825869686
235.69340850180015
235.6932594009122
235.69327638206596
235.69325618060248
235.69341017831175
235.69285595946712
235.69367826181406
235.69317982989014
235.6928215962107
235.69363381018047
235.69303756301815
235.69333695386013
235.69323798801634
235.69342742895242
235.6929032024782
235.6935192435485
235.6930291319295
235.69339501090872
235.6929960270354
235.6933152390411
235.69315560873656
235.69343748183746
235.69323260424426
235.69337386710686
235.69325085365563
235.6934596310457
235.69327678934496
235.69312381040072
235.69330908422126
235.69344540382735
235.69343247945653
235.69291110837366
235.69348866214568
235.69324911780132
235.69330480690405
235.69319134319085
235.6934665319859
235.69334571389481
235.6934694320953
235.69329033483518
235.69317502493504
235.69342678709654
235.6933943189215
235.69311445421772
235.69338976104336
235.69336226108135
235.69313042798603
235.69333925683168
235.69285261898767
235.6937867446395
235.69234586099628
235.69397180495434
235.69303652532108
235.69338593262364
235.69327251720824
235.69301775106578
235.693438956092
235.69296437168668
235.6934918436018
235.69301398571406
235.69356869132025
235.69302996485203
235.69334829307627
235.6933907695493
