287.7303404212349
249.17719660381283
83.22658806023003
227.16158608078752
165.89088450718282
247.6805145774572
85.54798567935313
225.9653766122949
168.91587187917503
246.94016482408188
86.882665026405
225.14508294777397
171.26474456968526
246.2558507458407
88.28123833628251
224.063040472352
175.18241064934864
244.82151886671545
91.64312740599416
220.63508839868427
187.60332467369608
239.16340480163672
107.36580255693207
153.23716626506666
248.86356514734507
96.89939212360878
261.56466083788564
59.4509294689733
237.78597367850216
117.59977308580164
75.72088378793887
240.4432940718898
108.822647058445
131.97970645259193
257.9436369237792
66.40393591723841
235.1636727382247
131.8270420198678
256.56388495377723
67.9002687060638
235.17892842106994
125.75085272674369
53.50250591082113
246.83103493027556
89.4797010418406
220.819848160716
196.04674459680973
231.65093837945642
145.9245088959051
253.54452069086074
73.27441758246277
233.08259921274475
134.6358850132001
40.04183382118936
249.25552721749045
82.40428492677347
228.0234732273293
160.4698073832369
249.68459070385143
80.87398744463462
229.2988621929817
152.19273185650673
252.38450736525192
75.30607508211324
232.32821337318273
137.06511856355428
20.87529030268888
252.41368307138873
76.16583227263982
231.3159452115833
145.75850111957334
253.72137298044254
72.91376192531607
233.28086578585862
133.45277838772017
40.41123129037078
249.35353837946968
82.3684424714047
227.88428877187107
162.1052211249189
249.02401332689624
82.4265361352409
228.24791604947677
157.7822098103279
250.71080087777955
78.60682887040457
230.67201509068036
144.99247566710255
254.30181614056346
71.77653889814974
233.85025807205966
130.2171805125472
44.09522818485857
248.66565423817156
84.68904447467503
225.50024212952485
177.26781441968342
242.51177330786595
100.73338590934873
193.9928984103899
233.092846537078
156.48282614105483
248.93799922994003
85.70112293116472
222.52929041273455
195.57034916746488
230.07796500781478
161.80294127541129
247.71518495781856
87.45644689333858
222.48569547512307
191.0292770092019
234.75368388173592
132.10410119450535
256.82817110650285
67.47390664745762
235.40081782596462
124.20929032712593
56.65973561268038
245.64481331108254
94.12919735487594
208.07057927061032
224.64198106514232
173.5569982977213
245.01006109260925
91.50759294817908
220.51623429346364
188.9634839727005
238.21592411550955
110.92808666057317
121.46959397862156
257.5545746982425
69.54220602899659
222.63499341216811
209.4877419098666
188.17502421815152
241.2143393138249
98.72003088910424
208.48613162477704
212.92660094461462
221.0841421938967
175.66013804268005
245.16329342938116
89.71848209364543
223.27116018735978
175.09835968192056
245.3692009733204
89.72921038790082
223.09276400064118
177.06058844709332
244.38320929717156
92.31627396425029
220.08274289323163
188.25313502674544
239.0719462807465
107.12513516959734
156.23764702711196
247.56771487142396
102.80006352555938
260.3706417674475
61.502954541909276
236.93779550168256
122.42109387306118
258.5085326455228
64.59157784962736
236.34487841378723
120.77046271880681
65.91510005406599
242.53644027128757
106.21974066762778
125.74292899025022
34.381326941649604
267.689186054733
49.60793910595385
239.13044825281395
123.98928900557075
256.88935572900664
67.69786360274884
234.68532321100793
132.05469117967732
256.6694520461897
67.72705525024503
235.28198921462172
124.93383809778607
55.04997989034746
246.2595206373153
91.69765434932197
216.42124302814045
209.89085465229437
217.13669857048808
205.21995795913972
222.01509822453954
191.78251643706608
233.39930322486907
140.24458764878364
254.735721403129
71.13520186479582
233.92095057065308
131.29914271195594
44.466635182718164
248.64846718951594
83.97181171737611
226.83904543175595
166.98443408070307
247.36097543455253
86.22449779121962
225.47213577818184
170.92050109559204
246.22086780627433
88.56055075635959
223.67581530005555
177.3926159441762
243.79732710966346
94.4091411866466
216.6650669538867
199.4739979537335
231.85094716179447
134.3858126922496
20.157299655402312
251.3093958909376
80.70978635742358
217.75631100358441
215.8729561420114
179.1522822596162
244.49671411474992
91.1234822555416
221.55577013496804
183.6520751453645
241.28822259784647
100.75011880723468
200.36841035169346
223.66195162306394
203.75376593878173
217.3157965446153
212.11281133523153
205.81134744505835
225.2693032489551
165.6168752649537
248.25112888734293
83.48188939817192
227.8927278831543
157.27695997770206
251.12338180434017
77.65824779318064
231.25926501295908
141.61362408832792
14.302914342231816
252.38064907248918
76.06568812523619
231.5409000956206
143.58815040093032
254.38107122987276
71.68904329498764
233.82957518949843
130.71350024644198
43.70039555702533
248.8025341080429
84.07784953327791
226.2960929097535
171.9970803007236
245.0629362881955
92.63862201242591
218.0156428018454
199.95391916136577
230.15747422587447
147.10481601845095
253.7199863657297
72.81378069804487
233.42794176632742
131.98072783685348
41.10416447093303
249.27474232665554
83.00179594488873
227.00981192756444
168.83741248249135
246.2653407407779
89.50562620340497
221.94453440295183
187.48513908998575
238.24787994001235
112.88408969063312
103.58373312826734
262.5572690138215
57.959422148778685
238.17053394613322
117.89993229658285
78.08969658134447
239.95151931763394
107.09507188441057
159.4468305319606
246.8080490253924
105.7916617753217
259.8395336100657
62.485766850513755
236.5306097609864
124.63829417865782
258.11289274078445
65.34618139578379
236.10859954603075
121.5150496452261
63.762102250155294
243.2023071594449
103.7551782681112
134.32751785079017
20.58703317171603
269.52505816736084
46.43972033660975
241.2046004913136
108.58561877890315
112.66894921846688
118.98583816965402
254.62862275348743
86.44025606257492
261.7183367507532
59.49369791999925
237.0312471344805
126.0956108320388
257.45961998568964
66.35962849686621
235.673822445533
124.18273018827313
57.23403877824603
246.02085717047157
91.6268066822231
218.19548437539197
203.350617133372
225.84734803096217
173.44875386620697
244.08561983732216
95.65552614138869
212.13410703887348
213.2973187832249
216.3654002227704
201.49853427428752
227.71880731235433
160.76413580036024
249.35729859943967
81.60413557653374
228.7925822174584
154.8545571246359
251.6056274532457
76.81184044136899
231.60273196853814
140.4991605549585
21.304503812047187
251.757692743573
77.32017602586711
230.92913231329294
146.32277178570803
253.72279069277283
72.87612424997496
233.34099008595513
132.86908290878637
40.52796766156098
249.38609597133473
82.45288782773423
227.67994630038447
163.9473980201874
248.28454288074863
84.22741556736582
226.91239205992315
164.7488494405843
248.38973253034055
83.593073121825
227.62094659938884
159.93801447442092
250.15439316877746
79.67805159199634
230.1335621855833
147.29909069635323
253.76393254827417
72.7377450713393
233.46887559792958
131.80586842469347
41.38006582976959
249.21698216407094
83.16284022017499
226.8700419497618
169.6616693156393
245.92363346825005
90.4373756689165
220.8430873852485
191.5594920651638
235.84051033679862
122.18010696138663
62.21721969760256
240.79425722568703
125.13869507177151
255.5353431985568
71.83949068494258
230.9168609498738
162.75563593604602
246.1929124361195
94.51858146299492
188.58110317106184
241.9851566649886
96.0393561105011
215.97723600146128
193.90663141364348
237.40368800739816
109.64606932575407
136.74570900663093
252.1355445649242
88.37820267475036
262.56654259120114
57.78943314825301
238.27636641275603
115.96859895452508
81.27143023857207
237.90329158522945
118.87570769523154
73.17221198488551
235.96871604734042
157.5179707473726
