288.00531350821376
209.21910563144547
249.04583207827636
232.47224780467832
238.99023850638355
236.32265587469124
237.37117870915563
236.9511537965418
237.117006098199
237.05109072583718
237.07727670522172
237.0668785462185
237.07112088882968
237.06936466574916
237.0700381420711
237.06989104871172
237.07022514380242
237.0699985763331
237.0698219144797
237.07016114558246
237.06999211132643
237.0695802870896
237.06961430369483
237.0699533625393
237.07006448784523
237.0695078190838
237.0705304241783
237.06959543364246
237.0698307787061
237.07007473783415
237.06949866341347
237.0702252646388
237.07003039982555
237.0702787203736
237.06993499432974
237.06989970819814
237.06980380622008
237.07033974850128
237.070167129541
237.0692459971724
237.07028788479147
237.0701528622012
237.0700243567626
237.06996256957427
237.07016338572066
237.06967179546882
237.07123507753568
237.0688644637121
237.07028217956395
237.07007403639727
237.07018200003586
237.07001450525786
237.07045155816377
237.06948500443832
237.07011881128346
237.06956881820224
237.0702446692885
237.07027590628422
237.07025249053913
237.07012787899293
237.07012174514966
237.0701776623864
237.07010075685685
237.0696429291711
237.07013271769392
237.0698919711358
237.06964260416862
237.07018793839234
237.0700586356179
237.06973085716163
237.07029287765909
237.07043469010387
237.07017827437448
237.07011076083654
237.07021477982562
237.07093274651925
237.06947333223798
237.06885482799044
237.07038084337182
237.07019551801204
237.07056336652386
237.06954703831798
237.0702089334336
237.0701243303265
237.07029055024032
237.06993793610673
237.0699918759601
237.06999961657857
237.07032336633347
237.06992409935629
237.07023669526097
237.06976237984418
237.06972273742576
237.0682225817436
237.07118536434427
237.06966980138532
237.0694325365548
237.0696684433933
237.07020588794694
237.0683391847706
237.07080319847591
237.06928561574023
237.07087471451086
237.06946682858688
237.0696151444572
237.0696117053085
237.07029194858478
237.07005330101674
237.06987589805067
237.06984819029458
237.06968130986934
237.07001485624642
237.06982144342328
237.0699979755227
237.0698866416642
237.06983246980963
237.0692994741039
237.07023175773065
237.06992576517223
237.06951792284963
237.06885666960443
237.07039530290785
237.06978237332078
237.06987296638545
237.0700869734137
237.0692216262105
237.0703609723496
237.07006651392294
237.06943507027609
237.06938089156756
237.07040664229135
237.06811980525526
237.0711359570123
237.06916660068964
237.06978808024724
237.0699213327025
237.06970778000687
237.07032415905996
237.0699116996766
237.07027203701
237.07023622174165
237.06996574530785
237.07031726637797
237.06911966516782
237.07024655029818
237.07039597789117
237.0682776072572
237.07079328295367
237.06977849712712
237.07037221120117
237.069373307364
237.07072044979577
237.06988065362384
237.06922966981074
237.0700046123602
237.06976299536473
237.07002886526607
237.0695486452023
237.07009879846737
237.06969522048894
237.0704414375723
237.07025536592118
237.0697540297624
237.06850966688216
237.07028506457573
237.0694358031833
237.06952397433633
237.07021262455964
237.06976715355995
237.07002812761493
237.06909513051505
237.06956312173133
237.06973512237892
237.0698233832154
237.06963358126086
237.06958589835267
237.07037434680387
237.0686442433871
237.0687170625606
237.0703999020334
237.06941698471928
237.070099209428
237.0702045051803
237.06921946017974
237.06974725685723
237.0705328957847
237.06964213773608
237.07027662305336
237.06997959206637
237.07033171443618
237.07018629585218
237.0705107334361
237.06979158839385
237.07010257690854
237.06953486010025
237.0703986992885
237.07000572961988
237.06861671843217
237.07055813730403
237.06961097058957
237.06961231210153
237.0697179626295
237.0708233056066
237.06953399475606
237.07015368991415
237.07002229703357
237.07012554405082
237.06961124150257
237.06951034760277
237.06993452919414
237.0703915332124
237.06988080692827
237.0702180111839
237.06989486141538
237.06972937953833
237.06980159151135
237.07043619109027
237.06944737336016
237.07016968971584
237.06942633981816
237.07055593465338
237.06913710276422
237.0696803774772
237.0704858784011
237.0698849784094
237.06961484903877
237.07016852122615
237.07051038528152
237.0696299775882
237.06872031519015
237.0705842947209
237.06972876671352
237.07071235256444
237.06983527395641
237.06935847648128
237.07043620447803
237.069696856488
237.07017207192257
237.07001422384928
237.07017280044965
237.06958220675006
237.07067988025665
237.06908818442025
237.07096972037107
237.06974073620222
237.07042375284072
237.06967814225936
237.06962419077172
237.0705236542126
237.07015136055998
237.0700159915432
237.0696740829444
237.07006391813047
237.06937257171376
237.0697746770602
237.07042416096374
237.0696665931464
237.0696026932419
237.07010270297178
237.06971767937648
237.07046612308477
237.06995515919698
237.0693208622106
237.07061429596797
237.07002281594032
237.07086812065972
237.0684131225862
237.07040761463577
237.0700800083432
237.07027454534546
237.0696475738514
237.07049322073
237.06979080049496
237.07046137552243
237.0692490265792
237.06998035761353
237.0694958581298
237.07023119139194
237.07003929842904
