287.9489579443755
272.3106966931251
64.50805726617295
267.5586066249771
72.5770777411426
266.55492936623796
74.79231409220165
266.216991606811
75.65360102316163
266.07536272375
76.03603274263332
266.01091500855955
76.2133270606978
265.981394330227
76.29520234457141
265.9678311785756
76.33227376374907
265.9616901355903
76.34886761336838
265.95829492018675
76.35928760617207
265.9569922095052
76.36294123507196
265.9568329885187
76.36327758228708
265.9569957638114
76.36302107692245
265.95670867671106
76.36381269280719
265.95631177960786
76.3647921567208
265.95671935893006
76.36347558134912
265.9563134827913
76.36493728936875
265.95667073394
76.36406917310342
265.9565162820836
76.36416805535009
265.9560997838853
76.36548940001194
265.9564086386963
76.36432771805266
265.95658293231463
76.36396735433118
265.95653435480745
76.36290018344698
265.9567695387577
76.36363342755976
265.9568243980957
76.36325971659062
265.95658150522104
76.36446792679271
265.9570560283264
76.36264595924149
265.9568653270726
76.36338304425954
265.9568658098142
76.36323813139097
265.956715307766
76.36339350713024
265.95667572302045
76.36380098650261
265.9562280430837
76.36491572091472
265.9566503597962
76.36401661742639
265.95642140326163
76.3644381616723
265.95588241596124
76.3657685589169
265.9567176591154
76.3637505394363
265.9567939746994
76.36401827349982
265.9565946494731
76.363998446388
265.95691931956026
76.3631430495152
265.956383088851
76.36619839368723
265.95631655347825
76.36430537003253
265.95605814284136
76.36514797391283
265.9556308021638
76.36653542314161
265.9553091357229
76.36773314753736
265.95633294537765
76.36458709777071
265.95536776668814
76.3672771932761
265.95563844011485
76.36820696043287
265.9555404468483
76.36553748385268
265.9565851379266
76.3640295145633
265.95678284751557
76.36379781313008
265.9557588634125
76.36666268418412
265.955962868753
76.36534454249704
265.95644799503134
76.3658873128079
265.9565218407588
76.3642786997807
265.9562809192721
76.36536036472535
265.9564824013796
76.36437858324643
265.956511921926
76.36423460726655
265.95675924826355
76.36346144391428
265.9561998704885
76.36508335046528
265.9563861687784
76.36460782001814
265.9559613164529
76.36663379423408
265.9567483001447
76.36356206721393
265.9565036332351
76.36437727553857
265.95599643672904
76.36592284349899
265.9558761621811
76.36603917086177
265.9566624031431
76.36327422127215
265.95689752219914
76.36269707416795
265.95600003817526
76.36543467068987
265.956327385029
76.36482573476678
265.95641297691327
76.36459746905894
265.95620341603353
76.36515084879647
265.9563158250239
76.36461098528525
265.95612918859115
76.36506463732803
265.9566550186646
76.36396041580883
265.9561224852805
76.36678117456177
265.9567551960863
76.36342164725647
265.95637754292693
76.36440604650124
265.956414509732
76.36445243271737
265.9563442370563
76.36475158888061
265.95672558532533
76.36348217337945
265.9563818774186
76.36418127736397
265.9559095455552
76.36632288558758
265.9559887876894
76.36646450843546
265.95586514199385
76.36586077001994
265.955903086513
76.36584087330993
265.9563449806301
76.3647151035475
265.9562791880744
76.36488153016398
265.95644600498053
76.3647421158239
265.956615725765
76.36404056514584
265.9569521402809
76.36328526279249
265.9569801428079
76.36283071600337
265.95671099553874
76.36365429050784
265.95674719304225
76.36337287001516
265.95673565762263
76.36364118445636
265.9569981095483
76.36308913108951
265.957055015715
76.3629240666196
265.9567981283617
76.36313621320733
265.95665754700167
76.36383385297813
265.9565887071949
76.36399905434519
265.95614963497064
76.36508239760587
265.95639807111
76.3646097906967
265.9565038593719
76.36411788654368
265.9563489372158
76.36455794811627
265.95682607892377
76.36357563258935
265.95706441615766
76.36282318635494
265.9564031320333
76.3642796498898
265.956264652581
76.36534908824979
265.9562610911962
76.36357572380803
265.95696230613976
76.36308057783754
265.9569444277149
76.36284719967807
265.95646835525986
76.36339984895312
265.9565484446648
76.36421141173923
265.9563513722387
76.36505550309084
265.9564810289885
76.364445669009
265.95674687398423
76.36361298967677
265.95588282405515
76.36536682653241
265.956394206165
76.36428515451553
265.95673208161315
76.36376621075033
265.956735478263
76.36344094327069
265.95680461220036
76.36322257666325
265.9569025920355
76.363051262917
265.956910134817
76.36338973985403
265.9563276351546
76.36490084593242
265.95671623400995
76.36403280384548
265.95683614378504
76.36260180351383
265.95691298476595
76.3631786453916
265.95675422356
76.36364815218258
265.9561995342083
76.36493232721114
265.95659747498576
76.36414961414994
265.9564537822007
76.36453195603099
265.95626867798273
76.36495700277737
265.9564240595646
76.36439934112423
265.95649451881764
76.36392400709155
265.95651223507593
76.3644367519446
265.9563892491424
76.36430022168497
265.95632791031676
76.36451740226767
265.9563357922307
76.36507382475247
265.9566250583157
76.36370628231089
265.956674396366
76.36238913320994
265.9564567228226
76.36414112179773
265.9565774919902
76.36369867366739
265.95703591125493
76.36271724963444
265.9562772930949
76.36468626679562
265.9563996802608
76.36437628930435
265.95660362676426
76.36402161436854
265.9565025572374
76.36428047483787
265.9557498246868
76.36662086576689
265.9559172959125
76.365700049937
265.95625810521597
76.36473874520743
265.95630122412695
76.36520492192358
265.956360075259
76.36471475970757
265.95647091987485
76.36418685446552
265.95628724423295
76.36300492458395
265.95692110885284
76.36315658966487
265.95687402687327
76.3633801478718
265.9565546914673
76.36445348411507
265.956700304494
76.36351722822292
265.9562032962858
76.36483522246999
265.9562739563262
76.36486223783868
265.956706715966
76.36377208425256
265.9564460795518
76.36425303586293
265.9568134705769
76.3632557578967
265.95683872315567
76.3637204686529
265.9566193253704
76.36377035304031
265.9561923711444
76.36481030986761
