287.9270444731981
268.6779775600254
269.4312479640803
269.3824173894377
269.38590538521385
269.38436720528944
269.3852247953023
269.3858980601881
269.38644085979377
269.3855619648766
269.38633040885907
269.3857975683377
269.38569673400707
269.3843778246219
269.3857539501487
269.3861778830287
269.3862635623682
269.38521687792854
269.3858535307809
269.38586251516244
269.3846832699819
269.38481124491227
269.38560257550307
269.38599503321893
269.3858369215159
269.38586871345797
269.38558506056324
269.3848442068629
269.3841622533673
269.3849568480855
269.38586241892335
269.3849550929881
269.3856704331847
269.38623964633007
269.3847421165847
269.38539234596465
269.3858223035277
269.3857147406088
269.3850652381261
269.3858087171793
269.38566233358506
269.3857475161167
269.3850475745203
269.38537643961536
269.38597656934144
269.3857016530055
269.38602255503065
269.3857387055032
269.38509924339814
269.38507492134886
269.38492466094976
269.3854532107689
269.3859614830544
269.38544042669673
269.38619686300444
269.38563506205173
269.3855936810978
269.38550872713677
269.38485735929135
269.3855471649731
269.3858476341047
269.3853758215264
269.38540418612683
269.38565324340743
269.3863443194132
269.38581385938596
269.38463516654883
269.38605336986075
269.385386382055
269.3855571778986
269.3852042836661
269.38634519545303
269.3854929756635
269.3853582859447
269.3855623222771
269.3862102058192
269.3857240846264
269.3855319812574
269.3857880153082
269.38627091843955
269.3858405140709
269.38581028635963
269.385123820648
269.38485367949033
269.3858159816591
269.3851253954781
269.3859727857998
269.3860129238674
269.3861650552644
269.385239302821
269.3856793534869
269.38446891064086
269.3858926806424
269.38623371599533
269.3859364650125
269.3859278908494
269.38532941489393
269.3854468225036
269.3842658441863
269.38592109642195
269.38641546513827
269.38557500713796
269.38547379647207
269.38597164551175
269.3861372877582
269.38549715852423
269.3853752815048
269.3856220995658
269.38592791162955
269.38560266840796
269.3850501990237
269.38570323380554
269.38574189907376
269.3853263821584
269.38594814368844
269.38598215290403
269.38537354173604
269.3852321784725
269.3857478346181
269.38500370482507
269.38442805522936
269.38510171632515
269.38595080620144
269.38480698977946
269.38570354944386
269.38512909064593
269.38388619641773
269.38585929121473
269.385314874904
269.3859866355051
269.385894736115
269.38523834627995
269.38502862020687
269.38737413304625
269.3845374935481
269.38581850990886
269.3852148687147
269.38488821679493
269.38590068678604
269.38661173841683
269.3849964457622
269.38586107309675
269.3861022272613
269.38583751927945
269.38462939338933
269.38644270482473
269.38407005224144
269.3856930683105
269.3861511351861
269.38514445952023
269.38592815879383
269.3851301951654
269.38659008333343
269.38513696641894
269.38643787484034
269.3845796157839
269.3855856295995
269.38543109429884
269.3860820452537
269.3854007814807
269.38564944799873
269.3858224068681
269.3850989852799
269.3863051063672
269.38518248472246
269.3861106508848
269.38578842826246
269.38604872950236
269.3860777292575
269.38542147612316
269.38577659362636
269.3857513540279
269.3851878238347
269.38553609803785
269.384063008838
269.38577363913646
269.3857951851969
269.3858704431186
269.38560421064903
