288.1881470772839
219.28450145896312
248.88242419163817
236.76757413398127
241.3519643144757
239.52360004081333
240.2326769890742
239.95359009135336
240.06287032250293
240.019749462037
240.03696512938495
240.0301333230209
240.0326558700126
240.03169811559292
240.03218430694233
240.03115576522032
240.03230087321754
240.03180097102722
240.03215923341395
240.03186589395955
240.03229325071425
240.0313040372157
240.03220926311224
240.03134221433538
240.0324182943168
240.0318583725184
240.03212815698862
240.03201759114745
240.03180772806263
240.0322700575889
240.03202760126624
240.03213276996212
240.031852190883
240.0314858312795
240.032047206465
240.03207629093959
240.03215934231775
240.03195601451262
240.03208377951523
240.03217087388293
240.03184867888922
240.03225370682048
240.03184703411898
240.0319892780426
240.03187934774724
240.03234412793245
240.03193773016392
240.03207105422916
240.03181160963868
240.03231768143087
240.03185670188032
240.03210064785162
240.03209741332103
240.03219045600054
240.03212140097094
240.03211790799833
240.03210143637625
240.03176538669868
240.03155960678487
240.03207573125474
240.0321531058762
240.0319686196999
240.0317745119246
240.031929026125
240.03195640360354
240.03228617774948
240.03153729394762
240.03219607683423
240.03210679150288
240.03141767681154
240.0317776471129
240.03208387969062
240.03195393000715
240.0321427902345
240.03214536349333
240.03168315254516
240.03249723701447
240.03205167326087
240.03177871087973
240.0322974258088
240.03178947185006
240.03210520552966
240.03180544367933
240.03212560661996
240.03194816387986
240.03210088154447
240.03215109594385
240.03194921768227
240.03205541384523
240.03109663187206
240.03206223857705
240.03234298044117
240.03209942329704
240.03162402474118
240.03196276407834
240.03211430597003
240.03073345640587
240.03183367636666
240.03223514535057
240.0321107626296
240.0307373987962
240.032963786427
240.03144846312352
240.03202833349496
240.03199433699774
240.0321274533926
240.03093416192132
240.03204075290705
240.03201859851106
240.03184534889442
240.03215726655617
240.03184218939714
240.03224975309422
240.03141888520622
240.03244877850375
240.0319828283391
240.03199511109415
240.03158684654773
240.03209929936565
240.0321840599936
240.0321512838782
240.03182543367438
240.03230451935815
240.03135875661974
240.03254197043861
240.03179528575856
240.03174044028856
240.03201210127736
240.03197574886144
240.03216536507534
240.03181729198695
240.03222147726046
240.03211052454571
240.03210194026906
240.0318934318857
240.03167500923155
240.03228751890856
240.0320768325546
240.0316190399535
240.03207150540402
240.0320287398863
240.0319819049255
240.03223755765794
240.03186376433587
240.03214359931007
240.03199602480163
240.03196438901796
240.03223888604407
240.03210846981528
240.03152020422567
240.03248109411652
240.03172233496298
240.03223740628164
240.03143864824233
240.0317307771693
240.0320811550264
240.03210150175437
240.03226846124016
240.03209966690338
240.0322796709006
240.03141517683252
240.03234020605305
240.03192034176755
240.03229625596578
240.03193386943167
240.03200417378685
240.03217586873507
240.03177558842435
240.03209731850802
240.0316527642426
240.0322466537109
240.03201085780165
240.03176819449436
240.03209703371977
240.0320058497964
240.0320916622004
240.0320094278286
240.03192920347647
240.03220895919367
240.03192574411514
240.0320225511241
240.0321443574212
240.03195347829023
240.03195492105442
240.03195714042522
240.03226508022635
240.03193242975976
240.031848063707
240.0313710583141
240.03229020717845
240.03191067544685
240.0320455095498
240.03228829427098
240.0304541062942
240.032702806624
240.03152934470563
240.0312640023767
240.03209007850091
240.03192857261456
240.0322505502263
240.03210975050752
240.03141898146714
240.03239193520858
240.0313005807111
240.03236858650052
240.03159150797
240.0323859324708
240.0319724877918
240.03215146486764
240.03202269980102
240.03232730961463
240.0319410519587
240.03167310205754
240.03200962077244
240.03185608395142
240.03221295232652
240.0320202827279
240.03217824509193
240.0319981418579
240.03223598009208
240.03166079435323
240.0323570791079
240.0318065854226
240.03177286940627
240.0320030268922
240.0320998235693
240.0318760717346
240.0320582139102
240.03206989253522
240.03185137298715
240.03216983412858
240.0320966441941
240.032117531111
240.03199176045018
240.03173500410048
240.03206299063459
240.03194221359445
240.03192964213667
240.03186860884307
240.032189475809
240.03215481169173
240.03178434440633
240.03200294374255
240.03164786586422
240.0324455385853
240.0319167591224
240.0318878976832
240.03192940297595
240.03215609956533
240.0317622393777
240.03233108393033
240.031645370138
240.031667027215
240.03125081922917
240.0325444036862
240.03165021454333
240.03220284460986
240.03206606558524
240.0320024729881
240.0321178134327
240.03185422068054
240.03188650029188
240.03176337534387
240.03248214462656
240.0317381569621
240.0322817512788
240.0319565324753
240.03078449056193
240.03218838757311
240.0320697871357
240.03192471683724
