287.9834328066926
117.1271835319618
265.5165932018364
197.21880273477564
245.68400438386107
219.58054332736492
235.15963091658296
226.38501769684217
231.42342237701905
228.55749802355012
230.1945594065428
229.26207212810732
229.7952277923514
229.49045227999704
229.66341231562456
229.5654072859379
229.6213481851919
229.5899298547438
229.60778774497157
229.59670607057433
229.60327861569476
229.60000107425094
229.60107185851302
229.60083512913207
229.6012384612941
229.6011266874466
229.60093903393317
229.59979833979924
229.60090869993655
229.60079326381674
229.60099049011478
229.6012175289561
229.60076408754503
229.60133771456458
229.60005348759842
229.60181741141423
229.5991937940853
229.6017258632328
229.59831126207428
229.60057776099893
229.60098747138
229.600163645644
229.6019806026925
229.60049829306627
229.5995605718672
229.60029076613682
229.60118604766467
229.6004220265604
229.6012283183245
229.60005886169893
229.60214691646615
229.60038632782744
229.60154742623854
229.59967355521076
229.60117914428702
229.60044538084549
229.6019570416138
229.5997737014368
229.6020328700979
229.60015758319787
229.6014420445499
229.6010503100806
229.60116199927506
229.60085064231316
229.6009535139092
229.6005343508914
229.6005317142335
229.60146991411966
229.60056238154357
229.60120324260788
229.60155004967964
229.601504582115
229.60084542461846
229.60141683263646
229.60094106430552
229.6014362593196
229.6006587686461
229.6014399742162
229.6001206209221
229.60125157067887
229.6007184488517
229.6016830901026
229.60014294279244
229.60122135970596
229.60040280656176
229.60106093193463
229.6010612682694
229.60095807794278
229.60094651571126
229.6013411552085
229.60043138595574
229.6011387790786
229.60069526990628
229.60159334154014
229.60069736050718
229.60180448932806
229.60126495571603
229.59942866529673
229.6019060256076
229.60062040513003
229.600957738141
229.6006764360136
229.600856699406
229.60036301329092
229.60083815382677
229.60062276089593
229.60045838654332
229.6014228816639
229.60025138151832
229.60097697371384
229.6014047888093
229.60038141472614
229.6014832228102
229.6007590043373
229.60120854673005
229.60029913970357
229.6018978186039
229.6012449176851
229.60101698478684
229.6012086945484
229.59949956325
229.6014263345205
229.59890929330868
229.60257169316174
229.60030329702568
229.60159793448838
229.60094241573825
229.60053574248013
229.60040748325264
229.60069397926418
229.60102995639318
229.59881960685016
229.60244995836547
229.5990459198365
229.60181044844649
229.6004962011575
229.60151202626002
229.60016246016312
229.6011238893043
229.59852642402984
229.60254778961098
229.5993062474663
229.6016397155763
229.59847878549772
229.60195162305172
229.6003737214778
229.60100812602468
229.60072221459995
229.600537436585
229.60056404661736
229.60149387338606
229.6001330939398
229.60239619749336
229.60020078490925
229.60144794979715
229.59994867599016
229.60123572427256
229.59997443071188
229.60118003738899
229.601020965325
229.60065395131824
229.60093426145613
229.60109035894857
229.60040448026848
229.6008691340321
229.60051775869943
229.6008069075906
229.59814303137682
229.60249085605756
229.6004626011927
229.60175949976838
229.60053536890337
229.60096095003973
229.60078822883224
229.60120153105527
229.60036867815506
229.6007678288952
229.60052322137926
229.6014817006362
229.60080812008528
229.6009166494914
229.6010490570261
229.6013554900419
229.59944268922118
229.60186357703788
229.60000481175666
229.6013514991355
229.60077623168036
229.6009608777822
229.5993957084429
229.6010634640479
229.6010520891723
229.6006456629184
229.60119680625212
229.6006444977029
229.60151710038917
229.60046789264015
229.60086318895628
229.601171682516
229.60054248814413
229.60021946861525
229.60158835996117
229.6009070129221
229.60110161163902
229.60077577474294
229.60045274111326
229.6017853448284
229.60091871368058
229.60074016041472
229.60165549084195
229.60038058141072
229.60082357500505
229.599742035105
229.60130093590124
229.60072274046252
229.59970256511588
229.60162547254004
229.59991843606986
229.6013864484994
229.60070755561173
229.60024099315342
229.60163521081267
229.6003016361792
229.60135138218175
229.60079155891435
229.6002710975299
229.6013865922141
229.6001663593779
229.5995911184582
229.60198163357563
229.60021892319492
229.5998346634733
229.60206106746045
229.59970229983446
229.6016397531639
229.60135508069652
229.6009716525732
229.6006376259902
229.60067599803733
229.60093185941514
229.60117071989225
229.60030946183542
229.60077092892607
229.60124566557351
229.60050567126018
229.60129221863463
229.6002008196956
229.59993825013225
229.60090241498256
229.6006237861002
229.60124701619498
229.60100364754908
229.60113971776445
229.6009078789648
229.601232296307
229.60093785497884
229.60071713363868
229.6009567098081
229.6005961876217
229.60178724354773
229.59898946383328
229.6018921490613
229.60060619516298
229.60117503155197
229.60044832846324
229.60104870301438
229.6013245718932
229.60028144378157
229.60087334264244
229.60033179952006
229.59964662077255
229.5997409811098
229.60244580903964
229.59979389666114
229.60143502950086
229.60144477976428
229.6004423488048
229.6014424724708
229.60113189247204
229.6006559995003
229.6005734850769
229.60108902344655
229.60119944473263
229.60126133541053
229.6009483091475
229.60117421433097
229.6001529533387
229.60202385832963
229.6005561224738
229.60150551014522
229.60100812734163
229.60111242436687
229.60072152261273
229.59956377993512
229.60109178100538
229.6005247408466
229.60151924515958
229.60050548675645
229.6006331960234
229.60050692028017
