287.9266525175718
268.0763366251176
268.9031706023993
268.84703329871013
268.84963979589065
268.8498469501319
268.8499627994561
268.84988009960034
268.8486120507059
268.8482298993313
268.8497551691944
268.8491650091355
268.84931982755916
268.84855342931314
268.8490286533706
268.8494067742613
268.84932880903943
268.849303655692
268.8495309856953
268.84914075151573
268.849358846599
268.84911239949906
268.8495766857068
268.8498229536144
268.8491793917419
268.84882093102715
268.8479332055067
268.8499922277297
268.8493516871149
268.849053617967
268.8495676012826
268.8492065279752
268.8490652104774
268.84953939148545
268.8484040648982
268.84911802631905
268.84948611183063
268.84913280430555
268.85002665111824
268.84952246527246
268.84907348261186
268.84979773320083
268.8493071567682
268.8492858509235
268.849568869573
268.8492085267462
268.84948662525494
268.8494346080115
268.8485493859007
268.849380536587
268.8495852348169
268.8492254131197
268.84933582627855
268.84975425935045
268.84974872808743
268.84954211238073
268.84918368540457
268.8481939033845
268.8495405060821
268.8493542024953
268.84805856724415
268.84972685409593
268.849419138387
268.8492673061992
268.8502638432692
268.8486415537409
268.84839215558895
268.8494187182296
268.8493268221355
268.84812424624397
268.8505006453561
268.84939435545675
268.8486840615733
268.8494280332525
268.84906082555244
268.8492716132823
268.8489318053107
268.84940950731834
268.84935718550696
268.8500998718664
268.84921806370403
268.8495517461779
268.8495159727099
268.8496398237039
268.84936072795244
268.8495672949866
268.84960116379807
268.8492166690485
268.8497334761705
268.8486066066107
268.84939845866757
268.8481547867632
268.84906995240453
268.8494371366105
268.8498624188869
268.8489667544127
268.8483746776401
268.84899292378395
268.84968395141186
268.84966608414106
268.8489319575965
268.8488667856873
268.8491778507305
268.8499160732317
268.84976693228964
268.84970999924553
268.8491840183633
268.8494280810555
268.84967322132434
268.8486454589365
268.84924503914226
268.84945729232277
268.8490011402537
268.84960247591516
268.85017244429764
268.849868862686
268.8489831153056
268.8493711032861
268.84939672698965
268.8492214532598
268.84880018063996
268.84963465189503
268.84890824403556
268.8498273562873
268.8481618065707
268.8490637935465
268.84980257770803
268.8493067103409
268.84949958750803
268.84853102134366
268.84956521258573
268.8489457709511
268.84829321838333
268.8494331508118
268.8493822336168
268.84916993169463
268.8491497814539
268.8499328812177
268.8497294297267
268.84976819083386
268.84921097145707
268.8489517755661
268.84953121998115
268.8493974633311
268.84972251407453
268.849216549992
268.84973188623553
268.8486942917225
268.84962915297365
268.8496828514617
268.8492572484538
268.8497874024033
268.8491595066007
268.84924427104124
268.84930938179605
268.8491701718158
268.8492195391882
268.8490622192767
268.8497909196303
268.84849836134526
268.84880098409485
268.84931221838633
268.8494912888855
268.8492853403877
268.8498973840178
268.848556738827
268.84986482243403
268.8491962524713
268.8505649518047
268.84943614505755
268.84981887452886
268.8497461898369
268.84891959304514
268.8494022535597
268.8488908260042
268.8490418690053
268.8491955520876
268.84988684589916
268.84859675379994
268.8490946056845
268.8492641278426
