288.2131890082421
258.5707756381645
261.2531036643604
260.84292217857706
260.89436900635974
260.88588669956516
260.88739081818994
260.88764149490635
260.8876930094857
260.8877075884884
260.8866795393478
260.8881421613569
260.8876244840958
260.88810542454667
260.8876941612307
260.8875849044116
260.88774887070576
260.88745522190766
260.886812395951
260.88670926650593
260.8869952094374
260.8878371845767
260.8874235641397
260.8879722035017
260.8878483490771
260.88737270507045
260.88765018138656
260.8877964673338
260.888082664138
260.88679823410894
260.8880967009354
260.8876499017242
260.8873120464468
260.88796395064674
260.8867302173858
260.8878444759066
260.88788635230594
260.88730726828
260.88691288949485
260.8884873144234
260.8874139611944
260.88750749621613
260.88672096048685
260.8879731916204
260.88772371628875
260.88764433113465
260.88867428875164
260.88628737684485
260.8869133077824
260.88769525302996
260.88815633607373
260.88766179587765
260.8879078059981
260.8870402734465
260.8874826140345
260.88672286230576
260.88823523854444
260.8866494584654
260.88775609083314
260.8869506863193
260.88811448935303
260.88723221198234
260.88801034175776
260.8864983916392
260.88735193488174
260.8870278856375
260.8878566768435
260.88735481926415
260.88782782098133
260.88711421717744
260.88784068688983
260.8874960561225
260.8876435439306
260.8878686926473
260.8878937937043
260.88788991163165
260.8880339787938
260.8870468721143
260.88694127459894
260.88749730378913
260.8869666426326
260.88805350083567
260.8876718235988
260.8873408229265
260.88760097211343
260.8880930665837
260.8878818269877
260.8870548972336
260.8867381966702
260.8873319823542
260.88734058933187
260.88691418596864
260.88742366305814
260.88833032049297
260.8876952744031
260.8870913810533
260.887421774416
260.88786888148024
260.8875568748481
260.8863877794647
260.8881348729992
260.8876608480423
260.88726284581935
260.88824244909483
260.8874089474484
260.88779703432374
260.88843764187186
260.88772994466126
260.8873694925351
260.8870608591096
260.888324263673
260.88799489376834
260.8867287747926
260.88751166507427
260.88751458757906
260.8873478669193
260.8872856437083
260.8877746236831
260.88815300330316
260.8875984087572
260.8876783005471
260.88727735837165
260.8877140344557
260.8872993326222
260.8883235267058
260.887212485708
260.88782771215483
260.8878185474896
260.8862603788002
260.8878287266198
260.8881200749747
260.88702283836756
260.88802462792955
260.88822055816854
260.8879283584465
260.8877576975865
260.88773303988273
260.88748589134775
260.8879974756128
260.8872069208155
260.888039287267
260.88778787164483
260.8875428258907
260.88742368617386
260.8878620170144
260.8879074341239
260.8863446898904
260.8883570504113
260.88735624986293
260.88785653034574
260.8875403854181
260.88791518789367
260.88768924359465
260.8877194659435
260.8870297378453
260.8865683791664
260.88673073654354
260.8874677015556
260.8879213640321
260.8867810133379
260.8878287385596
260.88680573157035
260.8870325125026
260.88833743806754
260.88652127588284
260.88716835957894
260.8865306251537
260.88771936221747
260.88677260406257
260.88782916023047
260.88729898128076
260.8880833414005
260.8884323996608
260.88740935169335
260.88669833332824
260.8880616094684
260.88678729462845
260.88667021789297
260.8870537236071
260.8882443511102
260.88732989729033
260.8880186495808
260.88753622012155
260.8881803476834
260.88738205809204
260.88803797024593
260.8879855579289
260.88773978082463
260.8880878635682
260.8874420445791
260.88806527273846
260.88723756688705
260.88790757254174
260.8875244213996
260.88821323293087
260.8862582765578
260.88827863124607
260.88778335820825
260.8882165187242
260.88678725202044
260.8885259349481
260.88736138507375
260.8874291126267
260.88811270963924
260.8883493869507
260.88735043919587
260.8882148270204
260.8872086378542
