287.9384350037352
266.7985768391949
267.80039063788104
267.71841013841527
267.72206556230185
267.72365782229144
267.72284732983644
267.7228456321245
267.72313922870035
267.72303126586485
267.72315741590774
267.72373600722676
267.7236055801495
267.7236891472039
267.72335308203765
267.723320160987
267.72376710727985
267.7230047821886
267.7237290128305
267.72349026789925
267.72372644569805
267.72337110800254
267.7232463376513
267.7230988628671
267.7232759598428
267.7231956378637
267.72398572705424
267.7236544790976
267.7230430170657
267.72339896799895
267.7230052496325
267.72310342524725
267.72312522244465
267.72427745849564
267.7232037346839
267.7228393895566
267.7240706267221
267.7238212092889
267.723407269772
267.7238681685958
267.72372817132054
267.7230404128677
267.72334831627813
267.72383957661805
267.72376264114064
267.72297376202187
267.7242139508453
267.7232304297795
267.7235153836882
267.72374866050086
267.7230736413512
267.7245445682238
267.72278593587544
267.7231286038368
267.7227778464876
267.72300625350545
267.72369085788523
267.72204237725964
267.72301731758125
267.723123921307
267.7229336286837
267.72374271457375
267.7235268318109
267.72310526009824
267.72346882199054
267.72366210950713
267.723570644921
267.723581288672
267.7232718498635
267.72319288280414
267.72386165829084
267.72211427976436
267.7237823005198
267.7230839265467
267.7234273979848
267.72136696290545
267.7240385144323
267.72362054348923
267.72342696897977
267.722628051677
267.7233515011394
267.7232940583708
267.7236122141767
267.72343056686805
267.7227143559867
267.72257886572334
267.72303660360194
267.7234755442114
267.72369209796307
267.7217621482632
267.7233985057828
267.724425119457
267.7229193148305
267.7238460389708
267.7229074835923
267.7242923876838
267.72296148712485
267.7222174404669
267.72309177191346
267.722510927284
267.7237495700974
267.7233569473756
267.7218690549198
267.72403152454353
267.72280655826034
267.72368760299287
267.72310706273856
267.7227425821111
267.72305122766556
267.7236068062193
267.72305840648187
267.7238274192423
267.7236960977898
267.72318197829736
267.7233054063181
267.7238967813464
267.72300506847387
267.7233975319541
267.7222342053792
267.72334299209615
267.7231522246002
267.7232043151671
267.7236780138919
267.72305075604527
267.7234354801185
267.72327128014877
267.723627415573
267.7215748683666
267.7233897224505
267.72287021351804
267.7225506038958
267.72365276224446
267.7235249141231
267.7236727958225
267.72363425433286
267.7232315981237
267.7227343961131
267.7240618583601
267.72267076054413
267.72385453969764
267.72296813073626
267.723672877255
267.72366963863897
267.72386680067575
267.7232539144752
267.722533529246
267.72394170182815
267.7239897234249
267.72356633299205
267.7237428799417
267.72382273299445
267.72369136715133
267.72390556645405
267.7235004815011
267.7237718421966
267.72391097739455
267.72393937048037
267.7226945005241
267.7232883231918
267.72294026716554
267.72415090897994
267.72355651714315
267.7234942547948
267.7235022446548
267.7226540402917
267.7231059859623
267.7238500789681
267.72388520874665
267.7233729798463
267.7231780958682
267.72283901464834
267.7229420932563
267.72294595667336
267.72328644862864
267.72366706238245
267.72349437943194
267.72331815997313
267.72317179378297
267.7231836522842
267.72284802045033
267.7238688418729
267.72336920593807
267.72371155522706
267.72320129710715
267.72363306033367
