287.89352052110337
66.80051090176698
244.14664116124743
195.81967783828895
242.70271566474435
199.68710436252763
240.44157922230693
204.421098094856
237.7751568330168
208.84297764855273
235.11600157496605
212.55064245044196
232.72164433641456
215.47548577203497
230.71024893238155
217.70306846145195
229.09746381663808
219.3675521210953
227.84189009108923
220.59927343247364
226.8826838045834
221.50676771328926
226.15820913041716
222.1751949840691
225.6147470908927
222.66667845978645
225.20947060171875
223.02830284470656
224.90799949064603
223.29489277416542
224.6838836803363
223.4914545106094
224.51766724872505
223.63647617647803
224.3945797176675
223.74351097057843
224.30346698020912
223.82125151642322
224.2377091692215
223.87916752562887
224.18778045294857
223.92240926941486
224.15052245787047
223.95465299423267
224.12280231342083
223.97846927682622
224.10264215123243
223.9957701051717
224.08778347830594
224.00871044537962
224.07665213172731
224.01809430363573
224.0684715937805
224.0251558193777
224.06251879751653
224.03019555131687
224.0581910445544
224.0340200365281
224.05444750744937
224.0372646696851
224.0521506632067
224.03921670949057
224.05028737308385
224.04081626377956
224.04890250475728
224.0421098172701
224.0479053458257
224.04278074143076
224.0473710423139
224.04333876708915
224.0468216318841
224.04395948182355
224.04621866640446
224.044282341878
224.0460287202477
224.04447793969302
224.0458646173429
224.04474929047137
224.04555305799659
224.0448177295657
224.04547346919207
224.04493952152552
224.04570817414424
224.04484874139962
224.04537156919832
224.04494767072902
224.04533012872707
224.04526211951452
224.04520053184024
224.0451908204377
224.04527877888177
224.04524625842532
224.04525433379968
224.04510039068555
224.04518641519098
224.0452837896446
224.04516944235002
224.04522166407696
224.04525842867952
224.04528336287694
224.04498476073422
224.04530541055283
224.0452866644482
224.04527703264102
224.04515732342406
224.0452483950212
224.04522377968533
224.04526675594389
224.04495533839508
224.04524973245861
224.04520793888514
224.04517385089275
224.0452556812379
224.0451258691901
224.04538783458702
224.0452049308151
224.0454873012277
224.0448428302334
224.045471726713
224.04507163770904
224.04519254896877
224.0452924741694
224.0451441458863
224.0451632602926
224.04535245129227
224.04515343266394
224.0452785473026
224.04509395037894
224.04537329394225
224.04438227953506
224.04607424428832
224.04428189696773
224.0461700360829
224.0445167404323
224.04582943009882
224.04461058636662
224.0457804983089
224.0446873875262
224.04572404679493
224.04462091506866
224.0456629478649
224.04481244711496
224.0457540578791
224.0446317125461
224.04568300915707
224.0448237720775
224.04552526169573
224.04510678786755
224.04539632961678
224.0450321571916
224.04537399211404
224.0449416260235
224.04498856257123
224.04579551141796
224.04450878713396
224.04600862990628
224.04444886787678
224.0458402745062
224.04453722394828
224.0456524372712
224.04484156297985
224.0455254862245
224.04499717960425
224.0454430438258
224.04492055947776
224.0455117196616
224.04501336791873
224.04545314362622
224.04489429930254
224.0454863314808
224.04500161691976
224.04526946134138
224.04506601010507
224.0454316366886
224.0451293580336
224.04518171454401
224.04528807409952
224.0451417723889
224.04512252370478
224.0452489138188
224.04512708026596
224.04550974183076
224.04501090644771
224.04563100981613
224.0449813804371
224.04543431817
224.04506460353878
224.04533657476713
224.04510396493424
224.0452576140451
224.045280430415
224.0452712467595
224.04517686040344
224.04542240737646
224.0450035270478
224.04544660935062
224.04498946044623
224.04532277608087
224.04515821403766
224.04517085300176
224.04510942986235
224.0456327803986
224.04473284907
224.0456034465169
224.0450061478623
224.04536403502425
224.0451574014296
224.0450746771603
224.045288840789
224.0452345070662
224.04503819628735
224.04532001177722
224.04532170741004
224.04517916413897
224.0451829224039
224.04518168975483
224.0453298222419
224.04517338998266
224.04519009010983
224.04529894771986
224.04509259744373
224.045114403154
224.04542139809928
224.04506158674485
224.0453198908217
224.04491547156067
224.04542410370777
224.0450966941571
224.04537502066523
224.0450603026111
224.04539674855187
224.04503829918394
224.0452825055254
224.04513943540223
224.04536096019729
224.04517388193926
224.0451986661792
224.0452362484648
224.0451644799905
224.04511438084592
224.04543687478872
224.04501957401226
224.04500462846772
224.0456605257641
224.04454794157937
224.045777973457
224.04451638319006
224.0459048307821
224.04454761990928
224.04575032439607
224.04461273974448
224.04574152948044
224.0447530469828
224.04556295751536
224.04490374066518
224.04551218585402
224.0449286953517
224.04545219612191
224.04491676703037
224.04556049450184
224.04504666736466
224.0452582017606
224.04516898910515
224.04535656007647
224.0451285292511
224.04529090345022
224.0450017464027
224.04545400751522
224.0448623997363
224.04565244345577
224.0448019439209
224.04538118166965
224.0451445874205
224.045230196396
224.0452817088808
224.04507728578756
224.0452978232497
224.0452662246389
224.04514333255065
224.04455788011546
224.04590294261288
224.04435229954834
224.04605374325183
224.04453130163893
224.04582659089647
224.04409789344936
224.0465841137484
224.04395089075842
224.04633292459766
224.0442894903099
224.04594074339548
224.0446777920297
224.04569150367752
224.0449205951736
224.0453324780392
224.04514064140676
224.0450903702149
224.04538014519494
224.04521454495261
224.04522455189726
224.0453054037207
224.04511490938603
224.04480507415428
224.04580389572948
224.04444599582348
224.04591735900613
224.04468039708445
224.04546436823148
224.0452812085132
224.04486890118278
224.04558306200488
224.04494411720952
224.04551597379032
224.0448421885958
224.04537274844188
224.04511332168477
