288.12748349452625
203.93508352703168
251.56722027371302
230.13394718909694
239.93403800554393
235.41860102367673
237.46458619192435
236.52833576109015
236.95426364649984
236.7599829319197
236.84870350422034
236.80793639453213
236.8265671483514
236.81839635479173
236.82195521364883
236.82006008719418
236.82109600454078
236.82062168055108
236.8207648155376
236.82087971571218
236.82072351262013
236.82070134732749
236.82091472371303
236.8204744719933
236.82076065091314
236.8208994789402
236.8207557625392
236.82073911053885
236.8207252040811
236.82072640192382
236.82105699792191
236.82088905864657
236.82087015345678
236.8206036991287
236.82112002382746
236.82065685335874
236.820914532982
236.82091354712247
236.8208594263524
236.82030207779826
236.8212587131511
236.82068199021342
236.82020586364888
236.8210954931801
236.82077721833048
236.82106069471047
236.82087424339625
236.8209102697183
236.82041769752686
236.82099930524782
236.81995650733734
236.82090373836036
236.82093521731804
236.81954443418726
236.82148802878146
236.81944876768466
236.82162871352193
236.82062983278593
236.8208129048071
236.8207857180023
236.8208756147651
236.82047184100884
236.82100196195825
236.82080550050523
236.82090225970023
236.82082427283967
236.82092813107738
236.82037973763727
236.8211917369881
236.82013267396906
236.82107993961108
236.82049523858223
236.82076855179548
236.8201426278065
236.82133640203756
236.82022357543246
236.82087450846302
236.82034666938125
236.82103037148772
236.82046901467766
236.8211086497613
236.8204827069203
236.8209469235262
236.8206987617159
236.82082545971934
236.82085241863388
236.82085453949912
236.82073674686762
236.82052066784672
236.82110817782814
236.82076775397945
236.82074721818572
236.82078531700245
236.82079784339294
236.82096037565498
236.82050531265122
236.82095252283762
236.82083589304239
236.820606714311
236.82092149968958
236.8196861387696
236.8217030758169
236.8203377717873
236.82086925963085
236.82053226952848
236.82064792087476
236.82090095829335
236.8204725309115
236.82087098837656
236.82087691514607
236.82079146645992
236.82099412106618
236.8208013452895
236.82102665588172
236.82073643295007
236.8210418932431
236.82067217673466
236.82065149291884
236.82105574444722
236.82052952083177
236.82082340815396
236.82072319893632
236.82079072752822
236.82033866341953
236.82107410085882
236.82060217011895
236.82075481172797
236.8209209478955
236.82063137210207
236.82079370658175
236.82098166233482
236.82078215532238
236.8209061936068
236.82076882242836
236.82088563112484
236.82060286439082
236.82078251699568
236.82088481631217
236.82077298869262
236.82084225222934
236.82067422950786
236.82093738087133
236.82079777366016
236.82065433231037
236.82092876893148
236.82039715298743
236.8211321343333
236.82081520559586
236.82080542870972
236.82069967299321
236.8206102226104
236.82067942291906
236.8206880596481
236.82094277087162
236.82081163067778
236.82090433513076
236.82070099421253
236.82092104586627
236.8206566303561
236.82096614355396
236.82080826535093
236.82089338672813
236.82080183309154
236.82049881344574
236.82104095369868
236.82057560375688
236.82071225075197
236.8206694336477
236.8208462837647
236.82048866519472
236.82091561853304
236.8207564538534
236.82079030158638
236.8208010091039
236.82062839107675
236.820947883607
236.82067504920997
236.82073611626402
236.82052593748813
236.8210596879362
236.82014305832854
236.8208700893083
236.82050937351596
236.82097413587326
236.82069455494639
236.82105386776675
236.8204803151748
236.8206287509529
236.8209679263673
236.82084862691408
236.82066372664121
236.82059933010896
236.8210386926512
236.8192497707787
236.821935476386
236.82017704869213
236.82081945671234
236.82071111498226
236.82088170149655
236.82089682956575
236.8208304753498
236.820641731887
236.82035413521226
236.8208507153613
236.82074682298116
236.82098547712667
236.82072683192382
236.8202435689309
236.8212064311665
236.8205499472533
236.82080209522974
236.8206141282135
236.82096868322697
236.82045284751803
236.82104982105375
236.82064790814184
236.82068550454278
236.82098578380828
236.8207111961674
236.82082776039897
236.82090529316338
236.8200814218726
236.8210542921006
236.82032079629425
236.82106778501475
236.82055395655334
236.82097038437496
236.82084356014093
236.82090953829174
236.82083471452643
236.8205068011739
236.82114324397116
236.82059951005795
236.82092199311592
236.8201372275944
236.82104691158747
236.82054772932315
236.82066131128522
236.8207038697583
236.82094625711034
236.82050271892513
236.82032052066643
236.8208998025657
236.8207308099809
236.82106991617184
236.8209898906789
236.82078198858653
236.82054377128952
236.82095877756365
236.82069445060915
236.820647566783
236.82083172812418
236.82082832354354
236.82047326510656
236.82082250711392
236.82065429899376
236.82048669512733
236.8210650812398
236.8205883433693
236.820598178645
236.82112911273725
236.8205482375488
236.82115986323333
236.82053836755222
236.82089645780798
236.820489141086
236.82091215933906
236.82076734783186
236.82075538036588
236.82066711899824
236.82066110742744
236.82060890863067
236.8209402700013
236.82025896736013
236.82099699453101
236.8204261054343
236.82099129998824
236.82070846526767
236.82080403027066
236.82099316638778
