287.9779059946301
93.10180929520487
267.9841295629386
171.9512626213152
252.5661750613233
206.91101660269078
239.22755056709093
219.7314840132276
232.3773018487509
224.5455651056236
229.51570617681227
226.407673787372
228.36812717132216
227.13809999381374
227.91284880681724
227.42658201972972
227.73212949999106
227.54029858682043
227.6605570588954
227.5856892944421
227.6322242993656
227.60291567553122
227.62136177504544
227.60996833130503
227.6167257078796
227.61288498889735
227.61475189250632
227.61369854757322
227.61497338640947
227.6123951073223
227.61530478733403
227.6119755191503
227.6152392612821
227.6137038094621
227.61478748027366
227.6131677966514
227.61482476060155
227.6131312699872
227.6151384065961
227.61337003361405
227.6148753356356
227.61260170912465
227.6145560656878
227.61371105217768
227.614395081393
227.61431466381327
227.61431018386247
227.61410968532982
227.6146938519778
227.6136359672637
227.61434592860314
227.6139187399349
227.61448505842782
227.61367479697947
227.61491648390074
227.61312711356368
227.6146798351947
227.61377458249262
227.61438993052434
227.6140262072222
227.6146580635359
227.6138726121426
227.6145790155315
227.61404284996752
227.61463769578404
227.61338814063856
227.6152933896483
227.61282970191678
227.61533535867056
227.61355609776365
227.61452591405032
227.61367556481855
227.61457472882466
227.6140993928202
227.61411934920034
227.61448456798826
227.61391473362164
227.61402584514508
227.61413001211622
227.61348114581415
227.61466443061363
227.61445564005408
227.6138649440727
227.61481644965897
227.61207842688964
227.61496159855233
227.6131252762898
227.61506598819687
227.6126025538324
227.61501981396214
227.61399233104748
227.61393127882184
227.614076342099
227.61380572203416
227.61318187365032
227.61435274679752
227.61280523640016
227.6140073835486
227.6142548108328
227.61412314824338
227.61259196825267
227.61559455098177
227.6134984964956
227.6145755142279
227.61291669746424
227.61421934610553
227.6144998638847
227.61397803725413
227.61299423480523
227.61497802319354
227.6138279267616
227.61438206304592
227.61347264535289
227.6141348233141
227.61415663322987
227.61436523361772
227.61452913923858
227.6141264265534
227.61410309813073
227.61357714905898
227.61479311895528
227.6140179236536
227.61466831977305
227.6137414506593
227.6147156063089
227.6139512041118
227.61438646398165
227.61360940354643
227.61327417680877
227.61420605007152
227.61375213736756
227.6136144744014
227.61449195774185
227.61342919108574
227.614859083209
227.61221418518835
227.615568024783
227.61285139850952
227.61478287934733
227.61312396584253
227.6145749278803
227.61383746181673
227.61286340812512
227.61462578682404
227.6142197650479
227.6141887654303
227.6142797077555
227.61356333520234
227.6134568073321
227.61495095486316
227.61380706213822
227.61352949032153
227.61379731471243
227.61452426100004
227.6129571583515
227.61556338113587
227.6137697147642
227.61406593965512
227.61371391278954
227.6141609182523
227.6146011806195
227.6135413121665
227.61443369194603
227.61346137453802
227.61470480029675
227.6135605955642
227.61471737186366
227.61352941494988
227.6148564531395
227.6134459304667
227.61416024784558
227.61379631535965
227.61399191318924
227.6130365071731
227.61500676518335
227.6134117834954
227.61446533174603
227.61418138846057
227.61474234952766
227.61442335471656
227.61389863286604
227.61281213429174
227.61469595216477
227.6140760623166
227.61446239827637
227.61354368301545
227.6149878658689
227.61357729863812
227.61472820508789
227.614353673991
227.6143883126424
227.61429363787465
227.61342741461704
227.61477610675502
227.61328711600072
227.6141610333434
227.61388936952426
227.61390759063215
227.61479872912605
227.61398035705497
227.61266754716053
227.61458513786783
227.61366284605174
227.614799930554
227.61324842808244
227.61423856912006
227.6144044482353
227.61469191154174
227.61325334159483
227.61486371546926
227.61442083356087
227.61500552551297
227.61352049914422
227.61293638886127
227.6150773379486
227.61292160216544
227.6149821516883
227.61408644987387
227.61419833192485
227.61431364354212
227.61438758925942
227.61423014359025
227.6143683209666
227.6133169514942
227.61478305856872
227.61357453970413
227.6139801958343
227.61333603865933
227.61417933291523
227.61366873970837
227.6149830318027
227.6142604770139
227.61397678370122
227.61368064313137
227.61388758885732
227.6142496381217
227.6145887679886
227.61415295263578
227.6129236867564
227.61459937538893
227.61366577688023
227.61416449998796
227.6130194393918
227.61552901299729
227.6131388440117
227.6145584892074
227.61389891445288
227.61394684799598
227.6125986528932
227.6152490495151
227.6130711568985
227.61517465149518
227.61408497176308
227.6142846855946
227.61448979840497
227.61396609789517
227.614492862529
227.61389349662932
227.61377189822088
227.61491251435655
227.61286769834987
227.6147969529702
227.61386772383412
227.61444288605708
227.61400136096927
227.6126717182924
227.6149484677735
227.61355785204796
227.61396337782207
227.61451736930758
227.61386670454522
227.61433560706791
227.61240921693388
227.61539578727388
227.61361368563666
227.61478409646952
227.6135846348334
227.61455023195595
227.6148460378754
227.61409294541227
227.61431860469747
227.614199475036
227.6150012267608
227.61297138455848
227.61453808227088
227.61396522892755
227.61421314027393
227.6145201636973
227.61374633932428
227.61460470194288
227.61395489459392
227.61285488292924
227.6140125123202
227.6143925699289
227.61371636253898
227.61457154636446
227.61331023456296
227.6137019248854
227.6132597802789
227.61472351178236
227.61428594059544
227.61435476478073
227.61399273425923
227.61434495808498
227.61399950370833
227.61421864315344
