288.083354700694
183.1094026137107
256.445689033707
222.42423272124597
240.65218161580924
231.4156605814319
236.12661497059116
233.72723595343496
234.94689473002563
234.3267720639983
234.64176954213417
234.4818102428676
234.56313660977594
234.5218480257754
234.54178447120012
234.53262906052896
234.5371739150387
234.53411061041334
234.5368628728247
234.53495820587432
234.53588540345936
234.5351562531805
234.5361008191203
234.53561982340943
234.5356201348004
234.53580333770333
234.53569553919806
234.53567803528495
234.53568418210125
234.53564119555267
234.53561235875713
234.53558694068306
234.53556791130177
234.53560444955474
234.5355751117786
234.53577156277242
234.5351344750561
234.5360273527731
234.5353339025969
234.535945083735
234.53549711249252
234.5356975271643
234.5356670538422
234.53457871196224
234.53646324177498
234.53505921669057
234.53482178735612
234.53603648351418
234.5356635669632
234.53520971383114
234.53599937688705
234.53545454292907
234.53570778764697
234.53579802142485
234.53538904941888
234.5355993789599
234.53587504659663
234.53559097951438
234.5356209642414
234.5357948006931
234.5355001145981
234.5359084096017
234.53554136951425
234.5357910068633
234.53578909920907
234.5344456666353
234.53641791592236
234.53529581190014
234.53587012586286
234.53530523546215
234.53580718852754
234.5357532306043
234.5356216456421
234.53573894562578
234.53560464375187
234.53566946682986
234.53569933406834
234.53543746771538
234.53597965065273
234.53546867130353
234.5356090774585
234.53442659479697
234.5366022371054
234.53479398603668
234.53621663778904
234.53532642600112
234.53569532550682
234.53544184089697
234.53587936699114
234.5354427559687
234.53577493814737
234.53558415642692
234.53521141768942
234.53623514192077
234.5352870100469
234.5360930800016
234.53559299760673
234.53586025743425
234.5356207413788
234.5357483110347
234.5355648689074
234.5359739675041
234.53499649544392
234.5360785045923
234.5355117144136
234.53560515280697
234.53571287057275
234.53567214042414
234.53533127760602
234.53575032411754
234.5357894207118
234.53573604907433
234.53564316980192
234.53572896999685
234.53551802993024
234.53582379452564
234.53575023123994
234.53591955353477
234.53565593129315
234.53558387226076
234.53567131309683
234.53567423740606
234.5357517213124
234.53567306543118
234.53554808981426
234.53592550267786
234.53439656589762
234.5360282423935
234.53550666092633
234.53573637406953
234.53562464838615
234.53554670842277
234.53553118537093
234.5356953707742
234.53568692772387
234.53594169948337
234.53555892685836
234.53577631809458
234.53507291833375
234.53594867383072
234.53557338905375
234.53558918485214
234.5349195631934
234.53604328159417
234.5356399083903
234.5354938045566
234.53577089738246
234.5353038048852
234.5356383945109
234.53574948250025
234.53569058731955
234.53579918837931
234.5356780981092
234.53551107436942
234.5356850467142
234.5355971397439
234.53549960397504
234.53585741086135
234.53528680389718
234.5359610194282
234.5353887611709
234.53604779818124
234.53551348124165
234.53585321499122
234.53496333952353
234.53577692609542
234.53579819320294
234.53570645649597
234.53564813410776
234.535604728233
234.5356520429923
234.5356269369222
234.53584632687125
234.5357614684981
234.53565505825827
234.53581288055284
234.5356452130145
234.53541062156728
234.53591869686352
234.53543293930852
234.5356223998242
234.53577925633
234.5356982815647
234.5352454044114
234.53585981774086
234.53556979367568
234.5356910142291
234.5356916156088
234.53592985800788
234.53566774111823
234.53552268822386
234.53557177836774
234.53557269742305
234.5356071931019
234.53582298927358
234.5353494858864
234.535995993705
234.53559598929132
234.5356567271665
234.53558501126827
234.53556174949335
234.53574005873816
234.5355059982976
234.53575616811577
234.53560227245907
234.53582363773603
234.53511341115518
234.5352965684142
234.53583415522007
234.5355271238659
234.53582782942976
234.53575841896236
234.53553440098767
234.53583278506994
234.53550328029087
234.53565633913968
234.53572216935572
234.5356589119183
234.53569056486594
234.53510530371568
234.5360654093529
234.53454221253924
234.53631924498768
234.53541470997152
234.53592877529445
234.53500326820358
234.53587133568362
234.5356692650821
234.53577785467496
234.53520666105032
234.53582016115251
234.5354378270422
234.53555046238762
234.53559206939826
234.53566550315008
234.5354883610853
234.53528666414786
234.53493972560682
234.5363180602726
234.53519177575072
234.5357179237908
234.53566493897233
234.53552452436998
234.53578844356525
234.5355811149493
234.53562672661792
234.53569438711565
234.53541314371978
234.53584746131673
234.53589790778642
234.53456673315668
234.536354424592
234.5353876021254
234.53589543585258
234.53535851588822
234.53593009106407
234.53554257168435
234.53564208201715
234.53549947441206
234.53579625365091
234.5356515852327
234.535675127001
234.53537880300428
234.53607466341055
234.53553051687777
234.53541134647094
234.53581829732866
234.53575216307945
234.53572997797164
234.53581776106148
234.535382689588
234.5346965839126
234.53623205178883
234.5350626043073
234.53610018726613
234.5352347985754
234.5357683320617
234.53540508392325
234.5355129668169
234.53580170667556
234.53542638792715
234.5357493240299
234.53494206674804
234.5361040411517
234.53542863407347
234.53575490364165
234.53569084324408
