287.9594211621357
60.01262290273547
269.46019298924637
90.96631754897408
265.60310159737037
104.91090113982887
263.26184989317244
115.29686309892759
261.3769016174542
124.08978925999827
259.6930132329935
132.01125954193776
258.08793478264397
139.50720440700206
256.4698197296393
146.91205241718762
254.7550312314679
154.4847977876634
252.85489453311948
162.40979671214063
250.6730070144822
170.75663027161409
248.11478905371314
179.37457333593738
245.12749218018598
187.84891204803262
241.76286908210568
195.5871636468728
238.2295386297119
202.10672546652495
234.83352979772462
207.24018787215027
231.83372925352887
211.1073227550405
229.35412200302926
213.951046570186
227.39390711511078
216.01927374643674
225.88729511378733
217.5178923894473
224.74944166303612
218.60293823201937
223.89923346785872
219.38971393992506
223.26830444639563
219.96107201634732
222.8022417163702
220.3776692607571
222.45782211512596
220.6818408620602
222.20428007850387
220.9037697871172
222.01691362241763
221.0668107588317
221.8799851834956
221.18517435438844
221.7796007885554
221.27181353707783
221.70652911844445
221.33391266491526
221.6540735718445
221.37945671684065
221.6146611586446
221.41407658136086
221.58627583961425
221.43870362639063
221.5641325810575
221.45657014034077
221.54904529103078
221.46835316771467
221.5390329973161
221.4785031117426
221.53001420565124
221.4859829584857
221.52391885416728
221.4902434288815
221.5200861808662
221.49273821940005
221.51845004670758
221.49611814086893
221.5155751885286
221.49833310987015
221.5132587019507
221.50075059804294
221.5112631349475
221.50184348471157
221.51047742910305
221.50315051879807
221.50937695532411
221.5037800239188
221.5086637775603
221.50390466885074
221.50914012211797
221.5035232587761
221.50906914190637
221.5041484283356
221.5078629626587
221.50422758438435
221.50801611013958
221.5050558402363
221.50761210697237
221.50587408901265
221.50616473756236
221.5067272528977
221.5052679602486
221.50702821878076
221.50576832889783
221.50680822080176
221.50593868403666
221.50641342037125
221.50698541488964
221.5060639577714
221.50751255205978
221.50423651079473
221.50737339154875
221.50523667228845
221.50785126485425
221.50555008450465
221.50640711312008
221.5053197528614
221.50714044192864
221.50552689679898
221.50614983131527
221.50698397107772
221.505085563178
221.50750919096754
221.50522812957206
221.50685424872063
221.50584442001855
221.50736925102683
221.50637860693678
221.50570451268868
221.50756681643543
221.50610536028398
221.5069362265058
221.50572432195622
221.50703543016425
221.50525257046684
221.5082626662479
221.50531901213253
221.50762745867542
221.50494351249654
221.50810207531322
221.50535546589526
221.5072201281073
221.50547545665904
221.5072137720781
221.50480267122475
221.50707073559897
221.50632168776065
221.50563455668453
221.5065568504142
221.50555212992913
221.50664830919413
221.5052757575104
221.506991116883
221.50542450787907
221.50699642663676
221.5054034212444
221.50748259932152
221.50543325711624
221.50672008883703
221.5065433452619
221.5052796939999
221.50805081271392
221.50540838891175
221.50715652679355
221.50497688799078
221.50790783377306
221.50559058541694
221.50730854971334
221.50533609461854
221.50746246485505
221.505928487888
221.50764660827554
221.50465243776125
221.50793921107106
221.50521120175836
221.50796073322272
221.50517217259767
221.5080926453884
221.50604347530316
221.5064863303851
221.5061585391377
221.5060225313573
221.5058087022262
221.50687434482097
221.50581121636787
221.5065758818455
221.50644953145093
221.50668392719672
221.5062402359399
221.5064838120452
221.50574297926505
221.5071329492057
221.50645071839244
221.50520707052056
221.50735483817698
221.50534791503014
221.50749256415293
221.5046469726949
221.50796708316193
221.50409322935593
221.5093083178508
221.5035867739498
221.5090565151113
221.5039433692582
221.50808930036146
221.5053892104188
221.5082395755744
221.5036657755045
221.50883782805613
221.5038030779251
221.50859334263077
221.50454736143
221.50653269216127
221.50591755806818
221.5062468501419
221.50585207155382
221.5072646054614
221.5051730620471
221.50686627252435
221.5063702068146
221.50577611829794
221.50683424377348
221.50560363041586
221.50706846085086
221.50623537982756
221.50584082432033
221.50601334781095
221.50457122467924
221.5080659045634
221.50477233770653
221.50761264457833
221.5053194561042
221.5068567020935
221.50632086193946
221.5062859270838
221.50695758448273
221.5051748935366
221.5077590965666
221.50557965962798
221.50621665998187
221.5060767942632
221.5062933711015
221.50653989292914
221.50618657117593
221.50679368792044
221.50616366334725
221.50735773330962
221.50594066822669
221.5069202237937
221.5060613709211
221.50650257449888
221.5061416404642
221.5058949579252
221.50762935988314
221.50604443585325
221.50647891718836
221.50613865067135
221.5056253153016
221.5076767985738
221.50564110344567
221.50588444399182
221.50678885095112
221.50685170135694
221.50608083420957
221.50568672925874
221.50704080189462
221.50557701048092
221.5072788657708
221.5057652929827
221.50657223949383
221.5044985073182
221.50798755523283
221.5048181739694
221.50800809606153
221.50481111115369
221.5077163054666
221.50385222224577
221.50807799960603
221.50419549095386
221.50815986939415
221.5046282367548
221.50800611545856
221.50575548617053
221.50755856603791
221.50608150297194
221.50575021233817
221.50728426736896
221.50588107135263
221.50563729037822
221.50577841573977
221.5055125360377
221.50729218834022
221.50557832002232
221.50661838057567
221.50499607005622
221.50648530610488
221.50513798308384
221.50738438102417
221.50596436532214
221.50689065810002
221.50629832150298
221.5070841650013
221.50583339543664
221.50628493071417
221.50646303505346
221.5051777339395
221.50759665749501
221.5040248091973
221.50831444485812
221.50486781584914
221.5080249834864
221.50537444025395
221.50661842267436
221.5063945081638
221.50680517914589
221.50656038588204
221.50673285471566
221.5059161639947
221.50579086320067
221.50691113245557
