288.2417100232702
228.17660049598317
248.75375504319618
241.20412554118298
243.6385166803102
242.79215015495515
243.07726067017757
242.98007730239533
243.0131826514912
243.00041044715363
243.00605121115677
243.00416732678696
243.0046323385468
243.00475309024296
243.00384377217142
243.004940656102
243.00349649453347
243.00504336706672
243.00439341322908
243.0048559656625
243.0038613241386
243.00490203667505
243.00445441245574
243.0042631880042
243.0046260729432
243.00359427232797
243.0050198123081
243.00446857357747
243.0047278472648
243.00463117390973
243.0045919687509
243.0044721347549
243.00471669604667
243.0045971756008
243.00466147937368
243.00470935072008
243.0044303239083
243.00446480012397
243.0046737677767
243.00423653738653
243.00450817161618
243.004443955042
243.00428066207678
243.00455187646003
243.0041798015809
243.00488647189195
243.00448705476447
243.0048907340788
243.00430332134056
243.0047669206615
243.00404266636178
243.0045805798036
243.00456013371877
243.00451608483127
243.0046707741203
243.00469660033195
243.00429747253656
243.00467613745786
243.00397143490045
243.00520185288406
243.00409837895495
243.0043105356781
243.00432091533003
243.00486743935107
243.0045415223467
243.00425938084663
243.00444728173534
243.00461682538298
243.0045296153512
243.00466545896052
243.00453710565853
243.00440776170217
243.00427210577982
243.0044250761348
243.00450213739168
243.00405411823158
243.00429339575567
243.0046642924499
243.00418508823714
243.00416504016903
243.00455564442746
243.00465142546454
243.0041405078373
243.00436868200632
243.00470486419727
243.0043624856262
243.0047821825865
243.00312441125425
243.0052243647806
243.00422996057023
243.00405525611131
243.00480739970953
243.00464543569979
243.00404454135423
243.00438768155436
243.00403706554062
243.00439165210264
243.00434895289072
243.00483644621272
243.00425724359957
243.00443440162053
243.00437065481674
243.00495028708247
243.00350085882383
243.0044401928899
243.00485048111295
243.00363538637612
243.00503426019714
243.00440332439757
243.0040504465942
243.00492690985993
243.00467120444955
243.0039852563641
243.00422435269866
243.0045105564568
243.00437804626563
243.0046880269947
243.0045921547644
243.00439563063264
243.00457806354825
243.00401543462067
243.00464948162698
243.00447918686405
243.00485188879975
243.00414787133195
243.00487069554947
243.00417844520416
243.00455714824056
243.0045895151925
243.00462461369898
243.00453540675517
243.00470601663255
243.00503650963947
243.004544413845
243.00432349646871
243.0044456241303
243.00452237619902
243.00470416722237
243.00454218720552
243.00427908697748
243.0044053266829
243.00478997091705
243.00450176856975
243.00465293292655
243.00434444649727
243.00436723473103
243.00486731358978
243.0042116529803
243.00449519878748
243.00423158924968
243.00478574069712
243.0044260302093
243.00475358668336
243.00427937642962
243.00443415551126
243.00478508988454
243.0040478264491
243.00458536332007
243.00476855024317
243.00444519767916
243.00500172258035
243.00424134934292
243.00470695835975
243.00470309485536
243.00462933968083
243.00457187214488
243.00413950886286
243.00462436539237
243.0047115502166
243.00435881551675
243.00423570838757
243.00474665911315
243.00422362823156
243.0049159005721
243.00362033897545
243.00506292180216
243.0039790187875
243.0045585505577
243.0044882016664
243.00448145301198
243.00444606780366
243.00417302016285
243.00413111629314
243.00496874845703
243.00462641484046
243.00425987193012
243.004223025564
243.00448084747768
243.00466411639354
243.00433481801883
243.0047979257506
243.004145133571
243.00478581165953
243.00462822073314
243.00441081172903
243.00468508670747
243.00450622217613
243.00425965680915
243.00445138114446
243.00430649353075
243.0046201845107
243.00476363152848
243.00451260778937
243.00459709897405
243.0046469130757
243.00331593785086
243.00533812079811
243.00444449909264
243.0046615661413
243.00457537919283
243.004788239341
243.00352711082087
243.0050168431626
243.00412088462326
243.00489488357562
243.00464708040818
243.0037086216471
243.00461482277024
243.00385181955062
243.00470494704496
243.0042974169046
243.00493749015732
243.00439651915804
243.0042994016694
243.00483018920931
243.00473184883595
243.00424667060724
243.0043663768447
243.00480738964688
243.00483943670406
243.00444238469936
243.00375577498926
243.00522576693038
243.00382713243016
243.0047528307332
243.00393148012517
243.0045099206618
243.00457019076566
243.00449578625557
243.00405022919585
243.00516224445892
243.0038542454422
243.00491170173336
243.0038779632887
243.0049323199637
243.003852338632
243.00503615872003
243.0037974989682
243.00446164354798
243.00472633729805
243.0045816421043
243.00433696476102
243.0045924145088
243.00450644493685
243.00468786852434
243.00448688953475
243.0042822133837
243.00461267521314
243.00467067482532
243.00427909703285
243.00474443232815
243.00382005545544
243.00355894528911
