287.3193669593873
222.9311797877965
61.50525908798613
226.99433885946087
214.35939537536774
77.33749310055373
189.80341636946082
259.62517701458296
120.68380868975055
228.4719695377462
213.54045458043993
78.61552222830642
201.36608899007933
130.05049958437485
250.51255225237946
161.1022677512883
233.3243039390486
208.42900414510314
91.85663200375711
111.29652388320937
253.55143798545487
169.34329193808662
206.86758915237988
254.96147383008247
139.40962080426198
167.0586428339966
52.84096998130008
261.5160304978763
135.35512730248956
240.91523573611266
240.82218532133447
189.48548556982587
193.5795291649756
160.5332740086942
77.45332713951575
252.97382106007535
255.7197783325082
136.726898679628
193.12989616936284
196.174908467985
139.60196960773283
249.22536440477597
202.0680916659112
227.05337964921637
51.735901851052404
247.1458061446865
240.62117918666263
184.2583194486233
212.11488140687288
228.67214554700877
51.875184487797014
228.43057487598344
215.29523090191833
75.19009619645112
214.02120657043997
228.12301933944582
49.37650315868086
231.77198874212627
208.15117600856865
95.22396761893106
85.17550409039904
213.5181740837379
232.34498646957945
43.437590761417596
233.8109708807533
204.08328519888164
114.48833510551412
232.50909313697775
211.22243217668802
83.17747573125962
189.95461372461796
243.4209305730219
196.84958789628945
134.88787190470975
260.3966722534351
121.32771520177266
226.24593983604063
219.00558617229035
68.28835129531944
222.07036284674905
220.34899210621006
63.07699123032944
225.34599427731155
219.59184293575527
66.51549350809364
223.76749449837007
218.36153464664676
67.35307597276187
221.2775043634865
224.1811085565787
59.26249462299165
226.3162659045629
216.9925626166987
70.18664852339134
221.61990064402926
221.50391833204048
60.72770670969476
227.42754873114973
215.56716970734124
72.85954764193957
218.29492791348093
226.0167113842217
55.111967974200525
229.37751871805085
210.68162935154396
88.28500344266286
118.32582877340974
16.038252578688116
267.29953989274145
107.69362742718295
211.04827631382796
126.36288554520434
255.39246857102626
137.60385361035878
259.87826468433923
117.73305676479868
231.15446310316474
208.02785504649728
99.87472579204768
239.49350700188734
198.20024874806768
134.26879047514012
218.49667786111968
222.88628043808058
58.46565124321933
225.43947894510347
53.497268799310405
231.49756701656588
206.89234125742223
104.67436759018165
236.58661252943057
206.48201632126438
95.52146756347065
91.3821365622025
246.45176397728937
211.83877684657637
221.2064097700786
65.09503371918981
230.69224010728067
227.41779961915745
199.12877562903304
240.48687796742888
188.09826371660893
199.99496222627204
122.07173126773705
9.265178357010882
260.9054043278302
122.70773904947418
220.48027378197003
62.84690113324177
198.95960610496695
191.30909526091273
233.52205418102676
39.40582341392292
251.5840011220207
165.80756162520265
222.1605657619075
61.47790948510374
246.22570325501147
240.8013356478259
184.23421013347252
211.856629215843
229.05387570259336
53.60391214432457
212.63755350867723
234.8180794101645
197.25098738270026
160.85032414460147
231.50747008252802
45.05691466877033
233.1986135982952
203.98124963049486
117.80487512979744
224.57148668399168
54.50839316047495
251.52010477345175
153.6891794263356
88.83111778127204
156.11605930353835
216.64693789138983
106.75455652510573
259.3741493844209
151.386165424301
227.1769947877401
53.851306666460005
260.7750761325369
123.28496402124438
219.7573908389677
64.59052460713428
194.8573176393984
207.28203562107956
226.18980636857304
53.55622372186917
249.75186651895638
171.66332526537008
216.7910604549761
76.73055029817624
257.9434774985348
137.97705028885684
153.96740770533506
257.0017625648252
139.92423684390087
241.9384626113606
196.93154260013398
134.33795125596225
260.5241480219338
120.00906489096087
228.00241154481046
215.94141970580677
72.1455798539173
219.71684753768204
223.87128634937108
56.719914931149106
229.3691548903298
211.75206074388552
83.61523216226487
163.0809582747679
63.53794184024446
237.8020964709358
201.53758777962503
132.62308246501198
181.88267731748783
229.04544446871296
199.94757175174163
240.58568438996008
187.10039081826835
204.28505200228392
103.33372685409267
57.603154682750755
260.11817313067877
132.41789209700073
248.77473590877344
154.26775858532346
99.36019584532187
252.46958932239795
143.06492251768213
258.48857327428414
124.56490918614145
223.75730231464695
221.06720246684563
64.25388782807568
224.9736024119702
216.856434251873
70.82035660952533
216.16233717594878
72.44843965542532
222.42762444497203
221.9830326571755
60.00804351017723
228.11843061020772
214.04171962024702
76.89868309636222
209.11044745350227
94.25011662304314
97.86115555082506
235.28356453114247
26.346848006840446
249.35714821759757
209.75683266668057
222.95163528935518
60.7249323745491
241.8169587687662
255.25607987692638
142.73082470499503
138.7939088184794
248.5136529412339
204.07500698512013
224.9514387628442
56.915600772204925
260.0204681293544
128.2634487792966
198.26039004995255
244.2497553741996
210.73761063197162
219.06171395856654
73.64590971980942
255.41414238083235
163.24397779710125
209.0933479090745
255.57903661369346
130.1092420389905
219.67931463535933
222.62926220575173
58.65315824802383
228.36259430822975
214.09124464250635
76.42962576026912
211.87865810128278
231.97277380882588
212.53114562002884
79.79443343757885
204.83332652767422
235.1641899461829
41.857483762316406
232.2549001070729
208.32152803239296
91.88235214455926
111.53383281732386
252.55068460659822
176.94259768097254
183.0927130682685
227.13239186453575
208.95928016639664
105.9250991979352
251.87844595305796
169.53885959094623
216.975378174262
79.04945189703722
255.21930676314514
163.15118080070533
210.6174568858405
254.179587962004
142.52977409791492
141.57968803412223
248.02360517397756
165.30314440109942
231.66909878693696
208.73397378987283
93.46206700519542
92.18783127333154
139.11325410219433
223.32262811281544
76.59301054588286
263.95061116226134
125.04967300014687
247.46410686637682
181.86717483402754
197.85673219217279
242.229253609461
180.17362689319998
218.91397937800502
222.65340779651888
58.661849704396445
228.355796111151
213.45118952660414
78.47690949885873
203.46008615827304
114.05077357095433
18.17397526044806
267.6954159455345
101.91001494815282
237.9042905348615
202.42017106420826
111.36616889764264
24.584058557462413
259.9198340387811
128.66892250555975
197.8050841873919
252.4827742641064
239.89661536297353
183.89849533831875
213.63239067204995
226.92906418677012
52.109464311550255
230.56618455470016
209.09476455047843
93.21408425155096
107.51726011856226
22.856890748560545
264.43008770016604
124.40556604559242
222.38797916263866
224.28633812414773
219.72960774871171
66.63613745853945
223.10421411736752
219.09201195876813
65.69477972303866
223.23375681204197
222.42265577281069
221.36298162404273
64.83938371251861
223.0422139618604
220.26543569908245
63.411344711494166
226.30295683724398
216.1348031271482
71.9444817690819
217.94359122673632
227.4019276455656
216.96876903831435
70.79255003160506
220.45344542474777
222.28269533837738
59.24923100917658
227.92867369532178
215.29013746172132
73.40312897608965
217.95940793245973
225.9796936158382
54.1654237259645
230.0585227724514
209.85066090984037
90.88948465124122
110.53577958304959
20.951483068827656
265.3268652200495
124.1487911039876
242.8473041819525
240.25596490372845
194.80839934766118
148.82058205384237
151.10064788402815
