287.64235355050306
234.25952857271375
59.648738789785966
231.0876219676761
66.79631553618151
227.50713654438732
74.02225032589922
223.4915767044456
82.38510054935591
214.7718095467526
105.85801253969157
70.4855239108133
257.7430304442605
241.31389778303037
44.93472398613221
235.044329880463
59.356538707735126
230.22403856528763
70.77510943003108
223.9479294156854
81.73506625583832
214.39914980947015
106.73930104462306
66.01356411360848
258.85402677363436
242.33333707487782
46.09807395136886
234.38214337816135
66.90790225541514
224.0460222437523
82.23974427720805
210.93310240378833
117.0862143854738
27.523343258421846
265.4579610600176
242.15004697856966
246.4579464804683
245.1296318123732
245.45316165483928
245.36718750430555
245.389546784887
245.3829092699034
245.38470216280984
245.38494211036414
245.38396599792577
245.38476027524666
245.38459122905806
245.38393805848318
245.38496079713514
245.3845924509078
245.38406705119996
245.38472312391605
245.38478270051564
245.38408125753813
245.38491834200977
245.38484997173873
245.38482234226285
245.38466730535583
245.38476668476505
245.384587707209
245.3847723564104
245.38484151151715
245.38456263198532
245.38498479944246
245.3846418135181
245.38413001908702
245.38469283648374
245.38450702150294
245.3846022736252
245.3842243097788
245.3847302684917
245.38448190959025
245.38493607199416
245.38437664525918
245.38470503253484
245.38458841733518
245.38470024033086
245.38450032948822
245.38495787050488
245.38460446706813
245.3849019705085
245.38461504461884
245.38472275732784
245.38465043574615
245.38455149941365
245.3839716087532
245.38454924751204
245.38464853567712
245.38437659781994
245.38456708553713
245.3840886059188
245.38472950462528
245.3847515563939
245.38459557365059
245.3843493624263
245.384602764585
245.38407456355708
245.38460586918882
245.38481092057918
245.38468042909517
245.38514451308583
245.38470928139577
245.3844342400771
245.38370843605662
245.38492320406658
245.38460798360757
245.38359817970195
245.3848712909312
245.3846192882338
245.38492435852822
245.3848554685028
245.38479918005032
245.38419773359783
245.38487339893618
245.3845636453043
245.38478085050156
245.38453079627652
245.38472636739607
245.38404414613615
245.384786805349
245.38460400363692
245.38437453489314
245.38506800675532
245.38445590876654
245.38402900989604
245.38493018597364
245.38435926727107
245.3840819591569
245.38480645480013
245.38410427595954
245.384799489133
245.3847889222161
245.38446058637055
245.38468095035205
245.38464582472807
245.3847159273937
245.38413105375366
245.38472973029275
245.3839043347907
245.38478756911354
245.38474486726773
245.38420435902663
245.38478466113156
245.38417248338374
245.3843044014502
245.38473832308955
245.38490949802508
245.3847092034557
245.38379657686892
245.38431525990745
245.3843590042161
245.38463435031008
245.38460151803156
245.38445771264378
245.38453245523124
245.3849121254534
245.3839556471503
245.38414799985912
245.38411473028827
245.38466324962064
245.38468726928113
245.38430774907465
245.38476042020193
245.38408143350534
245.38452720553323
245.38460572221084
245.38473509665346
245.3846936035261
245.38421218609437
245.38462774115033
245.38455021385744
245.38498838961095
245.38458738086047
245.38378779728373
245.384402384836
245.38455307010008
245.3841000252578
245.38410425931943
245.38509550305025
245.3846324444312
245.38446990999364
245.3846269699643
245.38451110393362
245.38428035196557
245.38488718085864
245.38457336748252
245.38419420273567
245.38505857929704
245.38452242403582
245.38419779847027
245.38505602651276
245.38498397136573
245.38403148629004
245.38484145796974
245.38422990759136
245.3846462839574
245.38410410367942
245.38466201350093
245.38457553823537
245.38459570535633
245.3840858956537
245.38426982966485
245.3849994619668
245.38404120027553
245.3848059430893
245.38480564580823
245.38480623091164
245.3848402502772
245.38413123872306
245.38449506327743
245.38460622365528
245.38450194778852
245.38456311260234
245.38452360472002
245.38476425147383
245.38468787235615
245.38457493715396
245.38394227104436
245.38447863433976
245.38472350218217
245.38490577653283
245.384317824748
245.384207488838
245.38499192814925
245.38445947656874
245.38476788753178
245.38406960813154
245.38466690768837
245.3845900240267
245.3840349214006
245.38422400743002
245.3848012880335
245.38491306330252
245.38434751964814
245.3845967935631
245.38408334794804
245.38481411279645
245.3843671651557
245.38509267360496
245.38468883375754
245.38412696951127
245.3851607699762
245.38458522151632
245.38425335977809
245.38464497395034
245.38463948349818
245.384884598403
245.38409458525712
245.38447827083291
245.38447776596877
245.3842986144009
245.38490215138881
245.38491267015343
245.38467924784345
245.38498564032489
245.38390017194615
245.38486030697823
245.38450613479654
245.3845848846977
245.38481265466544
245.38466398174933
245.38461652229307
245.38483193643333
245.3846233596123
245.38458290544804
245.38461871979234
245.38492919757846
245.3840156396618
245.38442786358064
245.3845579248009
245.38500886467227
