287.69501935122054
100.56839510344037
16.13033350988792
243.98084803310974
223.74461375436806
230.62032032370325
228.80504562289093
228.63131292350135
229.25366494915124
228.62289207488402
229.13122814374856
228.75605971738696
229.02169869926502
228.83751530230256
228.9637897488592
228.87679423908776
228.9371487573835
228.89574183718742
228.92384439484613
228.90508233207765
228.91755572292368
228.90948693128303
228.91414400333997
228.91162958104906
228.9125382242628
228.9123664406943
228.9129560083402
228.91254463220866
228.91236850285532
228.91275502994358
228.9126991815192
228.91217297981166
228.91293562259125
228.91206475840227
228.9128145707291
228.91258903773814
228.91224008378776
228.91275211623724
228.91301629169539
228.91215307659695
228.9127970190002
228.91287294130052
228.912307427805
228.91312591354108
228.91211108701464
228.91248471648942
228.91241300956426
228.91288155111033
228.91198000648183
228.91278167659402
228.91199369254173
228.9125755135792
228.9124932937848
228.9127438955402
228.91226815408663
228.91233765113793
228.91302289503074
228.9120099427273
228.91291963833646
228.91290430492154
228.91270012342648
228.91272147122072
228.91227495383282
228.91270912628534
228.9130413173807
228.91214121158555
228.91302007533523
228.91259231892036
228.91209686874572
228.9130282121696
228.91264102529385
228.91225315924385
228.91275280123227
228.91277856559464
228.9126924822558
228.9125952830982
228.91221968196987
228.91236201594438
228.91232896926886
228.9123072435941
228.91224430505827
228.91325490536474
228.9124747717724
228.91280815545542
228.91205059090498
228.91264264870188
228.9123098760938
228.91223876438016
228.91221247260546
228.91228935938489
228.91242543408225
228.91312566061242
228.91278570306895
228.9119858513659
228.91278372623128
228.9129616188402
228.9122311490064
228.9125512471037
228.91231450473788
228.91269105266838
228.91169242642718
228.91295848715527
228.91244242498942
228.9124822968006
228.9128013235677
228.91307326543756
228.91203613309335
228.91310116669774
228.91249840625096
228.9130372771906
228.91211495513562
228.9125676481708
228.91287532306887
228.91163056556252
228.91229498975008
228.9122924309413
228.9121687112056
228.91315299858252
228.91209102216817
228.91167910542572
228.9131952566022
228.91266087612166
228.91256417774275
228.9122045365948
228.912286011604
228.91299620165228
228.91267749493272
228.9130780746127
228.91242771847465
228.9128728956057
228.91248834923317
228.91233385564556
228.9127569762204
228.9128672251827
228.9129221175317
228.91272124923125
228.91163407317072
228.9124446750575
228.91231894240627
228.91230460137012
228.91304829232104
228.91237695553718
228.91234583969344
228.9120988138675
228.91245988406445
228.91216070113296
228.9124090487021
228.91296125265217
228.9115992526131
228.91320284427638
228.91256866560434
228.91258433167968
228.91184268042707
228.9129003828857
228.9121015516139
228.912979179986
228.91258782235673
228.91278556300676
228.91270462571993
228.91265944263432
228.91272803091124
228.91177178036742
228.91282351570408
228.91255014007766
228.9122455146935
228.91238783184235
228.91269849272794
228.91304491296614
228.91254237451358
228.91175416082842
228.9127595887985
228.91270637534762
228.91313686358626
228.91249557131232
228.91177049277758
228.91242321451864
228.91263619241363
228.91208086899132
228.91274995903223
228.91245504127437
228.91236127883167
228.91225887947076
228.9130263992265
228.91199268010678
228.91290828803176
228.91207507440413
228.91314244796376
228.9128273285387
228.91297268849303
228.91264071565092
228.9119340013931
228.91311508131912
228.91285081237584
228.91281620982772
228.91205380924657
228.91250318870152
228.9129498752518
228.91294526142156
228.91253917436552
228.91307155540562
228.91276047073188
228.9127783861186
228.9121744154254
228.9130282626429
228.91282960269018
228.9129646247602
228.91195275283826
228.9123450351035
228.9127120715857
228.91217968406272
228.91329190034594
228.9127755182708
228.91202643523866
228.9129289977136
228.91272904886864
228.912254911731
228.91229676788498
228.9121656184725
228.91176117042778
228.91266180084494
228.91135985053552
228.91358538583154
228.91216354744392
228.91211397369625
228.912645350807
228.91162988555152
228.91285816828895
228.91239570720063
228.91249731874268
228.9121651104506
228.91318181193492
228.912586583363
228.9122980418615
228.91269871259283
228.91222094045952
228.9126033954526
228.91217046714155
228.91218553941872
228.91318044053332
228.91268318190123
228.91247806682077
228.91234118152352
228.91238290639012
228.9127388059278
228.91221967431193
228.91315105059766
228.91212431354506
228.91240192692203
228.91290796437534
228.9117410862964
228.91312946824473
228.9123978438438
228.9123708329862
228.91225027297332
228.9124199765647
228.91260729379428
228.91295223249472
228.91283438180108
228.91221153075458
228.91242594239884
228.91224363847869
228.9127478035516
228.91269404931518
228.91259537356382
228.9122651076177
228.91281719197286
228.91241590178106
228.9128637152753
228.91180031842669
228.91305270654266
228.91271520357986
228.9125428490952
228.91268408673932
228.91211843544443
228.91280663767247
228.91275674030476
228.9128461930377
228.91202611394692
228.9122809732653
228.912511948467
228.91262814152287
228.912700320172
228.91227011235605
228.91198482725304
228.91310974798398
228.91217519786733
228.91241045223433
228.91285096918
228.91195241668902
228.9129816412169
228.91274271221482
228.9129528583726
228.91174961322395
228.91259195569728
228.91261707573722
228.91254069961724
228.91232193094038
228.91318642048282
228.91132320347242
228.9124270441389
228.91261134427623
228.91276363235374
228.9129231380066
228.91228984865302
