287.9943287746396
172.62512435553674
256.8691834855688
220.40171307651553
239.20941651582052
230.09106811194306
234.478494383593
232.349577342236
233.37388727949337
232.87788689547824
233.1176486949439
233.00161653508212
233.05792546277553
233.03120365709674
233.04408820135995
233.03790757736988
233.04030289678667
233.03742235642312
233.04038648220376
233.03915936282283
233.03961734686527
233.03971664933488
233.03903108223312
233.039616060355
233.0389384885966
233.03939722883115
233.0397668418973
233.03908442138345
233.04016018017683
233.0389260917982
233.03961982341207
233.03996351010574
233.03926861143555
233.0391521899328
233.03877200651004
233.0384927068735
233.0403085631915
233.03923245489568
233.03904391607648
233.03928214387997
233.039114947931
233.0395748495048
233.03991143892927
233.0398040140317
233.03968633955992
233.03849449878908
233.03985006837502
233.0390167497062
233.03893589934887
233.040064847537
233.03950405012074
233.0392486625169
233.03903715166234
233.0395597044917
233.03963842438316
233.03849601943148
233.0391694227692
233.03958464622337
233.0396191538821
233.03906461235601
233.03954041717952
233.03895628227474
233.0398855657404
233.03975044579056
233.0397577579788
233.03866559358357
233.03990202124623
233.0395656978435
233.03957235932103
233.03942347393968
233.0394799896785
233.03985550068683
233.03925560844073
233.03961678556516
233.0395553444141
233.03918864578736
233.03980981903078
233.03972829310442
233.03935507122878
233.03838834140697
233.03985325823305
233.0399488538169
233.0394967483735
233.03955660292922
233.03963249846493
233.03975903641185
233.03967039831332
233.03968285255542
233.03957547025857
233.0394132408328
233.0390906074026
233.039882517769
233.03950042855286
233.03974066884257
233.0394615686855
233.03928081107006
233.03888365838066
233.03899722577626
233.04018403469672
233.03896018124215
233.03992760078836
233.0394221932147
233.03984416247113
233.0394284670474
233.0394786963443
233.03953733010712
233.0392608101174
233.03966416588082
233.0397504674329
233.03914253516996
233.0389141687192
233.0389487376233
233.03985527207988
233.03845016999549
233.03969602563302
233.039262584447
233.04006318233587
233.03958905603213
233.0396798699221
233.03939833182085
233.0399543233143
233.03920939219097
233.0396477784161
233.03953920265485
233.03898016209132
233.03985398082295
233.0391960348643
233.0390972517489
233.04000188995997
233.03954199736472
233.04000971295318
233.03939200211607
233.03995706573187
233.0391242878104
233.0391562843506
233.03961196417367
233.0399592839094
233.0389628762423
233.0396840471367
233.03917126641318
233.0392743978664
233.0394313252982
233.03914832104056
233.0396589529264
233.03967863251455
233.0398234703316
233.03977722216223
233.03925231871835
233.03934895566636
233.03952826411114
233.0398855700405
233.03917518042726
233.0394899503226
233.039264484687
233.03999264301092
233.0393906300742
233.03960935556097
233.03907067169348
233.04021361914056
233.0388312086725
233.04015716539288
233.03951769282867
233.03959316145483
233.03902740193735
233.04009009503352
233.03906974339043
233.03969491049793
233.0393145713897
233.03962936394964
233.0393775728735
233.0394291935736
233.03872547169885
233.04012601601426
233.03942883617128
233.03944922662777
233.04007032234222
233.03934008492797
233.0393815848729
233.03981908684364
233.04000224497577
233.0395025085527
233.0403154234591
233.03778693809
233.04032748844475
233.03932352205447
233.04040019146487
233.03957405222172
233.03977647051215
233.0394716264418
233.03914702180919
233.0402075622551
233.03876487117668
233.04009531183692
233.03961592573614
233.03949746015132
233.0397370672872
233.03944943385432
233.04001982347108
233.03990993477055
233.03974469943205
233.03943424661702
233.03940239665098
233.03965736948885
233.0390252806974
233.03953845761134
233.03960492357146
233.03973353160836
233.039736858962
233.03959622465482
233.03978379283217
233.03950517839985
233.03911193078966
233.03984505751578
233.03907416072616
233.0398943888722
233.03931636775087
233.03966512366605
233.0392596226011
233.03918363519188
233.03958340581448
233.03941058408236
233.03985692193964
233.03966598505212
233.03970990252856
233.03896946299938
233.03915012422658
233.03949236145127
233.03905640848097
233.04007519946026
233.03934781441058
233.0394504271244
233.03901686472818
233.03990619664546
233.03947122111276
233.0393244629522
233.03957163797168
233.03931242034014
233.0401159022149
233.03948071188643
233.03972765737853
233.03987271981896
233.03964005578018
233.03897977498127
233.0391398823558
233.0399174142367
233.0384973177279
233.04011164694384
233.0390726649348
233.0396156906645
233.03913804198964
233.03882715906366
233.04022297344636
233.03913343853492
233.0393991660967
233.03982648826786
233.03950152044126
233.0387163762207
233.03997272110428
233.03908698100713
233.03997182018065
233.03937615963514
233.0398714843468
233.0388568280905
233.03978897311026
233.03942980524153
233.03958658997726
233.03980602140655
233.03986084862845
233.03922378590505
233.04002750158543
233.03903229859134
233.03863510371593
233.03984596961527
233.0394277836749
233.03994502237765
233.03889190219343
233.0389949333039
233.03930097182456
233.03887536168622
233.04021370399278
233.03941615119402
233.03928545411327
233.04004488720966
233.03930546609627
233.03965170854644
233.03976640626206
233.03920680339797
233.03955632790166
233.03924503561575
233.0394149132626
233.0396299243439
