287.6901886506123
245.78122297454297
73.17186554537511
230.72597255973415
113.45771113185265
79.30520829167995
266.0414609345621
249.41494526582733
66.09793732031403
233.48049306484927
102.94369822763156
151.9307065829289
248.8327402563691
70.67564171371578
214.88473440913185
214.17207876882685
156.2558216783591
268.7603973518253
39.88116694590826
240.79983917046138
82.96857746132355
223.9762182552986
145.55636896478063
252.8521590227274
63.05465898552666
234.51664079919738
98.29654417628808
192.2562134659438
224.24658384946724
185.68007686596047
224.57254131818718
183.18128156396324
225.02323817119213
183.29391444229623
222.61280150998937
195.36916449273485
202.1033648003995
230.1796016473072
104.18096787818286
147.19224909302102
241.8865930870852
112.52818871204363
252.92039802229738
63.32179996717423
264.7989534409189
249.31660233483854
66.11630707189215
233.38796941182045
103.64507063775818
143.69506767064922
252.06690612637794
62.768546288341895
233.39405055219322
111.22947427975123
258.9806519128597
54.31466622674816
236.82223103581418
92.20171818346716
212.585881563793
190.9505620392938
234.97017538016007
95.1801109590142
208.556647726582
191.44108691530346
237.1116104662815
89.44246816882514
219.75944863230688
155.75025770182037
248.4987515471912
66.94941072922666
227.91432270342193
153.80368972420183
243.3602405981619
87.0387293277272
261.808801414918
48.93199345332323
238.38493551937063
88.60030717189147
218.09909027272806
172.81664971977443
243.930153079491
76.1982792600138
229.88909591320407
113.9928478847578
80.06782507440585
264.09866813267945
43.4480680018969
240.0614314698796
85.41648863372757
220.8431640822455
165.52754803025528
245.9814117118549
72.36550969829841
231.5108726662147
109.05277947080685
105.34347595390136
260.19522024778416
48.461692239485274
238.71652777021154
89.75294184434824
212.20639483134437
206.02316625212552
214.74216821731534
195.4575372949439
226.31605972979742
140.56936911592857
253.1824648930924
60.94714512816063
235.37660037283058
96.42939733944513
199.8064348241969
217.80549605332635
203.16499238399774
203.4945586829017
225.33313904291936
122.21340221727223
50.65488943526725
266.1387621524773
40.380630371051666
240.82229954569993
83.85939326617154
222.00696408034855
161.74098445225536
247.0378447566909
70.44342679744295
232.2417371936499
106.83940367274772
120.22593081328887
257.2948343800999
53.13869045073079
237.15700273269613
95.40376893400753
174.57077907237908
245.79520468684132
76.71022888139123
228.84830631939985
115.59424208554265
75.03636251691933
263.5960745072007
43.341156332222454
239.9868778970631
86.52327469533338
217.51013900309044
189.39438055241044
231.54590257524978
116.49475347578846
76.63244924554601
238.59220603227732
88.58549639167177
222.02306255951407
151.80022650141473
250.8010711745228
62.95377548518445
234.6955638706204
100.43041964858276
166.64790193111548
245.4070677331547
76.27434514294873
226.8056571702764
144.7596527476053
251.1383709579968
63.18478235734801
234.61420617518888
100.18766046853125
172.30984519616322
241.75240817540907
88.55322026566864
175.07181576490984
268.00172840875166
45.64732926315628
238.6928078834244
87.0169715627635
220.84241917944018
157.19607063873264
250.02077602707868
67.27435795286874
233.23824300590059
101.98902347233525
166.49966137210868
240.67939857234887
101.953950665913
258.5620710833755
50.951653580013954
237.99827531740448
91.14341859458364
210.73738547877292
207.09956843598047
215.3181795304772
188.5206576901037
233.2505507796668
105.0414756120008
132.82012063812
255.09962350119167
56.888978242983285
236.121572972188
98.45240836031007
155.9706452885148
252.12894115541712
62.622592190877185
235.19654083017667
96.65246547885181
199.69780617122888
216.87366452729475
206.4970365856425
193.0176953246555
234.4881305853487
94.99446925996745
208.81110245062882
186.72714885273308
240.06235668420413
82.8125190078863
226.36134307877364
127.14845974546188
27.989749047381338
270.0219011258014
248.9409423529869
66.95573800591228
233.21506473512272
103.80031287567544
144.36564130848274
251.2506015543404
65.00877037510509
230.23633123296167
136.28335953758506
251.1659975771836
63.881607464958506
232.92198397018365
111.90229804864794
258.9826322735389
55.05535956881795
236.49426345705433
92.95104975461436
211.14934989430185
194.42688270416693
232.82759735539003
100.637402139997
181.44537843159196
226.36565299022186
189.314016618584
207.10569375467458
227.00770117024513
112.11312394881679
92.80510221118311
258.1348869255453
53.099953897042724
265.94225446001656
249.32797940799355
66.24763651829562
233.41789825125306
103.12195184321172
150.38815580727533
249.32898010181816
69.48581185873627
219.25789281759353
203.03091966043576
179.1279089393356
268.1568950453293
248.82549208838464
67.15493375343067
233.1088939794572
103.98788879479253
143.12400827584497
251.47234482682688
64.64013742059615
229.98125382278522
139.40962703443802
249.8106100453224
67.14945286702277
229.7229336491364
135.3257099490147
252.21252815925982
61.44770152043202
234.66566571235307
102.0620707514463
138.4873110332701
257.04108296573395
250.67594632944383
63.99490352340217
234.16382529585098
100.68752771387517
171.74572138449003
240.69296242784185
95.37823300706805
260.9826044320798
50.0971951593674
238.11013408526196
89.26634206905146
217.18492751089798
176.58273599485983
242.29081243195105
79.23463243317383
228.27280239539687
120.23517382917635
57.3288142131787
267.5202859513083
43.50736080633942
239.5363857379416
85.75134975151741
221.74864241018076
154.82678384822793
250.49906809351523
66.3207020056434
233.59102066385094
101.02488479358726
174.13231181060837
237.04109101661015
118.46450313275272
254.84349843238306
57.1929879598174
235.49419492691231
101.52341034177516
126.26245390690747
25.586448268266395
268.32503762753913
37.705388894784846
241.82906058232766
81.56747284057201
223.90098425631004
152.36743138270685
250.05537149462907
65.41271348638111
234.079657875438
100.58085225352261
174.6668462294474
238.46085124193633
106.49467574554728
258.51367619412486
51.441648270963924
237.96777230776206
90.51992832777614
213.71815386349044
195.02337913216616
230.04355432407465
114.33016550645698
77.65588505996857
265.0693348356144
43.541038093855605
239.93390040162194
85.20725105743622
221.76485591182427
157.24550375179388
249.4136017737037
67.24754822302202
233.43074001757486
101.83625028053939
166.72043828682217
241.19326767021266
98.25842252834991
259.6214475182351
49.768335601867875
238.38810125476448
89.45480195671553
215.5234191827767
188.93652751391346
234.34809322768706
99.74043434360647
184.62153188703815
230.86651930272637
151.9360372472729
244.66301779955393
82.65771967211913
262.64002926550165
49.83512336833519
237.86152839355054
89.6398870369012
217.0130807776295
175.64159140567062
242.99682839296293
77.94860483707453
229.02268450213887
116.94970522564836
68.36487386375666
265.76437911525136
42.247552555272705
240.28040668557514
84.51180055536679
222.30762598519505
155.2771377898316
249.9294726201042
66.3889646622847
233.71647488653252
101.00311693704862
173.42537851061206
237.99679975338222
111.99927989613207
256.7086111539393
53.826005396287655
237.07906278668088
94.33978454497992
197.404617097156
228.40462748520076
129.25541209525545
256.40818678654614
58.99676169475424
235.411420596487
95.69805559657107
203.72088065408752
209.53746745396347
219.3159718028619
152.78503873650334
232.809247811354
159.16841209933045
219.6090157766448
217.48433339410985
156.2338148248673
268.91702662377793
39.41454815103498
240.9736749209551
82.68635888669814
224.13061406792258
145.21777408750495
252.8892309761868
62.89839610426861
