287.67423085155366
220.4445668159965
59.79071940325491
228.27541420461444
245.40759578757206
238.74235189539627
240.91208750309625
240.1203210143858
240.3991218629194
240.29667964085593
240.33554957110027
240.32134384885148
240.32642565170318
240.32398750453467
240.32535502913106
240.32493466730284
240.3246364823517
240.32523590700748
240.32519792962557
240.3249525990941
240.32506932025444
240.32483691918878
240.3246131204869
240.3250335617795
240.3253237782319
240.32493626730502
240.32527677075814
240.32446284342404
240.3249511901231
240.32453968627487
240.32478773256298
240.3245106487393
240.3247665473973
240.3254748425952
240.3241445638214
240.32421608680488
240.3252467978091
240.32520734047102
240.3251518189245
240.32441746645964
240.32516371394377
240.32455326289346
240.32484565560117
240.32506191782159
240.3244485646701
240.32553900248786
240.32452902709338
240.32515977577714
240.32478677566542
240.32457827976032
240.32496471175546
240.32460003026063
240.3253051235988
240.32445367605033
240.32512025416509
240.32413941450795
240.32506222475058
240.32534544516602
240.32452159875174
240.32531339317575
240.32522816541677
240.32454738479646
240.32550083567548
240.3242668697858
240.3255725563722
240.3244560119856
240.32500170219646
240.32518618681934
240.32534647490684
240.3248155104775
240.32512408635375
240.32464649546455
240.32479237721782
240.3240905300372
240.32477413081142
240.32531975376696
240.3248442624863
240.32519883111672
240.3242702741045
240.325083035008
240.3249851967339
240.32468485755453
240.32454793967918
240.32518902299125
240.3251692203521
240.32500811390128
240.3254210273044
240.32508132437215
240.3252229151367
240.32496510103374
240.3245839402589
240.32512017071713
240.32516692728677
240.32513684441074
240.32502962822036
240.32496410141175
240.3248333169904
240.3245706194939
240.32437098633818
240.32520750525146
240.32507196062215
240.3245193011171
240.32462996595132
240.32522184021218
240.3251353624437
240.32508873999177
240.325010759836
240.32450793930184
240.32503423686285
240.32520689445664
240.3249168282564
240.32488508478127
240.32499340752838
240.32434276302956
240.3252966823129
240.32425853248424
240.3251813453462
240.32520333357388
240.32500916136632
240.3254042335684
240.32422738376044
240.32529325742507
240.32518149671523
240.32484304690297
240.32544717701967
240.32441748413112
240.32477591343923
240.3253770204392
240.32508118401165
240.32502547013428
240.3249723462941
240.32508408711146
240.3253351400126
240.32536330167204
240.32452794609708
240.32529562766285
240.32453742720827
240.32495516961353
240.32557770525455
240.3250221864073
240.32496542789886
240.3242029397734
240.32501355888235
240.3254598995918
240.32489218930277
240.32502245065552
240.3249813028233
240.3251295838345
240.32519113810122
240.32507964452088
240.32486633799272
240.3250648155299
240.32454247904388
240.3245353603561
240.32468562672148
240.32461199153477
240.32452043076773
240.32486915107438
240.32521728063148
240.32531693013152
240.32360541001253
240.32566540894186
240.3247873970904
240.32546450978407
240.32493726006942
240.32508412932657
240.32530023802974
240.32414882320882
240.32481346003624
240.32513667236344
240.32530524535832
240.32494790769852
240.32548693021818
240.32440941350796
240.32493554842222
240.32504199806135
240.32448385351017
240.32417442279984
240.32479998673807
240.32505865339772
240.3249742771004
240.325044214449
240.3239825372293
240.3254860004963
240.3248990870634
240.32458749762736
240.3255434033199
240.32318346726242
240.32529454064206
240.32435306927073
240.32568146019184
240.32485435887065
240.32446277078998
240.32430461925105
240.32530617144948
240.3250345633569
240.3247646602249
240.32468069088645
240.32450001704274
240.32543354858353
240.3251277123345
240.32502891610784
240.3250657286262
240.32512290979503
240.32495925703552
240.32435262334184
240.324671633236
240.32462042056432
240.324640787323
240.32489482277015
240.3251398739958
240.32518731160962
240.3245346261392
240.32396166140097
240.32531672793266
240.32449656317476
240.32541918156494
240.3245037776942
240.3252449259744
240.32525728776818
240.32526925338607
240.32503407128388
240.32404735586897
240.3253606849612
240.32505738911277
240.32542095221288
240.32458468766708
240.32527629785181
240.32516304739693
240.324580283268
240.32529859193892
240.32447792083258
240.32513918909535
240.32454878096178
240.32489125648863
240.32462837228377
240.32516579021467
240.32406880774943
240.3253109447396
240.32498082226084
240.32531702394772
240.3247515175317
240.32461264527228
240.3251748427574
240.32453353625897
240.32466569481767
240.32424443066702
240.325309993088
240.3248789512436
240.3251484707871
240.32524579188612
240.32490389651502
240.32450640921888
240.3253008081374
240.32525470615656
240.32473898470926
240.32511160204012
240.32498599340033
240.32504933963355
240.32497778780817
240.3254876244464
240.32461034301377
240.3251461199252
240.32441327256674
240.3247283903329
240.32448570358974
240.3256205603975
240.32490121650335
240.32459395714977
240.32509856592515
240.32500545470975
240.32457083168265
