288.22354566955477
258.2309079824339
261.0037950050007
260.5725217545887
260.62749060047486
260.61825102518014
260.62071270186425
260.6204337509166
260.6208470822262
260.6200954655624
260.6201656208905
260.61934316945553
260.6206775516994
260.6200713222406
260.61944266265346
260.61950979908124
260.6204157835091
260.6212748727594
260.6203140122525
260.62034441813375
260.6202392826963
260.6200873586713
260.6196629893984
260.6204127655237
260.6203781881286
260.6206798933854
260.62033191802584
260.62041717411194
260.6205178714463
260.61990944842364
260.6193093395523
260.6206755183466
260.6201362487118
260.62055059027625
260.62001303738725
260.61939425508535
260.6205427462919
260.6198832307782
260.62117730343743
260.62047561768486
260.6197440812939
260.62043776130304
260.621010559742
260.61969469141695
260.62013841380394
260.61855029181606
260.61935647525024
260.6203480401673
260.62035093038867
260.61974055765313
260.6204248396971
260.6204579678524
260.6204279639278
260.61940810476153
260.6199295953156
260.619862788124
260.6205758081196
260.61951315329134
260.61962730771484
260.61944954951105
260.62074037643833
260.6198325661717
260.62101344224357
260.62042227639904
260.620553977722
260.6202713051862
260.61896869347765
260.62031284436307
260.62044079028055
260.62063223772566
260.6207727519504
260.6196508012654
260.6212668460066
260.61956014605676
260.6192379147469
260.6202865857704
260.62027504305297
260.62013575122546
260.6199620038824
260.6195906919165
260.6204259392398
260.6199620823463
260.61979906239867
260.6210278291328
260.6195804996969
260.6204294424533
260.6190945174021
260.61948261882935
260.61996990594344
260.6197996540286
260.6216215024906
260.62046881296556
260.6203152268499
260.62075368889055
260.6195607223417
260.6204087266233
260.61977397022565
260.62035436884617
260.6201734177812
260.6208648358661
260.6198762212807
260.62011959851225
260.6202634803194
260.61972784413956
260.6196693814636
260.619887284156
260.6201297282023
260.6207781583944
260.62031043504976
260.62013111801207
260.62049007057794
260.6203883768685
260.62071755904617
260.62009073198715
260.6207244862089
260.6206956462629
260.6205438873294
260.6194776098855
260.6204860942671
260.6192282259799
260.6206726844466
260.6201758913594
260.620266631362
260.6206904267747
260.6205475050738
260.62054594689835
260.6210082097823
260.62035306043254
260.6205156807264
260.62026660657284
260.6199867496616
260.6202290976871
260.62026275759854
260.62029502136284
260.61982176556194
260.62043016839743
260.62009075762035
260.620101194334
260.6201132982678
260.620167000292
260.62073494169454
260.62010126498353
260.61923317518085
260.620325249125
260.62035068242403
260.620353552149
260.6207447580964
260.6203207915096
260.62020305341866
260.61958756386593
260.62041844730265
260.6198100542679
260.6207853163505
260.62012268933177
260.6204536037112
260.62023226180463
260.61943878656894
260.6200828628207
260.62061463559803
260.62055258201144
260.6195628273854
260.61993551030173
260.6200482832646
260.6205273637024
260.62067113191006
260.61965739117295
260.6201870241348
260.62025723667466
260.6199371297407
260.62050371218356
260.620057232969
260.6206981810101
260.62021642668697
260.62030611303635
260.620338504712
260.6200480141706
260.62025960588653
260.62057925830595
260.6197357734927
260.6207147461246
260.62041678794776
260.619799930093
260.62023673670774
260.6204060160235
260.6203076258971
260.62029062915826
260.6205859037
260.6202394855354
260.619593276846
260.62030551001953
260.62049429511535
260.6199583779671
260.6197958201519
260.61992523392837
260.62043662295036
260.6201668155263
260.6200918009272
260.62032160826493
260.619321397171
260.6206980877323
260.620122966473
260.61944042306277
260.6204731031903
260.6200681441114
260.620895734799
260.61974415174336
260.62020881169883
260.61996362236096
260.6200196035352
