287.9609030652192
60.270346666822775
269.5686389026173
93.89780058251631
265.32898120065875
110.00373078554503
262.5812808907017
122.70859064059414
260.19681788147454
134.13275882286143
257.8729604692121
145.07977409846808
255.42829322337502
156.01269846448668
252.6988206592605
167.13178529941433
249.53011778262407
178.24263977356804
245.84008037902277
188.69974930006265
241.73702230098297
197.6751765291192
237.57673615616932
204.7013164832797
233.800701462701
209.8519239604684
230.67969563958286
213.49561416627876
228.26246763421477
216.03623250357123
226.4599584861444
217.80200921378673
225.1468962223571
219.02966972466675
224.2003021628061
219.88511753985222
223.52506184176855
220.48287292093846
223.04423324275376
220.90110510797604
222.70433537359713
221.19415116218988
222.46379591836012
221.4002643845797
222.29316804094196
221.5435395043187
222.17358866817813
221.64565371418394
222.08863399744405
221.71741438792014
222.02892845402312
221.76769515744127
221.98651754735147
221.8018067277917
221.95775306450378
221.82753233465337
221.93739579508474
221.8445490153099
221.92229858673818
221.8570657307937
221.91167253929962
221.86595514433066
221.90381585996147
221.87194513193026
221.89961036134264
221.87616668733972
221.89431209005488
221.88068380154436
221.89154616724045
221.88359819440666
221.8896902980705
221.8853427840404
221.8879804670687
221.88587241471396
221.8874192973999
221.8864622354704
221.88779404052548
221.88686207219507
221.88744087404848
221.88635877681372
221.88689081613848
221.8870516190982
221.88632207261253
221.88817991122414
221.8857699503278
221.88776683943433
221.88605193527837
221.88711530945147
221.88669660777668
221.88615522225518
221.88812471618803
221.886047408374
221.8879125764579
221.88618212813162
221.88784686649524
221.8856734361325
221.8872646166492
221.88745642253343
221.886876047236
221.88729455193243
221.88682081039588
221.88757074814566
221.88680439112068
221.88670371702756
221.88686376680562
221.88671437380617
221.8871423341916
221.88659459492192
221.88741437876888
221.88628425723437
221.88703888216696
221.8870015126231
221.8867420344177
221.88659226184245
221.88698738811217
221.886899314748
221.88733208877966
221.8858051685529
221.88766491803108
221.8848866524204
221.88849028763798
221.88551187032863
221.88845447629865
221.88551788053883
221.88764037585497
221.88582293246145
221.8876938144531
221.88649593113223
221.88779205903847
221.88662929036218
221.88716458906129
221.88544694758457
221.88803007775277
221.88478330971702
221.88807462513796
221.8849442958308
221.88802010642394
221.88556366791454
221.8877009612479
221.88569676865882
221.88836652856844
221.88563617816544
221.88811200111377
221.8859867598294
221.8873271006596
221.88556696282467
221.88734440508415
221.88635349873948
221.88751104705443
221.88611945460434
221.88692499542958
221.8870085555318
221.88688829217426
221.88678648073983
221.8862097560559
221.88656464109954
221.88741133325675
221.88543077838403
221.8887905923766
221.88488176083774
221.88872056574473
221.88528829664574
221.8884571196977
221.8845486860082
221.8884370073938
221.8855092360609
221.88863039504213
221.88524137706554
221.88882421934977
221.88416362012504
221.88794803825294
221.88569969578384
221.88742355405702
221.88558995802305
221.88809248546022
221.884972328211
221.88820772703912
221.88650190298358
221.8870427488364
221.8868754036157
221.88671203521517
221.88628313819936
221.88676460884744
221.8857039675495
221.88774646790262
221.88647444018716
221.8873623125619
221.88641738703154
221.8864592673708
221.88643505450455
221.88644097762153
221.8867192181351
221.88667255091423
221.886630918445
221.88595003075898
221.88776261056046
221.88561137145734
221.88782131898188
221.8865916106006
221.8869020205966
221.8858762163436
221.88667739732045
221.88696712438832
221.8869363491176
221.88706950988853
221.8857954372943
221.88760168408044
221.8856837358253
221.8877682983948
221.88649529650866
221.88752478519018
221.88620375221944
221.88710478891153
221.88573832709517
221.88756479052245
221.88663762444048
221.88705015007872
221.88648308588017
221.8871701121534
221.88663499543327
221.88685253227595
221.88679290022992
221.88703746795363
221.88593402219703
221.88639900478302
221.8875265292736
221.88662658988324
221.8875302438537
221.8859936633089
221.88737231263076
221.88618263270473
221.88704542229243
221.8864983568492
221.88596081991273
221.88749933546933
221.88522239084705
221.88841745097307
221.88572179242328
221.88791402682546
221.88621732237516
221.88790117147437
221.88560951706313
221.887952836536
221.88625510557904
221.8869776409556
221.8860564846109
221.8868627486081
221.88702537138306
221.88694577032584
221.88726485685038
221.88652199217177
221.88724622339942
221.88539006796782
221.88841645383218
221.88534555009392
221.88838408203446
221.8862539561669
221.88802682576352
221.88564368209336
221.88806334148103
221.8852624939318
221.88826436352974
221.8856955535157
221.887750898808
221.88664158902247
221.88734840849065
221.88631734227238
221.88741361284337
221.8857078828005
221.88735126265965
221.88660138977866
221.8859204750479
221.8877024735848
221.88476184288447
221.8891532853304
221.8846917427436
221.88794570596656
221.88598319164885
221.88735689803434
221.8856499564572
221.88808370496554
221.88549013300508
221.88736544299172
221.88632087642327
221.88706251942494
221.88713917286077
221.88720248432946
221.886817317456
221.88635779515607
221.8879922247288
221.88644225274038
221.88663343981898
221.8872194353171
221.8868082897534
221.8867825914058
221.8871495788626
221.8867806281778
221.8870399481093
221.88699800024915
221.88624420914857
221.88673848941107
221.8869988288352
221.88659691695648
221.88698273140471
221.88591619880754
221.88690115664212
221.88687096489593
221.88687074108748
221.88593461205892
221.88730420178035
221.88680204412958
221.8872910123173
221.88695451819513
221.88510695763398
221.8887239555479
221.88554420493892
221.88798315091117
221.88571613491513
221.88776904753468
221.88544579401787
221.88838790946465
221.88586329300597
