287.9977961221572
187.74449879274437
253.66495825894594
225.05779109404625
238.53573560844507
232.29898074090784
235.1191108882649
233.8257487201522
234.4126534211723
234.14414964930256
234.26782013012507
234.21103890987297
234.2371536694236
234.22524760978013
234.23031560834352
234.22834976913418
234.2288792100171
234.22916647115744
234.22861409617963
234.22833772770718
234.22909663236442
234.2294386390804
234.22813346459316
234.2291015219662
234.228184528758
234.22954718886285
234.22837057163088
234.22837058536788
234.2283253116275
234.22925260454758
234.22913109151705
234.22850838261002
234.22934794262255
234.22934209040068
234.22891850712767
234.22866068232906
234.22884310922745
234.22881251370018
234.22865839187943
234.22900651574673
234.2287974786359
234.22903660039992
234.22875415095405
234.22873807929864
234.22900258521258
234.22870009256258
234.2292474090409
234.22881157309166
234.22826377546517
234.2292366796064
234.22897994082814
234.2284299310777
234.22818529677534
234.22922350261797
234.22870902165232
234.22910814592615
234.2294610150093
234.2276389027138
234.22985200864787
234.22682774383793
234.23046893586434
234.22847083117813
234.22887771970272
234.22894431599343
234.22923202201855
234.22877459426672
234.22928676189622
234.2288602570079
234.22901569487294
234.22823510286617
234.22932627927003
234.22790297114625
234.22905373914182
234.2290067345857
234.22827980509828
234.2285276830662
234.22888520700144
234.2290696412383
234.22858520790032
234.22894349550188
234.22879003302296
234.2283672987396
234.22918396798923
234.22931663811687
234.2283787508277
234.22927190960036
234.22889408542687
234.22809300654262
234.2285940558104
234.2288414568393
234.22840304462807
234.22887241619173
234.22898765214268
234.22817102748013
234.22873042171705
234.2292871558966
234.22889536350704
234.22824914372904
234.2284433106106
234.2285652497594
234.2290375691373
234.22835927875713
234.22857057987858
234.2292613246027
234.22829678607377
234.2289621668533
234.22873540013825
234.22894829384313
234.22853954334278
234.22856726005557
234.22890166965954
234.22886925766943
234.22856424137717
234.22877927025547
234.22905455414002
234.22812824653374
234.2288362029867
234.22870789825538
234.2292308492033
234.2286183670003
234.22913259427878
234.22860335107544
234.2288596574217
234.22926999277843
234.2288072403171
234.22904634760198
234.22858964971965
234.2287213274758
234.22925121364824
234.22859231014445
234.22836868307058
234.22903729340032
234.22857569869666
234.22868750493217
234.22920287500892
234.22862982257357
234.2289526403838
234.22865335299866
234.2293550725226
234.2289795290635
234.22867460464477
234.22865144634125
234.22885244978534
234.2284525041614
234.2294745411491
234.2286570520082
234.22940731725976
234.22869025675755
234.22880371245265
234.22903898674122
234.22902082094515
234.22903763953946
234.22894844064285
234.22891882013937
234.2285848326792
234.22904024516902
234.22804895335867
234.2285617264788
234.2282959270742
234.22941498662112
234.22859609429725
234.2291161948815
234.2283624099291
234.22872491640737
234.22894493464264
234.22819331150822
234.2293902389938
234.22832770662353
234.22942352027167
234.2280765789983
234.22962961761368
234.22864829254104
234.22889067690267
234.22841636846715
234.22925986548944
234.22755486010283
234.229630866168
234.22882730866695
234.22885237651644
234.22818705660757
234.2281057491855
234.22915533296327
234.2288852947022
234.22830699277984
234.22911810081132
234.2292084064611
234.22862388106296
234.2288820325557
234.22948800356244
234.22796676438884
234.2294774451584
234.22880990624253
234.2289067048987
234.22925645118812
234.22863098810194
234.2292166835541
234.2281799277116
234.2288753974135
234.22906857203634
234.22802258879528
234.2292071179545
234.2288139511511
234.22823156045342
234.22840193590673
234.22899614300695
234.22957223579579
234.228995792786
234.22870575512934
234.2286607023998
234.22898682062805
234.2281419303472
234.22942361651803
234.22782126364473
234.22961890345323
234.22852714985493
234.22859316335234
234.22893897116592
234.229087129861
234.22807825247583
234.22946113874787
234.22944850087515
234.22819673336926
234.22937981887662
234.22797973876004
234.22888580223662
234.22760900863796
234.22942640681867
234.22882556567492
234.22856003661582
234.22859098835033
234.2281585032324
234.22900415987533
234.22848925307335
234.2285588766972
234.22868125373498
234.2288092355593
234.2284172932268
234.22783115466882
234.22922316627228
234.22876959308633
234.22883506024664
234.2288247643446
234.22807033952267
234.22956295906624
234.2282755960914
234.22917424762272
234.22907400710392
234.22887385133072
234.229079131037
234.22931358897767
234.22867980676529
234.22889552886772
234.22866962039552
234.2284329306276
234.22896162921097
234.22892732899345
234.2283903854841
234.22918384142395
234.2288474740053
234.22817317725276
234.22913452537614
234.22878485315596
234.22874074017454
234.2287120961264
234.22901267280395
234.22888125827012
234.22935523916385
234.22840016396367
234.22903288302768
234.22764923521027
234.22909892334428
234.22853969548305
234.22901327598083
234.22829445285606
234.22939854599827
234.2282724553952
234.2290317541483
234.2287094049534
234.22934489118052
234.2285599456809
234.22914086769742
234.22874899455928
234.22879547765478
234.2292488602252
234.22824189391395
234.22869764648203
234.22911749010382
