287.92634929711835
268.48053554516537
269.2566342177781
269.2066110639523
269.20878434843735
269.2086711120478
269.20873925213346
269.208636863415
269.20924615148215
269.2093202154574
269.2092107597209
269.20852661063054
269.20916278898767
269.20849825552796
269.2081231131997
269.20949481540447
269.2082906980413
269.20820824088514
269.2093394062813
269.2087471667437
269.20926302701264
269.2092453276855
269.20924516136074
269.20914996246756
269.2083255380894
269.20913656443736
269.20955453719034
269.2091648846945
269.20890937297736
269.2091051976058
269.20893074904234
269.20880867230153
269.2091272110665
269.208798010186
269.2094668921891
269.2090791176597
269.20899577082673
269.20859482910237
269.20881954380457
269.209304145279
269.2092571032881
269.2080536991598
269.2090502731844
269.2090832210197
269.2083277079764
269.20800918237364
269.208726505698
269.20875707139567
269.20923837029113
269.20854705167585
269.20860229989194
269.2091567306961
269.20927037587535
269.2087238459899
269.2087863698798
269.20928668049237
269.2090179326369
269.2091645838009
269.2088288856394
269.2088176557809
269.20922665752005
269.2091354344666
269.208663309415
269.20907560647174
269.20869567865884
269.2091960252219
269.2086307107238
269.208663530444
269.20888163649215
269.20881402746454
269.20873672689777
269.2082237825598
269.2092955858243
269.20900851357146
269.20923181503167
269.2081556607809
269.20801720876625
269.2088758586324
269.20923881363706
269.2085248197254
269.20841278614535
269.2084594640619
269.20800249063905
269.2089692918453
269.2088799413614
269.2078974226315
269.20946329756407
269.20846601581434
269.2085953152273
269.2093534904852
269.209157235935
269.2089950286536
269.2084620434762
269.2088662505994
269.2081551764495
269.20818499443703
269.20931759654195
269.20908587580925
269.20810599775723
269.2090401590103
269.2086899872229
269.2090469895411
269.2087984111786
269.20774724130024
269.2095418699246
269.20905277458223
269.2076128816552
269.2099719570688
269.2087736878457
269.20870571505657
269.2080258250862
269.2089521908274
269.20939619753335
269.20915944469016
269.2086107239884
269.2095179099051
269.2087967834741
269.20923869488615
269.20912690383557
269.2093399538571
269.20866131199
269.2081189866876
269.2080667230621
269.2093961605424
269.2096125100943
269.2090037654125
269.20867061759054
269.20870177450706
269.20898991530703
269.20898677672085
269.20902529897285
269.2087838414882
269.20930865081027
269.2088761631021
269.2082170111971
269.2094933453627
269.2084325769538
269.2086975501006
269.20856358937453
269.2089169893734
269.2088630068465
269.2088014412875
269.20834812067915
269.2089952743554
269.2084324281168
269.20899864191597
269.2093768494087
269.2084216326184
269.2085651958623
269.2087639419624
269.20874135303893
269.208976883936
269.2088883435208
269.2088393556769
269.2079947175662
269.2087205166463
269.2087320503924
269.2095375584322
269.20846510514093
269.20940256051836
269.20900437500677
269.2082950499753
269.2087879703322
269.20765247099916
269.20826546207536
269.20841255786945
269.209016503999
269.2088667807402
269.20886902851635
269.20856077366625
269.20897133469407
269.207653626363
269.2089694339811
269.2084793021495
269.2092593422858
269.20754260220565
269.20889222156256
269.20874577306677
269.208862586398
269.20918227637594
