288.168083584231
259.88038757212666
262.22972315511083
261.8946929600738
261.93379662866755
261.9291978843148
261.9287695926246
261.9284909110688
261.92832031660737
261.92962731677744
261.92947634196025
261.9276117085692
261.92953344452417
261.9286286801407
261.9294333716525
261.92940988856753
261.92934665964094
261.9293598871136
261.9289343374476
261.9295164612813
261.9293568011781
261.92901803860514
261.9296115921152
261.9290157011583
261.9284643211795
261.9295018095545
261.92935841925464
261.9288905648136
261.92961671865123
261.92799319377264
261.9285839550048
261.929443685809
261.9292457018455
261.9292500159281
261.92891467500885
261.9291601622863
261.9287878332543
261.92895704620605
261.9291464440357
261.9287147058749
261.92888507806856
261.92969425874617
261.92849769062013
261.92844550810696
261.9287249263507
261.9288448462539
261.9288606167356
261.9298190110312
261.92911650634414
261.9286419959826
261.92877173534
261.9290060276253
261.92886059531884
261.92912826921383
261.92969706394797
261.92896095596006
261.9291911097753
261.92955294023704
261.92878360440955
261.9295483341739
261.92964772695996
261.92827254854274
261.92986189703515
261.9288059035025
261.9293279198646
261.92820809451223
261.92831195601684
261.9296846276411
261.9283909076694
261.9291735753868
261.92829721214366
261.9287388380253
261.9291800579231
261.9282965779712
261.929805906977
261.92935620467324
261.9291722249618
261.92952510002215
261.9292750903187
261.9297918874581
261.9295002683648
261.92889225333784
261.92980060026457
261.9288847755597
261.92915756353614
261.9288077630772
261.92884646613675
261.9295515433987
261.92868975420424
261.928795269494
261.9292548338926
261.92874564722297
261.9294910402823
261.92947420741984
261.9295174275321
261.92874501337064
261.9296732101502
261.9290683299769
261.9286460401854
261.92936635635124
261.9295081899545
261.9273159013246
261.9294471979374
261.92911995180475
261.9295881294529
261.9287557063144
261.92890538101346
261.92949147399486
261.92819877796865
261.92875138379895
261.9294601574147
261.92836247218656
261.9295558645317
261.9296001327384
261.92908242448175
261.9294797155817
261.92933325281774
261.9289840426936
261.9286885004185
261.92913652178686
261.9291677650399
261.9290639888568
261.9293832662952
261.92924135697103
261.92876798299403
261.92942286598554
261.9291839464131
261.9294303411298
261.9291245320492
261.9291547806133
261.92882104391174
261.92964604187
261.92896558189386
261.929070460661
261.92929975293373
261.92887672499637
261.92909209022764
261.9290086525725
261.92878788898815
261.9287114693434
261.9291046460421
261.92904803264537
261.9298740148806
261.92866724703345
261.9296798532596
261.92916877211246
261.9294915086066
261.92886868776986
261.9283280075033
261.9291990274214
261.92886052244285
261.9290300176217
261.9293962120719
261.92932051079697
261.9292486373597
261.929460843312
261.9275728433131
261.9299226532312
261.9296711220959
261.92785606921825
261.92951974851894
261.9280457564164
261.9296814798872
261.9289084569318
261.92978130134
261.92878306597413
261.9297287183872
261.92946447186114
261.9295672559965
261.92848278055317
261.9293256579258
261.92806236575416
261.92971343387035
261.92867388956074
261.9294949654286
261.92911918905156
261.9290633614437
261.9291874635528
261.9287332284148
261.92905852603144
261.929075577209
261.92992220947053
261.9285782122897
261.9292957067373
261.9286476325942
261.9285080898844
261.9294459096709
261.9280617832992
261.9295734549669
261.9296383434121
261.9293654039211
261.92973555203935
261.92817166754685
261.9285430355958
261.92930276613333
261.92923638351203
261.9293007795932
261.92923611510196
261.92956887351465
261.9283022234158
261.9298684794776
261.92982909023704
261.92816261039115
261.9293876654119
261.9284784560732
