288.2958268488363
236.37510415289023
250.0810000425006
245.73676681176266
246.8972334195962
246.55626309305217
246.65398844286528
246.62578114936878
246.63316369515906
246.63134937082168
246.63186360877944
246.6316025226497
246.6313776968036
246.63187587614448
246.63124406099178
246.63207299728128
246.63157868763483
246.63187320749057
246.63193703655088
246.63227072732025
246.63148431955415
246.6318334858206
246.63071769760973
246.6314735165579
246.6322988302909
246.6320877818889
246.63196168440845
246.63171142590727
246.63211017287722
246.63160656953187
246.63242014169373
246.63172710149775
246.63211041112118
246.63198471020405
246.6318397232808
246.63107214052252
246.63231980399723
246.6322316892365
246.63183113809464
246.63123872253345
246.63228716308186
246.63215408095857
246.63170265548615
246.63169647867107
246.6320801611364
246.6316315936092
246.63213061142596
246.6311565377182
246.63212042707892
246.6314190969315
246.6319582213946
246.63201670933995
246.63159486217774
246.63214954960858
246.63213394485138
246.63146782738113
246.63248499148904
246.63194921350077
246.63178457678077
246.63136384686732
246.6320386173029
246.63165020779343
246.63185529054317
246.6321063065334
246.63187270826165
246.6321371522754
246.63190245840087
246.63180201252908
246.63214563182555
246.63144734234447
246.63218155564027
246.63228960173
246.63159858978543
246.63177454795004
246.63159700960387
246.63148762953642
246.63231099445693
246.63168308654713
246.63196821538077
246.63176892115735
246.63093980367194
246.63247608932215
246.63192172082927
246.6312059799311
246.6323670905549
246.63192028809863
246.63200846708787
246.63217304342834
246.6315595503911
246.63214105621591
246.63174914150295
246.6321152825476
246.63203030809382
246.63234305936203
246.631571506834
246.63185079048708
246.632269794296
246.63174185246316
246.63185335972958
246.63163869234995
246.6319770442642
246.63170534307574
246.63230825684877
246.63126371032558
246.63237550771737
246.63193784292525
246.631490194457
246.6311727941793
246.63214699630043
246.6319287930237
246.63203716278076
246.631753546033
246.63163802641793
246.63145081722178
246.63189402503485
246.6322075581702
246.63117610019253
246.63197719218442
246.63096192088415
246.63226237483468
246.63193349828362
246.63171288513695
246.63203497875656
246.6311766047147
246.6320817769447
246.6314506980052
246.6318374237162
246.6315102879089
246.63203003579838
246.63187880971236
246.63220606724644
246.63162271832698
246.63214043498738
246.63158132429817
246.63230775389093
246.6316216567502
246.631956880301
246.63202751278732
246.6317306369092
246.6315239788164
246.63192064922623
246.63140674996248
246.63246818449988
246.63164492851502
246.63222347210103
246.63175277489063
246.63197236161795
246.63179381904774
246.63167300089117
246.63204615868744
246.63058305890445
246.63249275695125
246.6318781553491
246.63207549459185
246.63133135473618
246.63191283109336
246.63189589531976
246.63106529728248
246.632463989612
246.63169911658042
246.63177760365215
246.63149844707368
246.6323793636475
246.6318540598586
246.6319560017364
246.63200554576906
246.63198973526596
246.63208716844383
246.6317920688598
246.63088347375742
246.63283562180004
246.6315727660549
246.6319774472504
246.63141817683936
246.63189677034097
246.63176764090895
246.6320554825361
246.6317561349715
246.63226002969895
246.6315021096525
246.63130347435072
246.63177330167673
246.63186198931362
246.631885385621
246.6317575170251
246.63219421714894
246.63202677339723
246.6322004126705
246.63226146770467
246.63160725704802
246.63212068811117
246.63194637988636
246.63195866483147
246.6319482192339
246.6320875816309
246.63182066801528
246.63185366072867
246.6318005831272
246.63200296349532
246.6313568004989
246.63251927796227
246.63212808268145
246.6318799663568
246.63154989047325
246.63238233322045
246.6317870963394
246.63134808844188
246.63191423896933
246.63046047005628
246.63247507925553
246.63139730533294
246.63222965446766
246.6318729587074
246.6320520471636
246.6311771755427
246.63205584812385
246.6320436178503
246.63156765329768
246.63147636408394
246.63229503075127
246.63178659038385
246.6314867019246
246.6323117693537
246.63176489363832
246.63087945735606
246.63212690432556
246.63183880469296
246.6318866932561
246.63153354077076
246.63086880718765
246.63212545741408
246.6321523544466
246.6321744886518
246.631571046295
246.63221052705194
246.63207842386328
246.63163835043088
246.63136317081808
246.63242181148962
246.63145343071665
246.63178065713146
246.63208807379124
246.63188497078954
246.63202814362012
246.63204415338987
246.63132529747963
246.63107778666017
246.6317091052333
246.63186826056335
246.63176262950583
246.63181110507867
246.63184308851487
