287.59624678595986
233.116202571926
153.9665094836497
140.41080616558395
255.9796904922514
76.32534190957631
58.25662088366221
190.43475157728062
239.8617492291578
142.5380299915787
253.5369907479453
81.31496440376077
52.937266900072245
211.44518021207477
217.8630519899957
219.41992134810198
182.49423690006552
23.831114132408402
269.01476720971186
52.5427804046476
167.36437993274467
72.47093741708886
67.48631847846264
253.770990693165
93.29121460345687
260.56240914463524
67.9193218803648
250.93261752100534
85.42960620610302
39.00361081252504
232.49605205519038
167.40879537243745
247.0022038826337
96.54752056867801
244.33832714635446
100.95193961478071
241.48232701827692
112.99753136798063
237.72644996407325
122.87446772965086
233.54687811129588
134.95536331810763
225.66436748999877
160.46337280198895
127.24426899572063
251.38606607749898
109.30383390209136
257.94599386735354
74.4402622137568
249.3157503605671
90.02240838897524
245.852136247182
97.38962319568054
243.8981042016385
102.2808090866456
242.5253461612192
105.64787887964303
241.36121545734568
109.40966825986834
240.09275411024828
112.49463641895818
239.02628358288166
115.63242022660597
237.76956403816803
119.3283775725231
236.15812770452976
124.35111124392824
233.63078418863915
132.58217706572395
228.33755891465262
150.33588834837792
195.683114998792
215.24514490035654
255.8717973094972
74.67880401888033
249.65667066725655
87.62802243604528
15.683476524780417
239.4704500918233
136.36858244851464
254.85709415329984
78.09713873250075
54.725239898707514
211.57373067613298
222.51308440548746
208.1555884001791
217.41493557428475
213.41076295744642
209.35792362692519
223.1335117488925
182.4857876102251
23.803626838711352
259.10958668642706
69.05905365753642
74.15726109153184
254.0597022157599
79.67756629527139
51.70209136157064
220.28148179418713
207.8831644376005
226.6667166117477
167.41454655334383
77.55469847150744
263.86464158030867
61.52703667795504
120.01282565093061
262.07724080318076
63.20680620363419
99.80932313737867
243.14958277303595
131.55928961117024
254.3041701471484
82.14837458559123
247.5637310450693
94.22539661658084
244.84184481606644
99.60284682144265
241.65292655285157
112.8076006964584
237.74344928119535
123.05775139119578
233.3864485388549
135.70830003728406
224.89691935294832
163.04976894249194
110.93287586375664
255.43332699516031
90.2126711993842
262.1383194243972
64.05650956997124
93.53533913627325
248.79370377525265
91.9413939030128
245.7359710044766
97.46066283877371
241.9415309276992
112.86324511723433
237.4518919615548
125.22569468587608
231.81098234860838
142.4678732402972
215.85613240375824
187.89107043231343
17.401617163639457
268.9953287552926
52.40097689282993
165.43476714966528
80.4213169998402
252.33852882063366
85.30448893623543
247.25417349018971
94.10031546143
241.9957478113647
113.79141320664348
236.87429397814412
128.1498964541679
229.66045059424505
151.3579717683824
185.7058239202379
227.00041556487122
209.90756402548868
206.86340174256475
227.37055807036813
165.5928428697589
82.51326724051614
264.20313711761264
60.51619098228548
109.26652310904319
245.55901859189908
98.094243549378
242.12928176853893
112.28801659819146
237.82072428833635
123.6414196853002
232.85931350523606
138.28315531439148
221.9396105151027
172.48094076695998
65.911297962979
263.4588378154731
63.58159453487315
251.48500506432902
85.24238590842288
49.84461315764929
213.04698925362754
213.79749212652678
223.75107547725202
173.31870908700512
58.382595402465085
266.15575386465935
57.011200299239135
127.07666095408786
237.7277614685736
119.11205402934866
236.18054533297982
131.4190498662574
226.86432217257243
165.3201592268233
90.5893700756933
260.9620618384506
69.21056694003346
250.16931952808955
88.96996383007354
246.16199980515376
96.4937377388269
241.9835164028409
112.90545814594952
237.43520004662423
125.26938699078892
231.79039934877073
142.51976399550767
215.77582810707827
188.0392914191034
17.246643489845155
269.00894412121124
52.38601884446689
165.77301029787486
78.57774725816853
253.3244785493298
81.79035641036899
52.100392377258686
215.15787044652825
212.10658014457294
225.2257895069415
166.2388089819142
86.62055409283494
261.2692782715749
68.53717027063976
250.29852199438756
88.65847626595496
246.24476344927098
96.27836420533276
241.9950566777261
112.97804236033699
237.37319840609416
125.62953309971635
231.5274237946578
143.63446195962752
213.6302998047904
207.73770072623302
269.32810288738256
52.083405228062475
172.36234494239034
247.56336098608153
95.7816727163372
244.7191908416862
99.96776071203931
241.63240387452242
112.94439583888015
237.6434016362109
123.59007659986673
233.0340166208407
137.1350231303004
223.39610449889733
167.79296507820254
85.6819873252316
260.2884222745197
72.62862975729513
247.88543793768622
100.92685024134698
239.84607270092238
129.07320750576037
218.99121840210137
214.87040797946247
200.04861484819412
227.83000608441944
189.602773696206
232.3077377768932
174.87148848166544
241.619596837445
121.79003993444348
230.35049624658132
170.50209623291448
67.54759259117418
72.83294917482999
267.6502008245152
54.59955421970517
145.10380144411465
218.73227317679266
185.77893869916443
20.028414354805136
268.81251396771404
52.58539483562345
158.87192418322957
136.27274311457586
252.83068108501902
97.19612699146091
261.3171935031278
65.47186062071705
88.13171631544537
3.7167410056717927
247.37001383256575
101.21322189272905
240.10966856811137
128.9080716239696
214.5145996776555
222.3867722016439
172.64686834573513
62.051588574337075
264.7779949302203
59.95585379647673
252.5075483681867
81.95028551024734
44.12180005048867
224.74098498625972
208.24252275870822
213.22777347335068
221.9183622601413
176.13550041275448
50.79393174922734
266.63652102975175
56.15321651243721
132.1461307489808
234.28593250022095
130.2886887959903
230.7928544091701
146.92609288575477
206.1131961404608
208.8520429783821
256.89373659221746
72.80904117025784
74.50677755614743
49.6102496827516
270.8327119911992
50.16766605626617
183.74984391195176
242.26097941520857
113.94548418879276
237.43076619895874
124.52880356962851
232.51419532630825
139.05046712837066
221.20060416166962
174.0917211882188
60.34238321770681
264.20454347340274
61.74716960576188
251.97915307743824
83.70986594258284
44.23279062159418
229.16468298058317
176.51810189615935
48.31944311258849
170.19558486020833
79.399520423176
262.595309342767
66.58441117670736
250.3950008552929
89.60838076398068
245.7194113086298
98.43811830037157
243.64674990247295
102.71345426744665
241.1537370818114
113.24753619648982
237.82524899899727
121.76784804362978
234.33993298998394
131.6086291368265
228.62677889221231
150.20937112656247
195.5153657336341
215.80574082070962
256.01304472007905
74.04818995491951
63.530582167280954
121.26159184859716
262.4659494651132
63.6164954801352
95.81764231379202
249.01484687713673
90.4541706899472
40.48065064671391
229.7740693812957
165.0799618150486
90.84516212760354
261.56387574531254
67.38279123684333
250.79971316592128
86.71898868287099
45.885009377641836
223.88263222397654
189.7045489752927
5.944114567231736
259.6046430010756
67.9707600761758
78.56853987308568
253.97223460949317
78.88745881935756
48.27841653680662
258.9763494496292
69.27805671840906
73.07487107730412
253.60797725367593
81.78255268557405
248.010457401062
92.07509900315199
241.8157728701044
116.06516533592367
235.22222744308237
137.7399481851462
219.50907968675892
190.8093798126647
5.769340654893313
259.0849165323307
68.87748164836376
75.47857736577862
254.70730065462703
77.2973982457479
51.29071845272847
258.3500288865325
70.42353467468638
69.83718546574528
255.22751086726203
76.7354426398233
54.38587132691464
177.53902822476812
37.53234046064608
266.56305981770856
57.51441901156795
252.62904312866158
82.66003035192261
50.24981849627511
219.30914679111447
204.6929833007889
