288.004795108778
206.16038000812762
249.62479602606186
231.30101356928344
238.74838707096683
235.62283616933428
236.88537987717973
236.36631154627958
236.5779149989312
236.490543835293
236.5273304969969
236.51135832607042
236.51832433739673
236.5160131218563
236.51674805376842
236.51551284170182
236.51512417977574
236.51720974108957
236.51622865527406
236.51631013235146
236.5158681105304
236.51671649597756
236.5162483062595
236.51595853280196
236.51520423148395
236.51708748421697
236.51550712163225
236.51614053575395
236.51676351871902
236.51600779610453
236.51624843925129
236.51606733604422
236.5162352834286
236.51611602298726
236.51671126975089
236.51581023922517
236.51652576818924
236.51675716653153
236.51538925362183
236.51705771312663
236.51570550805627
236.51732638117392
236.5154092837911
236.51677724530418
236.5163426007839
236.51647636290363
236.51569226567517
236.51613515846475
236.51639336548033
236.5160006658407
236.5167946071706
236.51622287404098
236.51576709294386
236.51665112160845
236.5158778148034
236.5169557223344
236.51601843709068
236.51615082414355
236.51657059136414
236.5154128467184
236.51684920527987
236.51627980578996
236.51670692117114
236.5160034625369
236.51603549496576
236.51680209311962
236.5156378988977
236.51665867295014
236.515412386776
236.51704623465776
236.51578733981296
236.51682893427642
236.51568751768355
236.51663009197
236.5165190946609
236.51540817355635
236.51647358607443
236.51557502550713
236.5168662844044
236.51613691130842
236.51605789208406
236.51626433380807
236.5161747682032
236.51463063797928
236.5175336154898
236.51512805241873
236.51680757476788
236.5160448528586
236.5155648339678
236.51630899178417
236.51683566402062
236.5161916478828
236.51667960434133
236.51563274284126
236.51640509410208
236.51510971358948
236.51717596775416
236.5162614651781
236.51629192046676
236.51672286995017
236.51584981560154
236.51696761030325
236.51603277160757
236.5160812319009
236.51606505416567
236.51654390996555
236.51688092457334
236.51673395047692
236.51660114857077
236.51555911231117
236.51691025487526
236.5153049005894
236.51741454684816
236.51595287378586
236.51518915114139
236.5167032268946
236.51673947415838
236.51653381024516
236.51621138403425
236.51605586772348
236.51633324292197
236.5163314836318
236.5167568924444
236.51602774114872
236.51650875710038
236.51622086604038
236.516728339353
236.51633537847374
236.51650065978174
236.51612276493688
236.51582428079564
236.51601393851888
236.51564094592322
236.5162625014782
236.51620301345247
236.51558833399758
236.51699437778734
236.51561178617703
236.51666378889058
236.5156950169112
236.51616949752497
236.51673663718248
236.51661858708394
236.5168518254941
236.51617406810692
236.5166993593375
236.51583827088325
236.51639952426194
236.51669713020965
236.5162507995774
236.5164634169414
236.51668136780063
236.5161365675449
236.51574843123672
236.51696414109756
236.5162389483885
236.51640362718172
236.5159373200804
236.51565465655585
236.51705197960837
236.51609378906142
236.51569463891792
236.5166122532246
236.51626366370328
236.5163288898184
236.51622397095343
236.51576293208927
236.5166386388155
236.51633690345625
236.5165388061214
236.51649315687973
236.51655922254577
236.51656362981157
236.51628424890805
236.51574704354425
236.51717817147437
236.51600206249714
236.5167725519641
236.51564678842988
236.51610321342014
236.51679391649668
236.51608708924323
236.5165674148011
236.5164060908719
236.5163270114208
236.5164161575085
236.51644231865066
236.51615691585175
236.5169649804302
236.5156216169271
236.51653321260528
236.51661360617436
236.51626262329228
236.51603839739983
236.51622284618497
236.51648641559586
236.51633647970448
236.51603190488822
236.5163263935683
236.51675247431558
236.51587986462982
236.5166520302446
236.51568326164852
236.51634549607115
236.51679807419714
236.51646630925825
236.5160183881817
236.51617278970662
236.5160289160558
236.51565511419903
236.5166639664676
236.5167077031656
236.5162504423788
236.51642060141603
236.51621789427008
236.51594608233427
236.51673942545312
236.51629576015694
236.51555252129037
236.51682623951638
236.5164017282077
236.5161542135611
236.51676145657257
236.51638434665801
236.51668522336695
236.51555367707624
236.51638631595415
236.51652387036302
236.51656411493605
236.5164542382845
236.51682619353232
236.51547415535606
236.51663620211184
236.51601548001054
236.5165999954479
236.5165460415592
236.51624586094113
236.51637698634295
236.51496477717592
236.516701061817
236.51574866833107
236.516698611842
236.51629118372512
236.51624932403502
236.51665415817115
236.5164381899085
236.5161185543111
236.5164889988955
236.51661514872103
236.51642255803745
236.5164076036308
236.5163398766308
236.51659872414893
236.51645000757708
236.51635248235834
236.51575993958977
236.51639465402695
236.51581215152692
236.51620336312044
236.5164142732392
236.51654490703368
236.51626529893838
236.51600588092697
236.51662037694769
236.51593980654434
236.51571508025518
236.5168528923241
236.51576608260802
236.51602760364767
236.51426617965626
236.51720315187413
236.5157042271603
236.51618964620866
236.5167209412175
236.51637517403287
236.51620712479053
236.5162333883054
236.5164883184916
236.5162785876746
236.5157854470017
236.51659371978894
