287.9931565710197
264.4248351534162
265.8142574434967
265.6697053724588
265.6816661770008
265.6805137544534
265.6794068848826
265.6802430068742
265.6808638084567
265.68114492227323
265.68044848021054
265.68076422825015
265.6799752862926
265.6807178561339
265.67944329537477
265.68109641043793
265.6803694075661
265.6802872379212
265.68047836393816
265.6805099629819
265.6807347081958
265.6807580291079
265.6797464346928
265.68105563205427
265.68002301283195
265.6802809611254
265.68087644055595
265.6806770713538
265.68014739560203
265.68064286516346
265.67981587477516
265.6794198636162
265.680215685592
265.6804562096804
265.6806606638165
265.680540689631
265.6806090530772
265.6801575263671
265.68024896183124
265.6803455717709
265.6803387666587
265.6805421744866
265.68051346047287
265.6811779781128
265.6801720416843
265.6807565135059
265.680620686413
265.6803208822639
265.6810738944041
265.6798720365223
265.68011427202873
265.6800155460187
265.68089444709403
265.68001062342955
265.6802736430873
265.6793408817539
265.6807575651874
265.680251353082
265.6806715811472
265.6793809426854
265.6798399790023
265.6805537659384
265.6803020586667
265.6802825384657
265.6806359691909
265.6808315071612
265.680260484718
265.6808185280388
265.68043476845196
265.68108936827775
265.6786666703265
265.6810429173347
265.6806220570288
265.6804751282107
265.6805159459691
265.68046005668293
265.67950724424736
265.68112381558603
265.68027442544553
265.68107183913526
265.68003229316673
265.6801205279771
265.6804347359066
265.68056151243945
265.6804851440975
265.6804154672136
265.68016793445713
265.6806890480875
265.6797824659734
265.68051457576803
265.68143597415474
265.6804000013144
265.6802795056574
265.68021236786444
265.6788805381875
265.6810389094244
265.68109642456693
265.68054691357247
265.67939564907283
265.6803158791081
265.6791948187747
265.68032151918305
265.68151361301716
265.68040501640644
265.6805292931167
265.68058898241725
265.6807210111874
265.68096101932315
265.6801604981374
265.6809136623633
265.67917775602837
265.6804198461905
265.68052016516594
265.6806804080916
265.68042016553227
265.67945962293743
265.6802305303645
265.6804398005552
265.68070315498335
265.68035736760066
265.6810404531134
265.680683317325
265.6800456764104
265.6813273144289
265.67936406945955
265.68146943272586
265.6800668407959
265.67933948700374
265.6806192386139
265.6798936609557
265.6806574463408
265.67955417478515
265.68053903078544
265.6801173729327
265.68021728155145
265.6806073315238
265.6806416141044
265.68053477894864
265.68027617628104
265.68155247737013
265.6807864940638
265.6802063983341
265.6804664699157
265.6808245852153
265.68067049927777
265.67948529613204
265.6811982627114
265.6805374758842
265.68033104350616
265.6806863762904
265.6805979038618
265.6804101589951
265.68041439997614
265.6799764052121
265.68013740397873
265.68047536173253
265.6797816015023
265.68079712614417
265.67988739770954
265.68107672383485
265.6809428159904
265.68031185235304
265.67978031195526
265.68084041368274
265.68039780795516
265.68040447066596
265.6804248103872
265.68010869158024
265.68074418111064
265.68041779370105
265.6809254057007
265.68043082185613
265.6806461514061
265.6804298011848
265.6808162696543
265.6808620317752
265.6807219860202
265.6799221345864
265.6802780124999
265.67952051323664
265.6810854780633
265.68106967602216
265.6811868520308
265.6803977319796
265.6807817472727
265.67958153481595
265.6804213524738
265.6792155962612
265.681050156345
265.68059816355526
265.6810428450699
265.68065950761957
