287.66361446663643
244.21205516026407
188.13551000165455
55.951251960220134
207.7522178023587
235.8206248679278
211.85207855201634
230.45129998340508
214.93875441336786
228.708685590781
216.17199021071656
227.99746413490038
216.7604464415931
227.6120200439641
217.1359035866144
227.33313804239788
217.43826935108518
227.09173133568856
217.71035988678796
226.86709703377437
217.96704269595557
226.6518474645618
218.21268406181662
226.44442817085383
218.4469742637957
226.24445238934004
218.67145656126104
226.05225152088497
218.88598929896398
225.8673863013828
219.08999268062144
225.6894318740251
219.2845552326944
225.51986882996243
219.46942931904596
225.35737136294847
219.64475774216226
225.20216686159074
219.81111577435695
225.05507877524906
219.9681179075942
224.91492660179756
220.1175354228999
224.7805882120938
220.258182498952
224.65369295939672
220.39241636659426
224.53264974623926
220.51783725147652
224.41824834678846
220.63696324204284
224.31049795065155
220.7486695915195
224.20843526956742
220.85375090977323
224.1118385360278
220.95365253007913
224.02057673227682
221.0467971744547
223.9341127821208
221.13520170670745
223.85206213458514
221.21895115173174
223.7747473382442
221.2975930506691
223.70228563292403
221.37091239533038
223.63373658812998
221.4401921207318
223.56851151961018
221.50550758798272
223.50732465936017
221.56671395325247
223.45017935602664
221.6243813283072
223.39616657636725
221.6781417716811
223.34491742179307
221.72908080685738
223.2972047630974
221.7775176440773
223.25197781173847
221.8218473182169
223.2091688211476
221.86471887262087
223.1689636583942
221.90496772649567
223.13036610159543
221.94237596703897
223.0947991214307
221.97753295567236
223.06200199202067
222.01047672842833
223.03016789434696
222.04168068725266
222.9997783194667
222.07112259055066
222.9722497672483
222.098716012988
222.94561050933044
222.12527116388083
222.92039563781145
222.14877772109685
222.8983719733551
222.1710375578259
222.8771942698404
222.19257707631914
222.85607494076976
222.21331231120712
222.83689995817258
222.2314262789805
222.81847413870128
222.24931702316826
222.80154940103967
222.2667286138385
222.78567279654817
222.28198604280624
222.77016051881947
222.29711641164613
222.75578950532508
222.31133044842136
222.7419163650702
222.3242711839921
222.7294644696958
222.33687031983573
222.71685035041446
222.34878205871792
222.70601346997864
222.36012824781938
222.6952999152636
222.36958557784237
222.6858425476894
222.37993191006535
222.67586574101733
222.38852994349145
222.66817693862686
222.39732321754855
222.65965306424187
222.4045752154998
222.65174725599354
222.41227812231955
222.64427145203808
222.42003210772236
222.637210187866
222.42668515739206
222.63066423216515
222.43269573835278
222.62551948370674
222.43801289538533
222.6198014356196
222.44349808680272
222.6150472469817
222.44847035357816
222.6088643906478
222.45397551975475
222.60474796588096
222.45855486203072
222.59972302080132
222.46290181304357
222.5958962493023
222.46707171305025
222.59212771870807
222.4704152651393
222.58849721884326
222.47472364384885
222.58444009401137
222.47757133459527
222.5811180968376
222.48142863013345
222.57825564827363
222.48459697434737
222.57523192596273
222.48671342388116
222.5721117308858
222.49006084415305
222.56954868366302
222.492025039086
222.56802279598924
222.49405503692105
222.56490605913132
222.49625113610819
222.56363932207023
222.49871980219177
222.56149046644714
222.50047728994832
222.55934644610534
222.50192992805387
222.55789493583143
222.5035631114515
222.55686210242857
222.5047015395976
222.55490471951634
222.50676237934385
222.55310343664314
222.5084525893035
222.55100510256307
222.51009135419008
222.54956490309996
222.51209442714753
222.54881054582074
222.5130223244414
222.5475600669306
222.5132249967719
222.54676795696287
222.51509714038548
222.5458033371615
222.51529795895476
222.54495835642592
222.51686399758182
222.5434753186928
222.5171809542153
222.54255380672112
222.51792659757484
222.54208406218095
222.51853374548955
222.54180092738534
222.5198840925441
222.54071346856654
222.52055023034336
222.53980844994658
222.52122096371022
222.5391117803083
222.5218475623842
222.53899464689312
222.52269223447365
222.53779027950077
222.52339225001924
222.5372302357864
222.5232265991508
222.53691797034116
222.52426049324276
222.53665070375428
222.52491817048576
222.53629677571007
222.52504603986745
222.53618587975507
222.52515933274117
222.53532227213145
222.52527442475548
222.5359258899407
222.5255032465211
222.53529660565255
222.52546253235778
222.534656320262
222.52610258974892
222.53443226213858
222.5267563847301
222.5332865081
222.52696305194695
222.53327064837504
222.52786324941553
222.533334022286
222.52733655305929
222.53341450015432
222.52809316270577
222.5329004645464
222.52816404828627
222.5333709178376
222.527675990641
222.53253826151195
222.5279851129162
222.53273738187272
222.52795387340302
222.53237276515574
222.52816897294542
222.53251692319463
222.5281484179286
222.5326976292854
222.5280824847141
222.53267972146568
222.5285056343855
222.53200842144724
222.52843221157673
222.53258503739198
222.52804394722625
222.53200749754615
222.5287876349612
222.53247376726358
222.52882514850353
222.5321952545928
222.52908829666558
222.53207835624926
222.5286721757293
222.5322140876233
222.52903479948873
222.5316065514926
222.5286806322547
222.5317084883427
222.52864503627643
222.53129316553532
222.52918419636262
222.5322044462955
222.52877069375245
222.5319050312828
222.5295275394019
222.53110789394123
222.52976049164135
222.53188903657428
222.52895844136947
222.53144851083925
222.52881614063517
222.531878110065
222.5289912102453
222.5316407992068
222.52925525845785
222.53137245657854
222.52964378212346
222.53178026944806
222.52893350464
222.53216822285322
222.52861473742814
222.5322094005678
222.52957340719877
222.53175063473464
222.5286695516843
222.5321155370184
222.52921589877224
222.53112275166495
222.52929696344654
222.5315230559645
222.5295293128147
