287.68575042033257
214.02236932733422
64.52010363055251
224.6936142301157
245.5770827940912
236.3963946966835
239.71345818866507
238.3843579471627
238.8978285686362
238.69448312828263
238.77422115799936
238.74301776934362
238.7555117457582
238.7507265028098
238.75209719955365
238.7511456008706
238.7517535516863
238.75139228479566
238.7524515060377
238.75231857208473
238.75144022934182
238.75212738006758
238.75229779830988
238.7514774274723
238.7521727046642
238.75220214422188
238.75149383519238
238.7524149824494
238.75209801929668
238.75242141380113
238.75122757624558
238.7521270053203
238.75186347039016
238.7519177008544
238.7519685265761
238.75118676295824
238.7520826542641
238.75035016638503
238.7525655000518
238.75137561759766
238.75241741932587
238.7513536382412
238.75183142932474
238.75237766267492
238.75138605136453
238.7521531969178
238.75139799765748
238.75191564925626
238.75202859830824
238.7516820535202
238.7519647527588
238.7505721399175
238.75208788462623
238.75147636403563
238.7520102616545
238.75206091182554
238.7518231889262
238.751545129413
238.7521729148175
238.7515593933058
238.75125499558635
238.75168794109413
238.75168718288114
238.75236370383936
238.7515838105719
238.75220192639244
238.75179592202767
238.75217215242446
238.75223338344585
238.75139494217
238.7524849185611
238.7518595740221
238.75225810641496
238.7514145588466
238.75156119767416
238.75155292406998
238.75164392868464
238.7515952930844
238.75201689753158
238.75180806257413
238.7523554495492
238.75136406146703
238.75165382494743
238.75155795790852
238.7522196505306
238.75215221892358
238.75144877629646
238.751138520136
238.7523348472423
238.7522620644595
238.75144987297972
238.75198250381436
238.75153740901442
238.75153038903954
238.75166249254107
238.75242688405706
238.7513579389779
238.75216081168037
238.75219902273966
238.7512191797432
238.75134298510966
238.75246125228296
238.75148622590496
238.75164784973458
238.75203239439725
238.75040830454964
238.75275373655313
238.75148265534517
238.75214121918543
238.7515990667307
238.75137801485835
238.75211002478318
238.7519754744062
238.75141868019273
238.75242027261993
238.75129860033485
238.75217277999036
238.7520651208688
238.7522013011694
238.75211129931995
238.75226081177243
238.7521182595301
238.75184673531476
238.75211993317498
238.75192447878362
238.75204902399128
238.7518342297917
238.75211317552748
238.75143560949073
238.75163362207968
238.75221380854782
238.75144118443131
238.75177357577923
238.75206860290928
238.75232830816094
238.75139631624916
238.7516854788919
238.75169853567058
238.75216220681614
238.75186808683793
238.75223465880845
238.75215050788393
238.7504864690345
238.7528606964479
238.75194585399004
238.7515934626863
238.7515690916989
238.7518835971714
238.75200566867716
238.75211393465725
238.75146846102143
238.75114171647874
238.75212332007504
238.7516208608431
238.75183385206037
238.75220125340275
238.7519849060336
238.7519120135912
238.75200457675965
238.751450718446
238.752476637761
238.751838720651
238.75147153129365
238.75220296521002
238.75199816127133
238.7517035314886
238.75164498517552
238.75202830036142
238.7514841117154
238.75213403227826
238.75137962660665
238.75191773575352
238.75114218155068
238.7517674060873
238.7513817755971
238.7522408529694
238.75186659395695
238.75157897132158
238.75206994245673
238.75214606506051
238.75216072320472
238.7518650128768
238.75160194039927
238.75154575696797
238.75157233371283
238.75206144661934
238.75065922021167
238.75268403564405
238.75119576264115
238.7519250441983
238.75195908691967
238.75199229719874
238.75217114090628
238.75136444602686
238.7516437594022
238.7521800508839
238.75211233280424
238.7515676120529
238.75237834877043
238.75186855606444
238.75209885828372
238.75141902719042
238.75210837181658
238.75139303827018
238.75230797872064
238.75129542952345
238.75249405601062
238.751905728961
238.75199454612448
238.75203434520517
238.7518904152821
238.75153096682334
238.75157573929755
238.75224231070024
238.75213471899042
238.751009673113
238.75223717896733
238.75199520867318
238.751595784066
238.7519408652006
238.75220205327787
238.75189997113193
238.75197809985548
238.751851854322
238.75193130911794
238.75231990804605
238.75140066804306
238.75163427709776
238.75234920588264
238.7514661437308
238.75189260514162
238.751930450293
238.75183350467705
238.75141172528674
238.7517258052685
238.7516370296653
238.75205314070627
238.75201377300255
238.7512524108315
238.75193831142678
238.7521195342706
238.75197113998001
238.7515433320077
238.752035251091
238.75134570525552
238.75178402583697
238.75179853415466
238.7523078629165
238.75186967242917
238.7516139444051
238.7520604625024
238.7520141057903
238.752318070794
238.75162926992925
238.75145600484393
238.75167918596708
238.75156813433568
238.75172774896782
238.75144038793223
238.75169079918123
238.75221939913172
238.75234828935936
238.75207945222792
238.75144254471525
238.75205063076282
238.75201958819525
238.75189484142174
238.75166604248807
238.7510256107198
238.7511231959652
238.75129221777024
238.7522609081352
238.75197641832347
238.75154670396296
238.75208512941026
238.7514450114395
