287.3146515058983
217.30926053892722
62.952791307728376
226.1444728789279
209.9830600712844
80.60950069458272
245.90124154044724
153.6178323467243
80.80035388107422
158.4109944277725
266.34634386691505
84.59661241925551
135.9957607017668
217.89291721274276
221.58879234463802
53.68959651099931
225.0876866388635
45.81203489066411
232.69277932489604
197.97131980357426
128.25228693773806
213.59075061489511
70.80689125905519
216.8894144234464
62.95420025313706
229.05464359269354
205.29091858788252
99.8139423213388
232.88341507479709
14.166681214021992
236.30402491649602
240.9238337265606
166.60342150884753
46.47051116303828
236.28329817538815
197.96341403851056
112.68099305510441
16.885396519146525
245.74843517935915
204.23549443894808
217.9933732105801
230.4051730151332
189.5492374296773
242.01556197961872
171.27790872552214
222.39432906268667
217.95381259549686
221.44244187496042
60.35989344337213
220.81710255351754
221.2293150929272
217.4252347655165
62.54217023799356
225.10980352080696
210.87512059516303
78.01449784525903
246.50870056783424
150.96162852821908
92.02531794101196
245.13782209656347
162.13266860905787
69.54335350093788
223.35835875272096
213.93622248145584
73.44236102740433
242.4172110889922
240.1459049822406
169.70738613047433
41.7290752012068
238.88086817769909
180.61445537745385
212.68776262030588
225.78937002527164
214.98762833192086
223.77123144724465
215.67656069829536
71.0150227078484
212.01498963545964
226.77721289052351
46.049977763013885
231.86020288309373
198.07163304929782
134.7913276356776
244.4522573603026
171.95687609583183
218.26104177964953
59.604613811658055
227.74817915182211
209.4154321617898
79.69196687695512
189.89442597423113
164.5016528190572
238.44792380165018
166.13950064251185
48.66533078518478
260.87088924967975
112.1138270792726
250.44817386331124
145.1164874456881
239.86084466206376
181.92254350014628
205.36174428096638
91.42605217428354
105.9407554403333
249.8014681204986
236.5736326720289
199.1062206870629
233.0700918302864
205.09332302654002
90.13427217879871
107.24896969867041
229.6422737471912
30.262660172738833
245.75409764673168
210.4084184418607
209.7565447636698
231.73085928504224
242.77396609884818
158.18380846489163
68.16074549394398
242.10549883123167
254.78510317275504
121.73843207800746
217.73758474292845
60.43739220772477
250.57181943032265
133.70964348647976
204.92476534890375
233.21131047568633
204.175992261371
92.3552204042062
98.04744449584177
242.4322018837629
212.55180986120104
214.57694108605938
76.51122234195645
253.1207227979976
133.01979455501714
259.556721573972
101.07538157530507
59.32360998466902
237.27019015257247
193.70684943081142
147.6633196161638
124.37783114565536
246.2715035147703
239.80367307466076
171.6881623920999
39.324918373677065
239.48688989816583
176.2151676294161
220.0454345619437
217.1379762810684
61.842077396235254
225.20372048325225
214.07409441506752
68.33276728619967
221.62111683472176
217.22607437933766
61.737463219833444
225.3554327461461
214.2329538517006
68.22246296297817
221.73974184014514
216.68866370695469
62.945335925818654
223.61913707483473
218.12837367693282
221.66337749839295
217.92132766445866
221.47586545894592
218.04032910252863
221.33395164820104
218.14322311647993
221.2591985804247
218.22388405707898
221.18476365349488
218.29265810144716
221.12722831321298
218.35000465073972
221.07591939435952
218.4003011383029
221.03157732047111
218.44444271342945
220.99262693389755
218.48243467947032
220.95827716621716
218.5167671513118
220.9276577907658
218.5469570939531
220.90005788811686
218.5745978834384
220.87559426169173
218.59868251099397
220.85334015594708
218.62087052300194
220.8335208052522
218.64041533716227
220.81549341449136
218.65845836538938
220.7989278438472
218.6752549702578
220.78344609736814
218.69060633310437
220.76943012049014
218.70451660212711
220.75664023412537
218.71730833820766
220.74477397716691
218.72935403583688
220.73381695764692
218.74033605821023
220.72404612627724
218.75008120117127
220.71500994802773
218.75899455206672
220.70635668701289
218.76793591080786
220.69814573192707
218.77610219117196
220.6907887303023
218.78371238863474
220.6832838660339
218.7912781699415
220.67656563928176
218.79778119152616
220.67094860819634
218.80374830354413
220.66483875437552
218.80999443111068
220.6591171142427
218.81523652737815
220.65433994083287
218.82006610385724
220.64966389399342
218.82491608332202
220.64501255351934
218.8296356100982
220.64062901522266
218.8340286889652
220.63660170874937
218.8384340106204
220.6324028737945
218.84234904030018
220.62871635526244
218.8460614401265
220.62531068341923
218.84939345698513
220.62237602132518
218.85239417968842
220.61934198610834
218.85561318944383
220.61637143256667
218.8585739574046
220.61378176578728
218.8612712078757
220.61106569838012
218.86369094403926
220.60876776397345
218.86612995580072
220.60645877309435
218.86869144094817
220.60392038342252
218.87097433951567
220.60211505800544
218.87302504613763
220.60008005842974
218.8748748437356
220.59850834503595
218.8763193974446
220.59751873242203
218.87733289058087
220.59602776821703
218.87890413036803
220.59487142002035
218.88032692730485
220.5931954196567
218.88213366355922
220.59135845670244
218.88386961519427
220.5898985315289
218.88530192992766
220.58859735637088
218.8866363105335
220.5872066722659
218.8880623254954
220.5859849678527
218.88896364613902
220.5849558996415
218.89010233129375
220.58401530502306
218.89104193284584
220.5830317849759
218.89215469101327
220.5820297816972
218.89285587404447
220.58124967287586
218.89382433050196
220.58050671295496
218.8945398604701
220.58001424987742
218.8955493987014
220.57879788806895
218.8963917065994
220.5780863238615
218.89705900562694
220.5772761527769
218.8979688834661
220.57645025242527
218.8988293210714
220.57593658672704
218.89989234349923
220.57452704547904
218.90086578523915
220.57389511806832
218.9012539715186
220.57352496960084
218.90177805327403
220.57289471075637
218.9022103078023
220.5728899900423
218.90222756336152
220.57248569662625
218.90277276402048
220.57252196715854
218.90291868755594
220.57204918685602
218.9038060319872
220.57117185941024
218.9041034959955
220.5707408197777
218.90441172377905
220.5704718701163
218.9048101927183
220.57008465347462
218.90509477385785
220.56985186888778
218.9053493965621
220.56954018815304
218.90577334622503
220.5691030791495
218.90643576314324
220.56853678330663
218.90713136606792
220.56798233759764
218.90742639020027
220.5676656960568
218.90792812232394
220.56710607708374
218.9082548122824
220.56694812857313
218.90863958104455
220.56709517847048
218.9083967768529
220.5668801350257
218.9085750512604
220.56724484896404
218.9079220538115
220.56738864348154
218.90829419076908
220.56675826835271
