288.34221608073085
246.83867791010778
253.99554333352285
252.25384119848627
252.59878304576864
252.52278918565662
252.53832473228476
252.53487033391912
252.53636048564795
252.5342456416165
252.5361964572603
252.5360867205427
252.53579182890735
252.53572051536867
252.53577893744023
252.53615301435548
252.53596368008402
252.53514918470955
252.53575494070537
252.5356780480397
252.5353277821414
252.53617981931347
252.53556087813013
252.53603062149887
252.53582060562258
252.53608283456015
252.53617709426726
252.5357031231997
252.53590867762432
252.53538174521054
252.53627476715883
252.53576313475423
252.5360967398974
252.5356720631171
252.5360174076377
252.53582547629412
252.53496541840468
252.53646682732506
252.5361299775359
252.53623770792183
252.53598876387696
252.53575259847275
252.535026755133
252.53608301534405
252.5351676703358
252.53597770531997
252.53521879808613
252.5363778305982
252.53532961061865
252.53460327696303
252.53642692371795
252.53453474165872
252.53652982966378
252.53602077737742
252.535957742537
252.53524564510735
252.53612633822195
252.53536862637338
252.53595931316158
252.53488432992526
252.5356754377899
252.5365167598393
252.53548592536754
252.53559539962225
252.53539216235367
252.5367204614704
252.53589650269714
252.53569472820163
252.53505168386255
252.53573127510754
252.5360198037706
252.5360663894353
252.5354127786377
252.53563787558596
252.53607384902352
252.5358766376121
252.53632721918257
252.53571224994084
252.53643883924815
252.53572948773217
252.53504488368344
252.536677647935
252.53522854726907
252.535837838077
252.53622554150934
252.53578952455427
252.53586833833106
252.5355656122556
252.53547005698783
252.5360006136907
252.53600412103697
252.53627735497867
252.53439412639273
252.53616938609775
252.53621498889697
252.53507970519422
252.53662731808436
252.53627962050086
252.53557628519047
252.53618154110154
252.53599685839436
252.53576993868774
252.53604055197502
252.53618372098572
252.53516800962097
252.53596032212954
252.5358185125442
252.53644160972908
252.5355613949796
252.53638597475947
252.53560063380428
252.5357829582208
252.53542344034213
252.53520003001904
252.5364758040232
252.53520102216135
252.53615520126186
252.53532414569054
252.53619897088356
252.53520600557385
252.53549798789754
252.53519931317715
252.53587591106043
252.5357490840397
252.53597757802345
252.53498885871522
252.53620707769733
252.53611118980916
252.5355289864965
252.5350025308653
252.53651438972156
252.5361624799334
252.53625581457163
252.5349648978954
252.5365068323881
252.53541795889032
252.53662749479554
252.5356870658943
252.53531667540665
252.5362425765852
252.53583663544123
252.5355952616883
252.5361749100266
252.53554395295942
252.53576923229411
252.53620924933784
252.53590900552808
252.53595590356417
252.53556237128214
252.53615754487691
252.53538231097627
252.53609225773107
252.53591758332914
252.53603841062431
252.53557337718667
252.53609402595612
252.53616000746842
252.5359180446685
252.53521082297084
252.53607925058168
252.53554233914474
252.53587735784822
252.53524267037574
252.53595611269702
252.53460151360196
252.53650867118267
252.5357457396749
252.5358474489767
252.53591425248305
252.53473350363493
252.53613227186725
252.535037915688
252.53628286191088
252.53575024774182
252.5349569690443
252.53649500700703
252.535817361917
252.53619585820707
252.53593560006993
252.53590480564162
252.53588150287396
252.53591391979717
252.53581957386632
252.5355697688792
252.5358817991364
252.53552299685543
252.5362125713291
252.53602737105393
252.53579172892205
252.5354359664343
252.53490998283087
252.53489662414358
252.53642542772286
252.53567405873036
252.53468252011226
252.5356290939235
252.5361552262766
252.53582285727316
252.53574714744173
252.53544934997626
252.535836712108
252.5355902895535
252.5361610566324
252.5344210724288
252.5365077158931
252.53569642502407
252.53644260272267
252.53469366281934
252.53705410870316
252.53532356805226
252.53608659132442
252.53530319301353
252.5356617529178
252.53473630506778
252.5363280212041
252.53535481757717
252.53600583084335
252.53553595455014
252.53508593514562
252.53672070842003
252.5359096491011
252.53521610307507
252.53607386279327
252.5359587185667
252.53428497289133
252.53638424375094
252.53495610282698
252.53552899921488
252.5360115904041
252.5361999986926
252.53605745638197
252.53568641773018
252.53636248265684
252.5357473082986
