287.9540346218448
272.8954547387913
70.8402196454565
267.4232547335216
82.71099782135934
265.8254653175768
87.48215789094183
265.07136662007133
90.06666628228459
264.6438305309334
91.60040381456065
264.3881664798405
92.53196574590947
264.23240347299634
93.10269586506729
264.1369687797278
93.45284118852396
264.07868016348675
93.66646882200621
264.0431099225625
93.79795456439206
264.0213320410903
93.87724532326956
264.00819860142656
93.92597335640494
263.9997969464612
93.95672617231685
263.9947653190666
93.9751813977582
263.9921991471838
93.98508407607187
263.99008376099664
93.99278723581301
263.9885365489645
93.99766956604799
263.98777656075436
94.00083486812218
263.9878335166886
94.00133010434183
263.98727310511276
94.00346913578869
263.98722289219404
94.00278977749622
263.98725481778274
94.00333380023767
263.98747991050004
94.00189564040375
263.9872419891799
94.00366463824685
263.9867765207855
94.00443019056911
263.9867229243773
94.00522296353301
263.98704165671734
94.00363756670413
263.98692234584814
94.00651396808826
263.9868321832764
94.00452332223722
263.986916652153
94.00421575037763
263.9867496834049
94.00491688051625
263.9864711193404
94.0057471950422
263.9863169977689
94.00846428728255
263.9861242879124
94.00702709403413
263.9865990929611
94.00578276031229
263.9869823839217
94.00508968215945
263.98704683308824
94.00402129174472
263.9865655375361
94.00581639522352
263.9866378659026
94.00522546305001
263.9867573734882
94.00411897490267
263.9874256167277
94.00432227296551
263.98733320147585
94.00297794654398
263.9871278890896
94.00306054991597
263.98703882357586
94.00323307698272
263.9866220017648
94.00575978096458
263.9869367135798
94.00388217667933
263.9870307035344
94.00361041340875
263.98709488696477
94.00361713081656
263.98684157778916
94.00432510440442
263.98656778315853
94.00559499364317
263.9864396655357
94.0057119624762
263.986324539972
94.00692759515005
263.9867141472714
94.00499439883788
263.987175451075
94.00371934846044
263.9867068293388
94.00455194836104
263.9867832294549
94.00505883341248
263.9864430215166
94.00636282437335
263.9870401998851
94.00419324434915
263.9866521699005
94.0049116572336
263.98690422359505
94.0041476094193
263.9870975625672
94.0036500192291
263.98718494203786
94.00308106673765
263.98734070598584
94.00238401415118
263.9866941338041
94.00567320830305
263.9863358169532
94.0065898228786
263.98636289894785
94.00677021010051
263.9868795463699
94.00454842398176
263.98687387828977
94.0041924959587
263.98697214415733
94.00418833100412
263.9874171399788
94.00300592750136
263.9871909537251
94.00377247719734
263.9869289628914
94.00423582801159
263.98737480941054
94.00250644738117
263.9871318759833
94.00355971455429
263.9873442095777
94.00303018960403
263.9871175722001
94.00408207660803
263.98674019569444
94.0046348557371
263.98665525855904
94.00510132269847
263.98619656273513
94.00674466387136
263.98643849111977
94.00584316737513
263.98698696432984
94.00390428921673
263.98747404104506
94.00223787107825
263.9872585754638
94.00278395154601
263.9870012602114
94.00489353806915
263.98680874221463
94.00507045297854
263.9869737679255
94.00454669867031
263.98638555764774
94.00641713655932
263.98646949007525
94.00592056169262
263.98709767825494
94.00369840743224
263.98713510055677
94.00383372611395
263.9868268032078
94.00496230529097
263.9871894644384
94.00336390475422
263.98731595891877
94.00270021193137
263.98715274316055
94.0034374998213
263.98681097782537
94.00538636109559
263.9865190982091
94.00580481750512
263.98673482206505
94.00473118474474
263.98686212197936
94.00257407139725
263.9866921931025
94.00514246769308
263.98653325951454
94.00604433301487
263.98672499319946
94.00429409158824
263.98705960903317
94.00394218257861
263.98724836683687
94.00328338105464
263.98695046840294
94.00435263483087
263.9871197816392
94.00330378032231
263.98726119694766
94.00267270304175
263.9870619031353
94.00341134910559
263.9870783255319
94.00326444707753
263.9871800932742
94.00497751819785
263.9871242813242
94.00235345579858
263.9867354126327
94.00485611568729
263.98620133375516
94.00708469968231
263.9862678175414
94.00706207290932
263.9869802232133
94.00417843993637
263.9871203409275
94.00340939310263
263.9870550976193
94.003011425375
263.9868541168107
94.00487323007837
263.9868984713248
94.00505993481784
263.9870005970297
94.00464092195034
263.986983968658
94.00451079965569
263.98759126763616
94.0016910025879
263.9872429223469
94.00355562206823
263.9873529241304
94.00274286963395
263.98729414747504
94.00293921498815
263.98765621760685
94.0019876917795
263.9871256312035
94.00359587067214
263.9869733825035
94.00399721782014
263.98696428454423
94.00432499895396
263.9868204589002
94.00459488373599
263.98665223245916
94.00458558999526
263.98678659601137
94.0044694456592
263.98713394778315
94.0032500346424
263.9875108978158
94.00242153128784
263.98705673078075
94.003938756141
263.9872460800543
94.00324694621668
263.9864422591345
94.00576536162407
263.9870358900371
94.003862094527
263.98686778459523
94.00460160311195
263.9867917830561
94.00471291806025
263.9868580431212
94.00416689607664
263.98698285645514
94.00365152556333
263.9875291315984
94.00202342604462
263.9871408719773
94.00378072365129
263.9874139246531
94.00231831085694
263.986913555098
94.0040221738891
263.9869443788921
94.00408793683164
263.987056059661
94.00424401870987
263.98703928806935
94.00483518524561
263.98720820932067
94.00361593355774
263.9869694345689
94.0038012904406
263.9873070563626
94.00322721221892
263.98759121235344
94.00207361290813
263.98696017669863
94.0040821586299
263.98674647712323
94.00475250945601
263.9871011053474
94.00348781776847
263.9874935856351
94.00217342791439
263.98736537441437
94.00265355408192
263.9871884322638
94.00351719239552
263.9873419557698
94.00232730391144
263.98684997606324
94.00601137118065
263.98627651829156
94.00754952192074
263.9866471871792
94.00491140347731
263.98674287225003
94.00525443699735
