288.20722564326184
222.66200755441758
248.66351455335337
238.39674142172066
242.07129174075362
240.67284499352877
241.18991796619184
240.99528753648337
241.06786089262732
241.0404152687547
241.05118233533358
241.04741037591793
241.0481515148922
241.04845613841917
241.0480663983617
241.04752547905082
241.04884636569386
241.0475964919924
241.04811861038434
241.04872687295028
241.04822126441923
241.0483341740346
241.0484917983904
241.0485062501284
241.04788280169123
241.0487518981554
241.04741978073253
241.048579538814
241.0479644483221
241.0486062969885
241.04826642316766
241.04852027477136
241.0480907931833
241.04818843872454
241.04863563024628
241.048087062778
241.04830444529398
241.04842226977962
241.04811822314332
241.04748782555907
241.04894990524008
241.04801086991756
241.04815486414918
241.04841786253564
241.04820115599796
241.04857519122743
241.04802392438796
241.04830390688585
241.04822544332274
241.04839460629228
241.04834637597742
241.04823867705272
241.04851431260613
241.04841085778753
241.04828857222674
241.04817844204808
241.0479393406531
241.04817496673058
241.04819457223857
241.0482489996466
241.04839332712436
241.04708346677216
241.04783291883723
241.04801889571536
241.04850455976703
241.04821646556957
241.04813367035968
241.04856016464328
241.0479851225682
241.0485391116781
241.04803093641385
241.0482077074157
241.04811844190772
241.04834008925172
241.04793418945337
241.0481529667959
241.0483418519907
241.04735267250726
241.04898527558544
241.04810748358432
241.04855529103224
241.0484099782334
241.0482315429872
241.0480683496353
241.0475546624766
241.04873405530816
241.04805176762238
241.04858876476646
241.04715853498783
241.04836282478936
241.04835741446004
241.04801172477164
241.04864157296106
241.04817527564592
241.04830890193261
241.0473275018594
241.04902594246232
241.04796728926885
241.04761966226943
241.04859419259446
241.04849965336325
241.0480366224292
241.04861301921483
241.04805140393
241.04823077692708
241.04788436798117
241.0484703965485
241.04779122796754
241.04835329815978
241.04843462300778
241.04782959505974
241.04873503688577
241.04810643455858
241.04816945535276
241.04849039441615
241.04809435952484
241.04843144382903
241.04779838512331
241.04880237022007
241.04724974765122
241.04903975511115
241.04768465840607
241.04846775793703
241.04840306971892
241.04787183236476
241.0485272096994
241.0484487013091
241.0483634931952
241.04808326802595
241.04861653028638
241.04814967751008
241.04839996773808
241.04830280503666
241.04817767612985
241.04768298062118
241.0488456598614
241.0479883907683
241.04862694301846
241.04803584913316
241.04833778665488
241.04791642672353
241.0485471193242
241.04816700877564
241.04841795226093
241.04830054581544
241.04833106113074
241.04810188998817
241.04813576227752
241.04845850228594
241.0480918933972
241.04846867785818
241.04837448767648
241.04790106524888
241.04868511452514
241.04815752260765
241.04831316429772
241.04815708398382
241.04834813525667
241.0483773750093
241.04822149725806
241.047931458299
241.04837357828364
241.04856464242766
241.0477974658861
241.04860384804488
241.0482416642335
241.04850118981994
241.04801606823457
241.04826365307235
241.04846225435176
241.04834888077312
241.0477141495503
241.04827144771116
241.04850705982972
241.04813102435583
241.04842482029926
241.04809373547323
241.0483194517874
241.04817573228502
241.04833717785368
241.04851719188446
241.0480041130504
241.04814226423332
241.04835308929614
241.04817641776754
241.04815772836446
241.04860269726487
241.0485315776168
241.04684318247018
241.0489600062865
241.0480234165152
241.0485704985913
241.04737910605036
241.04888946952997
241.0479680658027
241.0488758811698
241.0480776505574
241.0482182932028
241.04834849684266
241.04834258399205
241.0480083094444
241.0486406043492
241.0483331499272
241.0482805330539
241.0478889329097
241.04803541619913
241.04832040511246
241.04826027454692
241.04838025325444
241.04850641121448
241.04835249474854
241.0483484907163
241.04811137604702
241.047877342251
241.04834306240082
241.04853507752705
241.04828863759758
241.04851619910914
241.04807554304716
241.04799516007188
241.04826110544673
241.0480847440631
241.04850415156398
241.0483445814316
241.04806979252317
241.0475910953828
241.04745271621505
241.04893392929807
241.0478263249097
241.0484574605798
241.04813658530475
241.04868112123222
241.04817530421133
241.04841485111683
241.04841365218454
241.0481449078652
241.04808436841995
241.04807389520283
241.04822451085784
241.0477447653975
241.04817184770945
241.0485322860186
241.04806475221994
241.04862441981095
241.04835133257438
241.0485326609778
241.0478860003932
241.0483835238847
241.0484114462888
241.04817537456984
241.0480940619891
241.04813454694522
241.04843632158008
241.04802141638356
241.04824258061126
241.0479254941456
241.04834097847925
241.04821803716186
241.04850463199546
241.04825863614678
241.04840023639554
241.0482473109878
241.04853609124257
241.0478193293966
241.04853962328343
241.0479547133
241.04851943231188
241.048259079922
