287.2052895914582
156.29293927987982
165.01721975868475
244.5107146834431
227.6089656814554
190.4747413083237
160.9248770305494
236.34168723055132
140.61102403202267
12.20597000720636
253.00849271110246
89.88971705328004
223.99398605270108
194.68465036011912
173.77679462035485
184.77806951156253
23.374227795659408
260.03329927263167
223.3464741782518
185.8818462529116
18.73968402085302
248.65405838279275
105.93166264742467
239.50208739514892
137.68547709834093
218.16430260002198
209.9880968446596
83.03391810243102
230.32848454647683
180.0869297245872
214.43093140548353
215.00504395922053
68.96536868953717
83.51521845354637
26.6125869361922
258.2926857087841
77.54437283355946
55.606442084306764
183.521971868111
248.73699476184265
95.9026186403371
240.99686455546362
137.648275317546
242.8095237945763
126.77517219081528
228.73289484372617
182.1214644879201
212.66333217842111
214.76476777068638
70.8340272294754
234.73928074955802
165.76779618436012
226.9192226072828
196.212928593146
129.18288177255454
51.476863789717754
262.85359643340416
70.27844042874858
233.5602418407143
174.64829500030828
206.80709210548412
248.4670172625447
97.82024513216675
215.95593351529897
206.29239869814046
229.0965248143093
174.10879162776655
57.832022637767295
243.03490681125731
122.47271767778147
70.45554190525218
83.69851635144732
26.004620338560926
260.4021259021647
73.54735842431182
64.63671210127359
245.9377381032573
109.0669538677721
159.85112172912704
211.17665980522725
263.4490954924586
67.79176559271582
234.92141635930602
165.67602548719879
225.14727105311613
50.561872365360614
181.99342690221602
207.09209277385162
108.785892414704
239.46169950305193
190.65532386197447
232.5161126156927
184.06016840135635
173.17161401096018
248.46334139614555
98.63048739556689
213.37443866400645
214.91709085196635
71.80359246563967
217.99786768537524
71.28470898754313
261.78468309022355
74.3707051714373
214.43229770729886
86.70139283209937
259.5238239284663
81.63451905312832
246.3978051680606
116.06158272999892
233.4187715081207
174.40116055769613
213.04124062011397
77.84326628370764
247.28676678596457
116.91636933278642
209.10572941640567
233.57527919159475
134.40892759123017
27.61073020670301
263.25019895724836
70.39154205301747
217.16346194168364
74.79836320222603
261.35854137520073
75.5394194550936
210.74826326571565
231.9010203545513
136.94765169094535
226.1871918768411
173.04975597063094
228.14854238942644
167.9835504007242
85.87924699754512
239.76086715703786
12.955198749434203
262.77841845933654
69.47269330696508
233.6929186703601
174.31225333270413
205.42050350207865
247.28067913718405
107.74421570079721
236.83002804203716
163.09454634098802
219.2391908489153
219.98662919866183
187.34738716892025
17.21401003930805
255.4269331142932
91.53474026357435
253.88547870517505
92.251585720398
189.3060953791064
255.91706107083155
80.21475380247284
45.733534951541515
248.68502127390093
104.93773311276891
154.5102428694372
178.26794339570915
227.4870698781233
242.68869451450882
118.41775050257274
234.34309568751632
156.7862540576898
138.05107722538378
239.12555049502407
247.92968783033575
102.70831211795303
197.93547962258162
232.44274269623565
183.54937717778375
180.7857684879491
222.72264771159098
180.41060711385217
221.79898655161378
182.1229716295784
31.432531742422725
262.29426650142705
71.78707329007739
229.41276546112204
40.354081950878026
243.27473476884188
115.88745578477392
100.92801955888717
255.1777864588512
89.96163442508987
193.58469870531553
241.46481112098263
115.58233793009276
107.94416777350125
250.18287059175054
227.19660853597452
182.3957873823092
211.60156382958667
216.09360834312247
67.2560321981291
236.90322086905508
148.17703272133804
190.52740286332119
160.9640010255098
266.33481604683766
61.84925821721117
116.84858749448176
242.77131418794306
115.07054617049289
115.7532643006125
230.37612270946556
219.7592549654728
172.76412775083008
257.5078587687749
78.64636967091792
231.09644018863037
172.97435919712734
61.32355507816828
122.24512057434185
81.7927726546186
259.89511611719354
80.3114192964058
246.20927476988436
120.06251237445395
211.51189934805734
104.0619118164177
256.95969790457457
90.55828057712642
238.31625084044208
247.03747308610764
107.21573689380602
140.47407696976734
9.531961669345037
261.3861363959877
71.94880838835525
226.88972430965077
43.60061195192975
252.03488291644317
97.85344799435552
234.58160098296503
11.944743105806992
256.8089625797584
80.77842628549843
229.98117109816667
175.6061320622539
54.42635465555213
244.63503172187484
112.49345524402452
129.27960894597345
231.910715072343
26.22427303515724
258.63423081424116
223.60823609103682
184.8177783344363
21.819127506474615
247.13258171818597
117.52929811909416
247.6806715857383
114.64359884384612
231.1126316123773
39.304908468599024
200.77052922842995
249.71648637875478
95.51446707655123
218.13577256423014
206.55675575194618
104.5048586615303
251.74399472940422
100.97434281291498
240.483968611421
139.85117844144406
191.35890941298567
205.91746969227825
204.41157747546822
147.00341872128774
246.12711234726885
215.6600240310363
244.64492164028343
106.27553746737249
184.60420805231843
236.9372225490224
11.806131604200345
224.14965853758622
49.224324815761065
242.0688182682352
119.19578188499145
85.09492462566413
257.6341086541943
83.70595106315159
202.657297780097
237.11961267092556
124.00073174135468
71.14656645047944
248.14210643031402
156.96840324581717
244.33586739667226
227.50881542084971
189.78674846381182
167.04443539217755
86.20658590775565
252.49176056518627
219.27972785230668
216.2524373421038
187.43332784481754
211.8832490604691
207.67897694735439
228.50595240639814
175.12840864348982
55.46567494045303
243.3722504835896
121.96719365089666
232.95019380532904
158.8714417287265
132.00350896565942
222.41474128133268
263.51491247935337
66.16445809577999
91.92825406747579
233.87850876028824
156.73570046435634
252.23990803772176
90.24606264557224
224.55517275919556
188.63949968152156
11.170163265254814
250.333783474518
96.61417084392451
215.57274661357224
213.39974844369863
74.3878234585427
233.59611320364638
171.23012902097253
221.45823695746367
209.50179835759627
220.885299967631
207.6054572622088
86.91143403683964
14.136695801804308
255.46203279771726
83.99595689587295
228.7113591939269
177.02282275691687
51.17123853441444
241.74741357569292
144.86916822893545
226.04176767572062
242.47148224071134
111.38309888223012
145.1753623886907
250.6863435190171
117.09131183460704
246.45239402964944
127.92781893398205
242.9328174211696
144.3160835801682
230.09879359489423
39.7279455151438
246.08234435872873
145.14121361615253
246.30061587775708
226.29491409925686
196.56911809179292
122.24878810634254
236.58090996464307
142.30154539375508
215.3675651318481
207.433887096151
107.13399456613115
240.29127104510553
185.17409875277372
230.2107315180474
40.11398400494363
254.62530813310877
85.30891780735692
227.5180164957128
182.09055585294846
41.57258915914281
246.67028049746295
106.07231166803103
182.90760383750603
240.11867610704212
156.32723710114078
228.52633783238707
42.71034629459609
242.57786092840252
121.47831326410233
72.64433687627024
242.1960648684617
122.06110249925405
73.25907025719061
237.60968843988667
12.026810163093614
262.2920432276005
70.6567995219666
228.8202015523566
40.60192606835335
240.0979778130568
149.00432301778346
213.45930325570225
231.54200307391875
139.38968988650595
20.111802215134958
264.1581789888587
67.50371767429169
234.5051061649283
171.74365370732266
208.85894655049196
247.68190053390572
100.36024874191207
209.8203039475775
217.4494628567627
66.59409072551352
250.30594841785205
100.88615345531434
168.05343674487085
