288.2162836455652
224.17339588176247
248.62867169454637
239.14826217156747
242.4509056710399
241.22267553493157
241.66549402233477
241.50357484323604
241.56224388290002
241.54121155246685
241.54873108502034
241.5455653802037
241.5471774051157
241.54646397214037
241.54657408500952
241.54673554238798
241.54670757201256
241.5465884348423
241.5468992390979
241.54688827752943
241.54648858079872
241.54631900369623
241.54695084545347
241.546466455884
241.5467052603599
241.54660267493637
241.54686523945566
241.5465699415672
241.54609842436184
241.54726498120726
241.5462798245917
241.5473031654128
241.54672448654492
241.54642433875597
241.54610748366395
241.547133509981
241.54637079609165
241.5471068256029
241.546511522507
241.54700467381372
241.54576086207453
241.54733442843826
241.5465407582251
241.54701478620154
241.54667934402096
241.54550205645864
241.54768844783757
241.54621567696086
241.5461973062629
241.54725705166493
241.546295712149
241.54699125409388
241.54619640449164
241.5469881938552
241.54687545538764
241.5465547218664
241.54699063978842
241.54640118004318
241.5466739376534
241.5465225816879
241.54703065868307
241.5466060885774
241.5470231538493
241.5467397880784
241.54673107960843
241.54708726783792
241.54687047426705
241.54658166668742
241.54601969018404
241.54736796679936
241.5462174041786
241.54695487073332
241.5469119418267
241.54690715922698
241.54676450029
241.54633095569443
241.54632398948888
241.54679706036768
241.54685000854442
241.54642292119024
241.54616828978033
241.54694713935532
241.54668578865312
241.54696733281162
241.54623020814324
241.54700565249004
241.54675032071464
241.54698108366938
241.54664942065574
241.5463813187671
241.5471174303675
241.54668154508545
241.54664314267575
241.54601011786872
241.54705734522577
241.5465997029387
241.5465822999322
241.5459163205378
241.54721064339537
241.5464425756727
241.54655752011604
241.54668980060524
241.54704620314442
241.54683695663698
241.5467555059222
241.54631442144455
241.54668006917927
241.5468534211468
241.5467923768083
241.54670960062504
241.54665811434097
241.5467164111178
241.5465022884964
241.54716336690763
241.5465414560822
241.54689587294706
241.54623931426613
241.5471404936543
241.5466786641773
241.54692318158777
241.54643550016772
241.54674630400405
241.54693746972043
241.54694742326683
241.5465033913497
241.54651165156247
241.54665020289394
241.5470478923162
241.54675245581166
241.546576999659
241.54710316983255
241.54610137076816
241.5472370889329
241.54665422624385
241.54658895407192
241.5465523358871
241.54676888077665
241.54641894791712
241.54693757030327
241.54669960102183
241.54662620731688
241.54659921940765
241.54707646272436
241.5469263275736
241.54673172613548
241.5466078714453
241.54712150122214
241.54649743610935
241.54635602531926
241.54678896318364
241.54652669597272
241.54701854250015
241.54644571069366
241.54595990396774
241.54745340732916
241.54682032483834
241.54667629578762
241.54698463918612
241.546483755199
241.54715025745827
241.54662206736248
241.5466132396832
241.5470696391494
241.54678559838067
241.54616085127782
241.54703781936405
241.54667184175923
241.5461497120632
241.54701055389887
241.54685355733818
241.5469709982208
241.54582023720286
241.54739389453607
241.54651618552452
241.54670008855464
241.54678499039437
241.54666605922102
241.54678832499485
241.54638409770268
241.54715558787575
241.54639826547645
241.54700115026208
241.54626083040785
241.54660144241643
241.5467145316943
241.54687670097337
241.54648888166412
241.54661233595107
241.5466960126214
241.54688824986806
241.54686002104427
241.54657597203914
241.5463941424241
241.5460322122526
241.5470226676407
241.54675827860774
241.54701742497855
241.54675328360463
241.54679197072983
241.54685591100133
241.54656821559183
241.54666263077524
241.54659313324373
241.54629704951367
241.54685505823
241.54668990820937
241.54660300421529
241.5465464858862
241.54652417928446
241.54710742803582
241.54631573628285
241.5461644606985
241.5469212886237
241.54676120747172
241.54709571918647
241.54666529854876
241.54687828924216
241.546194610768
241.5471763635578
241.5467018798081
241.54688641705434
241.5469656961941
241.54691325007298
241.54665032046614
241.54631865878764
241.54671590251382
241.54681432251527
241.5465339643124
241.54718441214936
241.54616943538713
241.54692423228698
241.54670753274695
241.5466381784354
241.54665868014854
241.54708109876083
241.5467975581414
241.54692419467028
241.54664070077706
241.5470937462669
241.54657616373152
241.54653078434058
241.54691753261432
241.54695691347297
241.5464187621692
241.5468586860079
241.54636894601572
241.5470028230484
241.54681143914058
241.54680834393366
241.54699398353114
241.54641766387795
241.54675248086278
241.5466700397228
241.54679217895318
241.54644619302417
241.54673418733
241.54654000572918
241.5470786222577
241.54636305115127
241.5469030012464
241.54592915566172
241.54639116687758
241.54717449919553
241.5468998109136
241.5467188594339
241.54676695125818
241.54662742401706
