287.97454208588624
81.07045868013068
268.91575902100567
149.40862738390524
257.3932139107317
191.08309639395543
244.80397602669518
211.04003566121355
235.47505244528338
219.56572509997795
230.53961155157776
223.26308543925188
228.20739064033796
224.90229143571923
227.13674920996164
225.6378771766349
226.64884100929703
225.96895665226293
226.42728959652777
226.11863701355105
226.32645485899866
226.18672258659535
226.28093676605567
226.2170438588746
226.26069645804
226.23078209294727
226.25158053937594
226.23543281337697
226.2480607815105
226.24000581892324
226.24489568154058
226.242535741947
226.24374834372975
226.24291363564407
226.24304442368157
226.2432899773139
226.24229810458928
226.24350392407905
226.24287632626874
226.24135413497606
226.24428628086025
226.2421988370861
226.24398717251825
226.24292157128184
226.24359933607047
226.2424794770559
226.2432603510315
226.24305253263447
226.24329289060006
226.24205188937958
226.24374942178292
226.24078475133865
226.24438576732064
226.2416969401711
226.24393331395186
226.24198146189156
226.244018559486
226.24295906808766
226.24338282643657
226.24245711642288
226.24341292898316
226.24251538013777
226.24351807977655
226.2432186621627
226.2423126163958
226.241827767426
226.2433491700831
226.24268710940305
226.24260097387378
226.24312365519654
226.24276292312788
226.2428565972623
226.2433068682367
226.2413955771881
226.24393986470022
226.2414225986031
226.2435097949783
226.24224134540054
226.24260973204946
226.2431084796408
226.24194394787264
226.24420891947375
226.24235853912614
226.24371550047726
226.2414045623409
226.24453900962544
226.24184366683403
226.2438849040118
226.24217915523695
226.24394337943158
226.2422593740339
226.24346886667263
226.24202022736426
226.24361910265725
226.2414008709129
226.24408567665887
226.24095059111278
226.24458678323208
226.24240854150776
226.2432045139867
226.24283961337278
226.2429873575893
226.24331584361062
226.24283361674316
226.2432658306352
226.2431152308127
226.24283056199056
226.24281639736
226.24309251965315
226.24233514595107
226.24319722596556
226.24309739084856
226.24289575246803
226.24274502314802
226.24287012133573
226.24322425014543
226.2429216454766
226.24297612709051
226.24331919925316
226.24198232138588
226.2426389838365
226.24269292101235
226.24303687184874
226.24335880711442
226.2424551166623
226.24321963052353
226.24323653865576
226.24306697625434
226.2423584158969
226.2428063005209
226.2430245755022
226.24196631877567
226.2431042717144
226.24194378311222
226.24198657050874
226.24313161143073
226.24312475493207
226.24223028072447
226.2431759981264
226.24140123042162
226.24405582412874
226.24255606807128
226.24328883243288
226.24337806437688
226.24191891257215
226.24306140811677
226.24119672162487
226.24423180297163
226.2412367571451
226.24446544410603
226.2422806466493
226.24221199131716
226.24350698135095
226.24243292137544
226.2435656321395
226.24293715617387
226.2431174600133
226.24319102519075
226.24296366953058
226.24323028102663
226.24327437403554
226.24312135754735
226.2424906461165
226.24159648877685
226.2433537007746
226.24286008395575
226.2431814664087
226.24207803796162
226.2435989343503
226.24142745333666
226.24413325139903
226.24226544265548
226.24335479353613
226.24324583187263
226.24259161989903
226.24385210429318
226.24169814230845
226.24385386105132
226.24223278356658
226.24243543304328
226.2434449683933
226.24303466717538
226.2426122743418
226.24270073135995
226.24345242556592
226.24290530840517
226.24326142271457
226.24155760679423
226.24463363757968
226.24177318458533
226.24347578611196
226.24267684624647
226.24297959612886
226.24257578533434
226.24351021735492
226.24287705398456
226.2428245831834
226.24313103381428
226.24338765217544
226.24278374743153
226.24284764928598
226.2432240967246
226.24278405729274
226.24331599555444
226.2422243108158
226.2438232198765
226.24183387984522
226.2431526777218
226.24352769744291
226.24243658437626
226.24397925163794
226.24264853916247
226.24350942015008
226.2425674974802
226.24315451768052
226.24297356671013
226.24300083747949
226.24313992157113
226.24372049352678
226.24130705950665
226.24345147128042
226.24235073890304
226.24360441947647
226.24250876878796
226.2429759234219
226.2423066674237
226.2435821599065
226.24256992053415
226.24209956711275
226.24377008201554
226.24195867122035
226.24371969196363
226.24254617109546
226.24349286180222
226.24246900965227
226.24258609340177
226.24328810817678
226.24235893691366
226.24303112916823
226.24256529317063
226.2423566597863
226.2439737523964
226.24201955867466
226.243037998589
226.24123147997307
226.24262613446626
226.2430205662822
226.2427520554047
226.24366501871555
226.24236364672834
226.2435650655243
226.2428523466515
226.24192423626664
226.24409788927005
226.242382141485
226.24370868536062
226.24207533196022
226.2436151830916
226.24208375687886
226.2428462098469
226.24301802129776
226.2425048724108
226.24226216248644
226.24350551435782
226.24288373121817
226.2431437542691
226.24267996524577
226.24256200241507
226.24206737207714
226.24293402682815
226.24268009583466
226.24318584922003
226.24272058083443
226.2434413049923
226.2430180733063
226.2432401309634
226.24067656707484
226.24356593724224
226.24121149722487
226.24442689430725
226.24123074983072
226.2443125435384
226.24155588558642
226.24330682330765
226.24270440686087
226.24338018074923
226.24292063830944
226.24341170220578
226.2428574806254
226.24250137089984
226.2430958173063
226.24254672971438
226.24313256851747
226.24254545776057
226.24341976677533
226.24171942957037
226.24354028816742
226.24235040477652
226.24230383403483
226.24364491028246
226.2430459461466
226.24134543749096
226.24343218575814
226.24283417014522
226.24343071076146
226.24103966279654
226.2437612630456
226.24269834440202
226.24296793097164
226.24305290223856
