288.02513628141895
231.44100865741734
248.2687258690687
242.75645363406466
244.24038535264344
243.8036167330729
243.92490697722906
243.89069254528658
243.90100204628425
243.8975203986438
243.89858421945655
243.89778819118692
243.89894806704797
243.89819424546204
243.89797148353227
243.8985688118728
243.8980850959715
243.8984953391082
243.899024434716
243.8970036573137
243.89771033323177
243.8988466986193
243.8983475953737
243.89877107374923
243.89826341349908
243.89866118918872
243.8986832200444
243.8983402208887
243.898111275661
243.89799211579157
243.89868133709388
243.89833214802638
243.89866939936655
243.89878003581907
243.89886372109868
243.89836664974064
243.89885574056825
243.89817985820991
243.89882445165495
243.89864434484844
243.89792288980607
243.89847585648567
243.89855191472816
243.89870469412563
243.89842395071173
243.89869827171424
243.89857031573047
243.8984357882655
243.8978438044942
243.8990954728215
243.8980059058049
243.89862560744223
243.8983383093655
243.89907631083042
243.8980535777955
243.89796213783848
243.89873375006573
243.89704579861063
243.89932910564676
243.89865828153052
243.89917352286648
243.89794373374752
243.898852447237
243.8984129537057
243.89807209310675
243.89846067512553
243.89822208085752
243.89841553806764
243.8986843712555
243.89800286175887
243.89856268977746
243.89855862621334
243.89849029946708
243.89874947056524
243.89870009467268
243.89828769585438
243.8983330499468
243.8980886557074
243.8979679470067
243.89807338046012
243.89745383292393
243.89894514222033
243.89882653006134
243.89872535219183
243.89877976621938
243.89822542169713
243.89833313646523
243.899098921509
243.89803811921593
243.89706497565203
243.89895505773893
243.8981462129159
243.89812098301627
243.89860771865642
243.8985812240353
243.8976579599548
243.89841854414408
243.8986699474117
243.89927293081564
243.89781480019155
243.89856700404926
243.89837184574571
243.89833785564406
243.89840469839692
243.8982367128774
243.89886564036715
243.89771153658512
243.89899196415354
243.89809015965875
243.89792050481628
243.8984219830745
243.89862936519057
243.89910665458592
243.8982910931154
243.89752674018382
243.89866623002308
243.8979843616471
243.8985589446238
243.89838405007322
243.89775198457937
243.8988655620342
243.8980700908578
243.89851132331387
243.89885068694275
243.8984742645116
243.8988228662929
243.89889678158215
243.8980307968668
243.8987835836815
243.89869553736935
243.8978518870863
243.89864843450778
243.8984800085018
243.8987081148589
243.898243237345
243.8990098809154
243.89822274994367
243.8989409077767
243.8983940413018
243.89881095692544
243.89818033873598
243.89784283736662
243.89858265295334
243.89866531467123
243.89885846304242
243.89887388196075
243.89807896212733
243.89839572303754
243.89919921768887
243.8976874043583
243.898362342974
243.8980725687361
243.8991545148965
243.8984475021789
243.89826692423958
243.89843098048004
243.8980062069386
243.8984268076092
243.89855515504314
243.89881973320007
243.89884116910252
243.89849584486365
243.89728657445812
243.89942947460077
243.89825602610654
243.89891090559104
243.89789538856712
243.89815423198888
243.89854779966117
243.89877277659252
243.89811741778976
243.89890389348147
243.89859778912796
243.89873917360092
243.89841494213033
243.898500738258
243.89895220387552
243.89881925137888
243.89827452218742
243.89815234900743
243.89886518642015
243.89746455379645
243.89807757537346
243.89901207984076
243.89827013017202
243.89834038942354
243.89846661531192
243.8986262005783
243.89790878699569
243.89889089979988
243.89788793690968
243.8984616871603
243.8990070920845
243.89845768362284
243.89834999095183
243.89867542681168
243.89855532078946
243.89861083441065
243.89863765673363
243.8981075126503
243.8984422623762
243.8987018954358
243.89805847500975
243.89897438850312
243.89850283160922
243.8986141206551
243.89720717484306
243.89896759529074
243.89810205591493
243.89721355201618
243.8985858800297
243.8995510249224
243.89824789272097
243.89839218837733
243.89886691320862
243.89778051848407
243.89855406961578
243.89809384408
243.89841659771628
243.89828844014846
243.8978874644672
243.89859311201144
243.89756839019537
243.89869262652064
243.89864488408784
243.89775355708844
243.89898556850676
243.89863494051679
243.89792109954578
243.89903239348496
243.89837274176534
243.89902576588793
243.89845961361425
243.89865761749388
243.8985320564243
243.8983986032399
243.8985761517397
243.8983696836658
243.89852089782653
243.8981979200471
243.89850326720625
243.89895484065346
243.89864783533267
243.89710386123625
243.89909163439006
243.8985126294574
243.8985792006133
243.89880675457243
243.89883845328586
243.89844709364115
243.8985311924189
243.8983221416711
243.89933061640477
243.8975783555361
243.8986240648519
243.89786202143296
243.89812308996625
243.8984680971189
243.8984460420179
243.89828572813713
