287.69907056670456
198.20765645192523
98.6425283754927
255.26012143053742
227.8060243461748
240.1728909183555
234.55958017458101
237.05715310252845
235.92668150785266
236.4342132011966
236.2049323272263
236.3084198329716
236.26244155116956
236.2823957253613
236.27362112095489
236.27788093468644
236.27512058530647
236.27654960940163
236.2757723003415
236.27687555713874
236.2762436884277
236.27693174012347
236.27639760689726
236.27638195945474
236.27678443779223
236.27603522349455
236.27658971570781
236.27670763085916
236.27600694286775
236.2763162396932
236.2756306378942
236.27633695506847
236.27628665405064
236.27612248578953
236.27611262475875
236.27613889405075
236.27652568495796
236.27613048624153
236.27650609605917
236.2759504106707
236.27699088261397
236.27611065288693
236.27628483495027
236.27646518507572
236.27629998390512
236.27615008983776
236.27660566738632
236.27612758609757
236.27609408404896
236.27699860751454
236.27596483920206
236.27666479711115
236.27646246677978
236.2766420404405
236.27610963835832
236.2764685881266
236.27648198387396
236.2765340762562
236.27631492490764
236.2767606706584
236.27601529533786
236.27619957981005
236.2760977257094
236.27618555001754
236.27640818809596
236.27657171686587
236.27604431456712
236.27616774829949
236.2766618290807
236.27647183460795
236.27672498395987
236.27597140562648
236.27677179072634
236.27624150596603
236.27620658283558
236.2760135507342
236.27621234577236
236.2764980375432
236.27618158953555
236.27601396312093
236.27691134041743
236.2758260220544
236.27691785633215
236.2759549008515
236.27626965493982
236.27650702762185
236.27695166047852
236.2758516999529
236.27704081437696
236.27660495449527
236.27646908155657
236.27657978627758
236.2760105783782
236.2766709713178
236.27616715303157
236.27597895260988
236.27682064574765
236.27550930822326
236.27670842641965
236.27645303841564
236.27601375884115
236.2769228275647
236.27645707014017
236.27656357907836
236.27676852422155
236.27556089415157
236.27683523244195
236.27652687648515
236.27641222265083
236.27628372207255
236.2766211802591
236.27601252956083
236.27678227472643
236.2760195205774
236.27624547772575
236.27683343042736
236.27600621659076
236.27664689959784
236.2765773085921
236.27638219307846
236.27671834731154
236.27641832569498
236.2756918894156
236.27676898554637
236.27643460530817
236.27686967790942
236.27599370753887
236.27667983205902
236.2760970859963
236.27655119439441
236.27593744981277
236.2765346018714
236.27639532732428
236.27631809528248
236.27591638266313
236.27690395015088
236.27524778360385
236.27643862761033
236.27655414742185
236.27603374652972
236.27597870681348
236.2767278867832
236.27640692330897
236.2767675353898
236.27653495505365
236.2760575882421
236.27661658207217
236.2760200581979
236.2769351698007
236.27572592315846
236.27704652325338
236.27617502768408
236.27613966444915
236.2760171942573
236.27649098081747
236.27685191820638
236.2757969231825
236.27670785800728
236.27551842950925
236.2769943531821
236.2757746244024
236.27588669503893
236.27695730598498
236.27593773319677
236.27644848451018
236.2764572558808
236.27589328338945
236.27631342686072
236.276069381056
236.27604608086403
236.27619791606412
236.27653789756005
236.2760333480619
236.27657213564817
236.2764343539966
236.27683165053895
236.2759778926702
236.27611216359946
236.27581440197537
236.2763381323166
236.27530727977137
236.2771034337493
236.2756997288452
236.27668752210593
236.27614791334054
236.27618796647585
236.2765396880568
236.27661207184428
236.27588666307565
236.27706442412455
236.27643333420565
236.2761302287836
236.27613086618658
236.2761392998218
236.27569251746172
236.27647906409402
236.27615216112463
236.27545159120928
236.27616147144
236.27617738308618
236.27597952033102
236.27697103760147
236.27664052277396
236.27598122297786
236.27580399431463
236.2768916735804
236.27627773120184
236.2759974339424
236.27666392282117
236.27586463552143
236.27666831429815
236.27582778796204
236.27707069428288
236.27631197290611
236.27641594887245
236.27603708946845
236.27669842969044
236.27602146820573
236.27693768929748
236.27649088054022
236.27569872436288
236.2764066443342
236.27653901651502
236.27599338896107
236.27616393749486
236.27646811693558
236.27595888082578
236.27689264855871
236.2758058826439
236.27664966823068
236.27596146732685
236.2766404531285
236.27663559145003
236.27663115915493
236.2760312117607
236.27599372746772
236.2765135844238
236.27663694454532
236.27605087975098
236.2762481697573
236.27651055934257
236.27648764873447
236.27663398320146
236.27655175731343
236.2767221229733
236.27663229314203
236.27602761115122
236.2758483725629
236.27612251818937
236.27621647594788
236.27642485545948
236.2764352602826
236.27650999752223
236.2765926658758
236.27683511321084
236.27585668877873
236.27637483653962
236.2759740005713
236.2763247652474
236.2761120908399
236.27610518716392
236.2761951823486
236.27618427062407
236.27620477466553
236.27660191289033
236.27652238980227
236.2764462174964
236.27610951007227
236.276655644906
236.27501074556494
236.2767152692977
236.27541028382257
236.27668377141526
236.2765148635226
236.27649388734426
236.2766792728071
236.27669116570905
236.27601167083776
236.2757688153506
236.27639417767932
236.27592836158874
236.27633484941907
236.27620420556923
