288.0386837677331
263.11236926853144
264.7491660353003
264.55938407209237
264.5774080318779
264.5757534695804
264.57593841755715
264.57566381625065
264.5753016922581
264.5747634819736
264.5748749709355
264.5753246196591
264.57524907609513
264.5760890358979
264.5762094527963
264.57513630130506
264.575829783269
264.5755284384395
264.575391863611
264.5754325835842
264.57408529026
264.5749197112182
264.5757767205905
264.575005896977
264.5747690127846
264.5762338375662
264.57580268286983
264.575770010475
264.5757015028739
264.57614485776867
264.57616754812807
264.5763037068118
264.5748542994115
264.5761893764866
264.5743904730043
264.5752492366555
264.5750643341089
264.5754437625401
264.5768380409645
264.5754649825285
264.5751123693226
264.5741643574038
264.5762654299433
264.5746991859487
264.5755136677726
264.5756618483938
264.57562993121974
264.57500933094343
264.5755764437963
264.57568910444024
264.57562322449667
264.5740779667685
264.5752409244269
264.57594438326123
264.5754606315131
264.57580839564616
264.57528310139605
264.57579119100046
264.57439665922357
264.5760775807248
264.57551011325995
264.5752949229027
264.57532626314423
264.5759717975052
264.5755326975268
264.57463136712613
264.5758434503514
264.57550654415536
264.5758261352021
264.57506828656915
264.57529643746966
264.57431530255417
264.5759173695915
264.5761745878044
264.5758002832008
264.5752178340699
264.57567005151213
264.5759864196516
264.5752390675116
264.57539610105596
264.575801843137
264.57539739801723
264.5752036943668
264.57587589664763
264.57530597568984
264.57581166813907
264.5756861334812
264.5751366606419
264.5755912073655
264.57483961532853
264.57580262790725
264.5749881493175
264.57582067890326
264.57587420596974
264.5755443156304
264.57589211033337
264.5755410171114
264.57566173825035
264.57492302393075
264.57544326486095
264.5747417160819
264.57558822846477
264.57486239615537
264.57409633693896
264.57553101978556
264.57479411092936
264.57600262355845
264.575764296751
264.57541672877414
264.5755655880639
264.5753679938498
264.5753585133061
264.5743774625007
264.57505775723985
264.5754590843353
264.57532564557914
264.5757970743143
264.5752395722011
264.57522534331656
264.57562379974115
264.5750579666201
264.5757740423069
264.5754081599225
264.57550712469674
264.5745933011858
264.57499878368253
264.57594228332164
264.5751134118036
264.5759426395307
264.57485167327104
264.57553590196767
264.5752533272462
264.57492949852895
264.5757489686366
264.5754021198518
264.5757919274474
264.57533589004015
264.5763495963329
264.5759155446285
264.57512920876616
264.57557439613447
264.5758379556064
264.5756003819406
264.5756036214734
264.5757197819621
264.57491340191336
264.57455760153243
264.5753956986882
264.5747041768482
264.57500419758435
264.57590977496875
264.57532598135003
264.57608274999075
264.57560021436075
264.57600204749906
264.57459444312553
264.57589454518165
264.57571552781155
264.5755919228541
264.5761368812673
264.57530351000605
264.57538871753786
264.5751859031443
264.57543973131396
264.5755941608659
264.57516806908825
264.5759999778529
264.57591529733327
264.57528632174945
264.5757579483179
264.57584798824973
264.5752428683045
264.5752174820227
264.57541280795704
264.5751726895978
264.57536672233255
264.5743324227369
264.57604908008943
264.5751675907668
264.57599809463136
264.57525752979564
264.5761370394903
264.5761575902725
264.575390029815
264.576682746032
264.5750190361723
264.57543889155204
264.5750485221215
264.57511056313524
264.5753396213986
264.5750900836865
264.5753504801978
264.5762323754607
264.5749087500444
264.57612048216106
264.57553246003226
