287.9520439514089
272.7531908659794
69.11767536684624
267.4782081239764
79.90186442774052
266.055655929214
83.86600718830778
265.4353628455756
85.85422998878494
265.11038126548146
86.94745110537087
264.92988878652886
87.56434203933986
264.8274436522788
87.91508301072827
264.7699217978261
88.11261085996102
264.73711052326325
88.22595402968727
264.7182917066266
88.29054835410443
264.7082057535663
88.32447903391221
264.7028612096037
88.34390849497413
264.699675477068
88.35439405685975
264.69753460963693
88.36225937315976
264.6964740279909
88.36525704679661
264.69587475088156
88.3675200793241
264.6952937483311
88.36937701136048
264.69549220660156
88.36817602485462
264.6955074338839
88.36873105502127
264.69479476393826
88.37146080612729
264.6947125340357
88.37149517821854
264.6949518169058
88.37081619479432
264.69493287541627
88.37091749614228
264.69474427018395
88.37104701292083
264.69469419076086
88.3719585812305
264.69487682183535
88.37091575755767
264.6950240891674
88.37048551224507
264.6946447795708
88.37180742343844
264.69497937560664
88.37107281855424
264.6945538496184
88.37025083040135
264.6945987319996
88.37217898732342
264.6946494983713
88.37316074199407
264.6945735837835
88.37078284076779
264.69504704466453
88.37022950647952
264.69519103122366
88.37011130684186
264.69485527250436
88.37094674984473
264.69446330335995
88.37168295191805
264.6950854073839
88.37015977683404
264.6952736632302
88.37005080678864
264.6951196927039
88.36931751768498
264.6951422586353
88.37040564860945
264.6946174398763
88.37193607040535
264.69503721472574
88.37048472537208
264.6953768571693
88.36934730240682
264.6951645871086
88.36954405443976
264.69501508482426
88.37050314067892
264.6949655159078
88.37048629547644
264.6949993490671
88.37063321918686
264.69457887312456
88.37231902790518
264.69490656056587
88.37109356692235
264.69504148926717
88.37029186630753
264.69505976308574
88.37064334726165
264.69432356874313
88.3749606954625
264.6943002078333
88.3736540048194
264.694554061738
88.37202708730183
264.69464550253906
88.37181521870662
264.69497393811616
88.37007013467519
264.69476823879813
88.37173738666024
264.6953520064344
88.36949985267711
264.69524398179055
88.36821098868677
264.6954878524266
88.3685748518983
264.69530123777804
88.36998904062784
264.6954334070833
88.36861495440098
264.6952444158378
88.37038695580122
264.6952938059403
88.3696295653499
264.6954079373827
88.36911672674614
264.6952773696539
88.36885286321922
264.69579109914775
88.36716911465192
264.69574650861614
88.36796137602505
264.6952994570893
88.36901583338476
264.6953280315647
88.36973087353545
264.6952352036533
88.36982302914112
264.6954872782153
88.36878232919116
264.6951671454008
88.36920815888152
264.69524363042
88.36984979300905
264.6949294002334
88.37041517171019
264.69503230608825
88.37043632780114
264.6955261936964
88.36846909742599
264.69551464624965
88.36877157029812
264.6953476170602
88.3691221666013
264.6952982737712
88.36956511872268
264.6955454263152
88.3686633023026
264.6951706372929
88.37009006304288
264.695195881839
88.369726231198
264.6954466902098
88.36925484835228
264.69534334758646
88.36936094117846
264.69551329094975
88.36882166116993
264.69554698158026
88.36849712933326
264.6953980214166
88.36941537763778
264.6950672421299
88.37002485683479
264.69559327910247
88.36866606484546
264.6954349884036
88.36943355587573
264.69524147131597
88.36973132292042
264.6954225439986
88.36957331199665
264.6952799228893
88.36937175947969
264.69540411898925
88.37000081560109
264.6944862054661
88.37269748779363
264.6947153060755
88.37124219894758
264.69539861580415
88.36870919779176
264.6953743325648
88.36971850097325
264.69508365805086
88.3704001136939
264.6949788332204
88.37062129166588
264.69508946553833
88.37036807936965
264.6952980366914
88.37035770907096
264.69547949117987
88.36877749650012
264.695572064149
88.36845812485262
264.6958703126875
88.36925663008151
264.6952556592587
88.36918410271755
264.69468617661914
88.3728148478549
264.6951238021866
88.37000472651562
264.69549859696417
88.368224668724
264.695201012888
88.3697074878728
264.69542201134027
88.36905672904686
264.69552391199977
88.36829351253982
264.69552442381973
88.36819468231988
264.6954515842226
88.36858744399797
264.69538557466876
88.3691016924422
264.69513038464356
88.37012158321158
264.6951361544343
88.36948493041564
264.69540457989206
88.36918461782625
264.69562056350696
88.36853869729384
264.69579456024803
88.36792380022234
264.6955972147407
88.3686350506614
264.69547592023446
88.36841931336676
264.69508396991296
88.37008668549242
264.6949824763433
88.37042482779361
264.69493255582347
88.37046266869584
264.6949416555144
88.37049198892782
264.694957788859
88.37284528411692
264.6949336183461
88.3710662155645
264.69493940683606
88.37060822478088
264.6954252651776
88.36922585485445
264.6947419751523
88.3715004826663
264.6947376312455
88.37162813959003
264.69450120766123
88.37296134571079
264.69462709032814
88.37158179457765
264.69523144644336
88.36973482496978
264.69486884032085
88.37092033536464
264.6950921085663
88.37052985606715
264.6951919385756
88.36955345602473
264.695286875678
88.37010210609878
264.6950948716403
88.36905848282913
264.6955769386259
88.36822294325975
264.6956590220507
88.36830552153697
264.69568132195855
88.36815387896786
264.69512132994714
88.37009198176384
264.6953426890541
88.36904947603762
264.69548619614216
88.36862443940481
264.69573291615234
88.36812479392393
264.6954229360126
88.36873458206537
264.69551158383547
88.36883662805485
264.69507944610086
88.37008876031905
264.6953605858871
88.36917148875364
264.6949056417652
88.36934563776595
264.6953010012803
88.36971279371937
264.69495149422437
88.37111696119246
264.69524233856646
88.37002349202521
264.69537537754513
88.36976343022252
264.69504875804705
88.37014160973195
264.695713684996
88.36672106252809
264.69584800589655
88.36775552308245
264.6957053326187
88.36861591314664
264.69509802237735
88.37000709230779
264.6951857191889
88.370430909883
