287.4785472816646
141.3571020131639
94.39050419392049
254.03463628666748
253.42843331632275
217.75413791370056
82.13315830762963
238.76006838268563
229.56715826591153
233.3047904349669
231.4282361753044
60.69584723886828
46.51635782347921
252.5949234101954
221.53847963181533
75.81241575120566
258.7082956063059
214.90696111101988
89.44562715064603
238.6409865410551
228.86081867603298
63.69804141550503
42.8410226934393
253.95849557842575
219.8734535461208
77.23930943474443
259.2227655474362
213.68387447228088
93.83002474821751
238.06554199888433
228.23332792428027
61.02904597501765
55.732579092116794
252.65846196791426
219.50101230324435
77.61750766315163
222.5929241484555
244.20161880892374
221.52456095624802
73.97933341028875
243.5279643664653
224.69054683318063
66.97457172914255
44.90213071068865
255.11668349805223
216.7443014343171
84.8319798800203
240.9719532626259
226.47292682530497
64.04716029092015
49.352943213221806
254.00693606204186
218.2131183946094
80.71874558977834
237.91601560389427
45.96789900553995
100.37824280238601
258.4367976497124
215.9241056341998
86.51760107835253
238.18483986238607
230.1034955679861
232.94591704539016
231.62389349804835
61.44979187023819
43.40066940800352
253.26979432284134
220.89275930921576
76.28594938737297
258.84775495922804
214.59211321642942
90.48357008990206
239.26182291708756
227.66241252840337
62.278874875708425
52.2364122702711
253.18802576361122
219.2826018093183
78.09785380341782
220.33408348824378
245.25874280921198
221.47072817202206
73.6760349106662
243.59690505540857
224.76265527126816
66.97979769878293
44.234677850534354
255.1122412272416
216.96261909920577
84.11079908673491
239.27822781887153
228.87055489572958
233.52517074322532
57.183535759053484
54.23734424007853
250.2080200946366
219.390015702018
78.00398037456398
41.06070037752215
166.31146209736107
210.09428936935365
264.9783753683623
207.68476556197493
116.31346845805092
223.64793371178166
237.24752609599818
56.157177034507185
49.72949472208711
251.34559558778346
222.87197206632845
74.65206393428889
258.4814064723032
215.40395609180996
87.88507278907491
238.29207495697483
229.71783646255426
233.21296839369097
231.48351426772933
61.48397927941551
43.63406796781419
253.24011780540968
220.90549415754867
76.23786231924532
258.84779092965255
214.59127077191442
90.4881248707643
239.26409804549257
227.65604951749629
62.28025156741569
52.25832898265071
253.19073280285738
219.27117143672513
78.12516010998661
220.7241020443762
245.0934665199893
221.42632226643036
73.86852287533839
243.66594452635036
224.52992103884026
67.24910539237317
44.58579866884247
255.20734814130992
216.6009291809387
85.27311507784907
240.90628847176413
226.41453941401414
64.01983397867298
49.84953469865286
254.02584772904083
218.03401986118843
81.2245109227515
238.5742402374599
230.11233783356874
232.93352979522024
231.63321933185216
61.874488833775104
41.820331703318516
253.6351223306192
220.5385775755858
76.67449250979553
258.93583385754755
214.38515640291007
91.20915860096284
239.14038620288193
227.54652040675137
62.14665371757292
53.44770409422199
253.2081789484364
218.92224930851808
78.98226968630479
234.81610558571265
46.54808535410848
248.69685094816668
221.6276438947898
73.0089744462457
15.81110492150765
258.89584500958154
213.699409495508
94.06257885861123
237.8730772061026
228.398104079286
60.82605317294656
55.965580898373446
252.5318767821518
219.70550505012216
77.15244601223094
217.1727806229028
246.24152605776908
222.59045013466675
71.50674327495653
17.8292179430573
258.5393847925443
214.42111299704993
91.38883379882463
239.0289092903622
227.58084976241662
62.031135577271925
53.864564156509005
253.1698064687298
218.89441154491942
79.06028219938162
235.68392874741403
45.430259612017835
249.27265560197702
220.35046319097455
75.77319433444063
12.30291092448897
234.33714106734988
48.20416257405304
101.60724396367732
239.382214998579
229.2357668180848
233.74376296093396
231.24171086883143
232.1034906971836
56.04892393836053
63.48409747551341
248.727028031004
224.5682275766958
235.49164945634402
230.415936112724
60.56824594370846
49.524705391297175
252.14120334753534
221.8331387633225
75.21549164632597
258.6621303074571
215.01098793029814
89.12312023378763
238.5968711383175
229.00268521852558
65.12285596935544
24.253523969069647
256.56945921925944
218.08843988260196
80.98941955520422
259.4817422163469
212.9779382308625
96.60719417620567
236.73677484190557
229.182967399247
59.73963639440626
57.87303429371241
251.89001708929572
220.52583088900428
75.43285874564754
6.280309489564388
259.3132411974657
213.31381450734625
95.36515519487875
237.32480326989025
228.77232591664506
60.29013237664185
56.94026733924693
252.22752145646518
220.08217683737166
76.33352843281318
210.86590270984016
264.0063630159566
207.6258727198874
117.65990343617887
221.38477420518757
238.62410416818602
229.49414309969143
63.29622878210648
42.1447961003214
253.8739044757167
220.15754342887521
76.92625832035264
259.09281955297047
214.006008455166
92.60189729902777
238.60608781233896
227.85488324877224
61.59290269511985
54.72642966416606
252.95711021080206
219.12746028974652
78.49682468204992
232.73903782757407
50.83246531052282
262.3907491988939
211.65919578517787
99.52776744839502
235.9581749154895
229.53220666444395
58.98847239094903
60.19200149428798
251.52975995643646
220.6490591053589
75.14318033974268
7.7178544292692095
259.2710689944215
213.40224268527527
94.9784333454445
237.5194292911765
228.62832573751803
60.48017353750765
56.64337517155218
252.3428421148128
219.92250433554
76.67440752814582
213.34070035959303
263.666186363771
207.0889585470577
122.27817605441669
211.86481807136443
108.14942569681443
257.6324081340572
214.32663451999542
92.47907713145833
238.38326490581676
228.09963973637787
61.319194653391605
54.865781304528355
252.77521043617162
219.47731373267015
77.66587434602843
221.04736100816808
244.97700110057485
221.34859256373602
74.15846600951045
243.5793945609039
224.58673819855903
67.13627671617724
44.8189692778833
255.17032417675364
216.62775728171982
85.20012989273528
240.92529881933297
226.40507430702564
64.03824120115314
49.80237456274335
254.03243345106603
218.03091750429303
81.2324071572657
238.57295226529823
230.11212942752172
232.9340711090481
231.63287610319094
61.885607276737574
41.7779754223302
253.64519829557685
220.52868099769694
76.68709554128873
258.938258690745
214.37952131964266
91.22907622993807
239.134269980932
227.54824110628397
62.140884072650806
53.46886200319568
253.20625249206205
218.92018965090392
78.98702558575314
234.8692645819683
46.46599717323261
248.75351865738048
221.51029075555562
73.22696097476
15.500704966572812
204.56782340705104
265.4191541506443
205.5498249749071
129.7193212514394
178.5383432712988
194.1236805094377
265.60307182424003
210.21491919388063
102.91143587332044
234.2874832007219
231.11654123816697
58.51093510410283
56.73327039467404
250.98895978654036
222.51714343673666
73.8769134269096
6.3060757605562685
258.5338128001167
215.2669001911854
88.34320501147886
238.5023151998903
229.32282237295294
233.4340083810239
231.34241680866398
59.99324245163007
49.258511341075064
251.9953060865373
222.09970810879895
75.82403037234326
258.6265264286194
215.06337692319357
88.93464465158468
238.5357525372674
229.13662634133652
233.27575837921177
55.1193131870823
63.98240311650443
247.6287032690161
217.47487754568283
86.6331786988303
239.0350457200111
228.8960903492407
64.42825211650052
37.28269578995241
255.0660595100926
219.10356941040664
78.79623498089495
