287.1450885128564
161.79576951550104
19.99658109956124
256.89351219076923
101.70664824864093
232.32827378325146
189.49292696519797
216.0807886574928
218.3819803630131
94.46052188626254
236.54259824383462
176.01675431959438
117.06430682706605
242.7458871244262
167.5278314352986
231.54398562507413
202.41731397039666
148.63342097968962
246.7191282364065
127.94487244743141
195.6022158953183
234.46728849111787
55.98514754521966
229.89767558380936
203.432228597203
145.3740631033952
247.5610931987494
126.19960083033129
201.4523749276832
231.62846372992863
61.55307229300797
228.14243213330064
205.4861810811226
140.8216323009583
105.86270858804528
246.01936535095774
235.00121147030404
164.0512540938762
15.969509250853662
254.86113793818004
110.97352081490499
243.58968555738284
153.63602873013588
213.2724286867724
115.6845927704544
221.3375098500983
218.65933272744223
217.4073677971228
95.02896545984731
118.33996798680164
254.94062973592736
114.11126273892842
243.06487690623726
152.99349740502112
218.00240680140814
218.81824171204244
91.53217617679366
146.78574252052204
246.72403756030508
150.0113042962039
203.4458171731858
237.75262932617807
152.14420637311014
57.15441518462467
261.2479194395728
97.40041660111456
246.75246821292967
148.22512609712794
242.14677088405006
163.54299645466017
166.74718772226697
11.657139465474756
261.18388864257213
93.58112821327813
247.59738968285092
144.7060159651919
243.32971793740944
159.43624151624317
184.21274325468403
255.30019830166202
103.52350555338853
230.92957079218104
194.75546954149104
204.73977698891395
143.35846494435827
248.31826227004422
125.21044356448692
202.60455714729687
232.40202062731987
200.68198284488972
158.3513601200575
28.63280307216337
265.9770499974147
79.84646624846573
241.84839193904918
155.1028096077025
216.18395761700594
219.43984248741253
90.97199219795584
238.42196493208758
165.98699156691873
189.869497415948
238.33649830583818
186.8165808641461
203.9282517079955
19.14753197105165
252.92208586013294
118.46478342555565
239.11106574511723
181.71328099627135
210.4684909025309
254.2745602740397
107.35179079543013
228.75927985142334
197.76575512360068
200.31227906094864
232.2484593691297
199.01125387647335
168.89279749625712
4.641259406205791
256.74156534145004
100.84080517016628
233.0781558636445
185.21251730338554
77.15482597493246
243.72749791716706
155.7834783561666
198.12046260813804
44.36049376443043
255.1109449025862
242.76568922415026
143.78652857062116
83.42908363019524
246.30192022088886
14.781562065945764
259.4282019268576
95.05495689473173
234.839297069615
186.59527370817523
216.42876779876678
99.69466071214993
88.77056791145878
260.17238738244487
97.4548185095191
230.2279804159989
62.03226222651574
246.18370274895278
135.269710860739
128.06754093494965
235.06556152394478
53.345188036699255
256.2805969261972
102.94165979194076
231.2475407833408
193.22901925066253
209.01857081305934
226.39905005451146
209.14544809568906
122.22761783736496
10.089443485921947
258.94591528055753
94.59404116463702
118.79755762369314
246.21088340144343
141.61111503636494
230.39549817192892
192.82833945949824
57.85890732464759
233.2566459702066
193.79135082986613
198.7766081982263
199.504019178421
233.28176808161516
196.44346057018993
181.72207076448103
101.26371857593767
249.39261824897403
10.285825529354042
252.0236017231946
120.87034307098656
237.62379063236585
188.24746294359647
191.49381914104015
253.32269162637385
108.47855821095436
227.71327934558212
201.54311384099856
183.72832578555972
213.2025354332145
138.60391688628442
230.38396880099026
220.68342249510897
192.135741835933
252.94799135437643
108.644946373337
228.49555515360407
195.3375661898899
51.51097744818253
233.4084817206458
199.45659553344012
231.30657940813398
201.75833914407121
151.67703041337518
58.82498232220678
260.5972475889939
102.66702481380344
234.58519920846447
250.8594188880379
112.11810584599152
49.3390295770223
253.85856444577075
109.27886151390703
227.6997331025559
199.15939073787013
197.8742515350241
233.24168892622401
198.13007749804092
168.82696094091807
9.261280354025075
262.72976703477616
85.53919663383567
182.25375205311138
94.23187827011134
258.5388351418442
102.29657514537394
223.93215064740798
82.82722779178584
256.49522211420845
112.60995543259196
239.5675010818086
45.5620972958277
234.0541511905176
186.03125028736395
217.37162814976182
220.0330063369547
216.22796549105988
98.92410527874745
91.77334747984423
259.3193798498687
100.84221434759093
247.27069817049778
135.72000224127987
233.5733292261648
184.5741168559107
78.97288566752832
243.73757448272227
152.16915003010217
217.87745643489325
220.47653684089892
215.80639837273338
99.76000678865967
88.71887372811761
246.08892204883887
233.3053192043153
162.98810664047778
19.45113480836153
257.17447021951375
242.55470294185216
145.54335365001316
75.29448463124572
255.93328837065928
105.39062222846405
229.69477562191605
198.1895199886203
195.0930587358307
186.48516121905413
244.69289108658268
134.79303263047768
146.87826491928718
253.08863008541812
130.36766747041838
219.77830640447792
227.85292803404445
183.6637328681827
261.0703593818034
90.21947349701077
237.64862912124954
172.98140101131867
131.21536393326824
238.30583541751548
175.5233457688446
114.20125863119029
227.27983323761146
205.8525017315551
161.75778930656088
236.85909920700942
186.8268316390022
211.67062481382163
132.65446678429726
248.3418449168239
138.66615884195198
229.0288435731636
206.46593497633876
136.57181123780902
258.4567105362803
94.88614556044922
118.71974000541377
243.7263664152706
168.99338137543236
225.83172911622387
78.00189640064491
247.56195255024068
9.963271985994652
241.23041107400786
163.75049869078794
234.38387265292113
192.81554196806974
196.11372095919796
49.375020101404516
250.39320422691526
122.01235593231104
206.71797468469595
143.21479625056963
94.42577645505662
251.4320256984065
5.672094916051719
260.5505999728921
90.42530148093647
148.64048169692978
231.20473792406847
191.7647839605197
59.586676394814276
247.40044679644052
141.31013299628103
220.32970654296514
242.71167158875323
141.61251905895188
96.40776118835493
255.09598810737953
126.04304481721192
247.42892359032703
154.03095259411202
236.7410263822967
51.231584547422244
232.40347002373892
192.18543942828546
205.9490702944313
150.13830666948343
225.5949571847741
204.2237853173574
178.516518623539
205.18333557716687
250.81052772798284
111.7474567630561
48.71724709424598
252.16934861459595
124.02024398738286
231.8503441157809
60.60043474765553
252.2956478378328
129.4852727522957
246.21467071786174
158.98314683338685
233.15063147935143
57.78881769502186
246.42946633216343
137.06035529469955
232.70561466983054
186.8866934202233
71.80967566570325
246.21619315168937
136.69818342533836
119.0536618699698
240.59161926814704
43.67010181605292
234.80906124105968
186.71056461778062
212.19798409272335
126.77246230757737
234.61734211708244
53.893838326926925
247.8674501215428
126.83816043936531
195.95751310276682
235.91274760928354
194.14141007879516
183.88684294422274
255.36089729215018
102.61815734443371
93.40484992451093
110.01903650212626
251.15866517288669
131.30826547120523
247.8499514869909
141.23290989462112
224.93215857972973
75.76724726551038
242.76305684629187
153.8024072880362
215.57272027333966
222.7131140339916
212.96565932413796
109.27093361216248
55.670332641282585
253.3432706685271
112.70003157609608
223.3902355839382
211.9865971236577
117.68887895459193
220.2222223857534
