288.34096458392236
249.51671391544278
255.3942829810403
254.0813750392315
254.3209282703283
254.27061582872875
254.2812415440303
254.2788043274545
254.27820929749032
254.2799807392994
254.27927881329379
254.2790149700977
254.27930444596132
254.27943776192842
254.27966166510305
254.27968431592853
254.27971115166474
254.2788026197877
254.2799255294285
254.27963399305372
254.2793556837605
254.2791781708911
254.2798783258113
254.27881175600487
254.27880306809675
254.27891462602201
254.28012951054006
254.27900554996813
254.27945370384987
254.2788667360819
254.27914094388143
254.27905494753395
254.27940869819577
254.2794620880959
254.27968242799034
254.27942428404822
254.2793798859875
254.27990665652396
254.27925062752547
254.278326782176
254.2800430872121
254.27942924570743
254.2797215668652
254.2786457702823
254.2801744588287
254.27922455283988
254.28007559528123
254.2794233077948
254.27941048319917
254.27877805226672
254.2793818800128
254.27942168677328
254.27951793888496
254.2795087167142
254.28004229088765
254.27902380247178
254.27935170776618
254.27954115149623
254.27923078004096
254.27916653220018
254.2801120154436
254.27926544571164
254.2797291165516
254.28022613099893
254.27958672316527
254.27894125552484
254.27952443816685
254.27863749418248
254.27950929713188
254.27974475485098
254.2789267528242
254.27957465692452
254.2791015286457
254.27976455034513
254.2794251847954
254.27980124446913
254.27872634859523
254.27934092114447
254.27939308104396
254.2786905214234
254.280197840475
254.2792817126974
254.27942239521508
254.2797229915086
254.27953328954754
254.27972600898647
254.27973169381585
254.27931080995768
254.27921862441144
254.27839019704697
254.27961019051145
254.27922423336713
254.2794289327867
254.28014684923983
254.27955331202247
254.2798662381174
254.27948258724064
254.27989779663767
254.27944964652124
254.27907249206328
254.27922242808563
254.27917605119
254.27952154273225
254.27973123409174
254.27930071966694
254.27921409954433
254.27939850938856
254.2797158198955
254.2796836395646
254.27914025086648
254.27968999672157
254.279384025147
254.27949412613816
254.27890437636233
254.27954547330592
254.27903118759423
254.2798455758675
254.2787889765823
254.27956804737187
254.27901388372266
254.2795598195371
254.27968557881832
254.27903977583628
254.2800168502945
254.2788804665979
254.27945035580342
254.27918345139915
254.2794987680827
254.27857834858878
254.27905164806725
254.2791426851545
254.2800515248673
254.2794759626122
254.27943755742308
254.2785183169981
254.28000492325373
254.27879348339775
254.2795599586534
254.27982198580867
254.27956047163752
254.27961434583995
254.27930167818704
254.2800568727689
254.27936935477192
254.2795454364241
254.27936142414546
254.2791614669477
254.27987728885637
254.2793711128761
254.27916460808046
254.2798646698866
254.27948622171243
254.27830365652335
254.27955724784988
254.27906427066773
254.278956131413
254.27948978706263
254.2788601352222
254.279930621502
254.27915173853398
254.27926192189625
254.27898375723453
254.27999718616775
254.27888618536235
254.27965849202883
254.27809785763384
254.2793306352105
254.27970725501655
254.27896762597084
254.27957321790745
254.27986620782758
254.27922360398225
254.27862433722476
254.27922978490824
254.2800663922244
254.2794260442315
254.27943435730413
254.27969978287
254.27960069815163
254.27929251550813
254.27965963145834
254.27960310757044
254.27930212271167
254.27936276727996
254.27961027872516
254.27903833398886
254.27957954650628
254.27881344084744
254.28032914106734
254.27821116519044
254.27959582761105
254.2783388431999
254.27927337712026
254.27943227809737
254.27855928441568
254.27905126244877
254.27825421854504
254.27953195794544
254.2795734229585
254.27915210922947
254.2798040187481
254.27969670979655
254.280176825152
254.27861870378547
254.2797958493902
254.27871442113246
254.2795500664215
254.27942371366953
254.2786495507753
254.27965981012676
254.2793879724777
254.2792337552819
254.27960851650278
254.27945719084528
254.27954067087558
254.27979341596074
254.279458031393
254.27959319777437
254.27925527727348
254.27924836175225
254.2795515691687
254.2789323196339
254.27945255032682
254.27940013479383
254.27933764077898
254.27960968684056
254.27868177747587
254.2802080761321
254.27978810681088
