287.4756723783374
123.32513042607087
210.384626182205
242.9414060971135
225.4539104168682
233.63242472933393
229.42664055556202
231.5393937549843
230.44362621736855
231.01426815272634
230.71495720754046
230.87175479667758
230.78962826943962
230.83275018011045
230.81025184003283
230.82170677285376
230.81629010403867
230.8187270276103
230.8175665540639
230.8180787143183
230.81774350037176
230.8179647223251
230.81774012625738
230.81782732297415
230.81798399407216
230.81782018625017
230.81815819352414
230.8179095354808
230.81780280585735
230.81764278717492
230.81814558462247
230.81781065363793
230.8180958887133
230.81791071954103
230.81800176223624
230.81798066641204
230.8179122730271
230.8178832515987
230.8181163041354
230.81787486110807
230.8179882908662
230.81810953266722
230.81793900703815
230.81787144975897
230.81821062894778
230.8177400819659
230.8178663421877
230.8183770144442
230.81758689233538
230.81802207616965
230.8181084097996
230.81776842792533
230.81787081594302
230.81829088633822
230.81769505117336
230.818063967301
230.8177660567926
230.81790109007852
230.8178200607399
230.81813947322735
230.8179458872546
230.81809501025054
230.8178732747292
230.81807761309756
230.81775644769368
230.81786767426456
230.81852985577643
230.8174327382294
230.81799173408945
230.81797308538444
230.81778499603752
230.8179699856264
230.81796974869212
230.81815148156238
230.817771425518
230.81787897805407
230.81798853421787
230.81781152819167
230.81815277795977
230.8178907020665
230.8182047825394
230.817887548601
230.81791836488628
230.8179585629041
230.81811668414593
230.81807582265174
230.81799366682026
230.81808053878922
230.81793016492156
230.81797493729027
230.81793434389328
230.81809532063562
230.81778471481448
230.81832500797464
230.81772584881764
230.81811404761538
230.81779957935578
230.81783656257903
230.81815702142194
230.81803324067005
230.817752502262
230.8180753590932
230.81810330106964
230.8178527338314
230.81786125524377
230.81797143085714
230.81790093491145
230.8181261189602
230.81767765196128
230.81814597165067
230.8177827714244
230.81796486404346
230.8178721300137
230.8179308701583
230.81811553728767
230.81799004045024
230.81778724313335
230.8180230298094
230.81774687411234
230.81833968978026
230.81756583867536
230.81807283416128
230.8179090952326
230.81792613679136
230.81826929008093
230.81788896884245
230.81796818741714
230.8176697151721
230.81828541387222
230.81778361271427
230.8180737172661
230.81810640568438
230.81795387528837
230.81801417070528
230.8179047355443
230.81802589125436
230.8179934126165
230.81801168397942
230.8179209550799
230.81766364937357
230.81858756109432
230.81759997810877
230.8180921065723
230.81802817290009
230.81790100373473
230.81795040657744
230.81780154233275
230.81813940717257
230.81785980129644
230.81802702545247
230.81794026694843
230.8181323829267
230.81807998309523
230.81805155469192
230.81782048402238
230.81780919631274
230.8178592483382
230.81805252085906
230.8180176410242
230.81788536527893
230.8179840275261
230.81791745819646
230.8182340233834
230.81778956011112
230.81831968509505
230.8178944744941
230.81797654799448
230.81810096461413
230.8179331779029
230.8179231611357
230.81811858092988
230.81792781282275
230.81795981387404
230.81788404967665
230.81798601058108
230.8179862121906
230.8179935983935
230.81781396472797
230.8180589300464
230.81763033321477
230.81842381780734
230.8176967791369
230.81804161184846
230.81777258289367
230.81801837864623
230.81796976387704
230.81802110593708
230.81825063227006
230.81780421443545
230.81788705747022
230.81792905469047
230.81792942099855
230.81782177239074
230.8179228655281
230.81814728686004
230.81782385907718
230.81814857607242
230.81809189313208
230.81789196751197
230.81788836960914
230.817722397318
230.81813180774043
230.8179727773677
230.81777886992495
230.81847043972812
230.8176942102582
230.81811732302594
230.81785748647235
230.81783121799526
230.81797715416178
230.8178958696226
230.81806917810172
230.8180860298162
230.81805266543233
230.8177790455229
230.81778241462598
230.8180075417913
230.8180141371995
230.81809728806547
230.81799456759472
230.81781386410876
230.81797406474652
230.81794729655667
230.8180553138227
230.81801087528584
230.81802648036683
230.8178612980846
230.81823385693133
230.81801276802435
230.81810322498495
230.81793397954607
230.81808654333872
230.81785654369742
230.81807853205828
230.81804096944688
230.8178864452202
230.81809004173556
230.81801254327002
230.81779819348594
230.818444185541
230.81766442075605
230.8178502462397
230.81789241539082
230.81796612101607
230.818179795795
230.81770234949363
230.818000702493
230.81817044818308
230.8178902896907
230.81815414807352
230.81787294248352
230.81805456749862
230.81782674750139
230.81783252689638
230.8180951805698
230.81804103548347
230.81796324231254
230.81813396769576
230.8179667055083
230.8178412076668
230.81792124945787
230.81787328136852
230.81781699095154
230.81801385984
230.8178437011229
230.81781188199238
230.81811937590828
230.81785232879338
230.8180044136534
230.81799589842558
230.81811947726237
230.81788607778435
230.81797781851492
230.8183326319413
230.8176161704323
230.81801498179266
230.81827014795272
230.81781424125074
230.81809732536203
230.8179667656368
230.8177182344516
230.81844240472128
230.81782268939423
230.8179610540392
230.8180254007748
230.81780713613261
230.81769692740636
230.8186531666579
230.8175847575476
230.81813625512586
230.8179270173132
230.81816255033482
230.8177164572262
230.81807440982084
230.81747499173798
230.81897706784366
230.81716838970897
230.8185501248372
