287.9831995019129
112.57665010090034
266.039798540599
193.8552160696479
246.68418865977833
218.0233301433675
235.5608806184796
225.5599867024207
231.40825813119727
228.03293127117286
229.9936681070917
228.85833219915867
229.51681690529767
229.13519693373746
229.35668249580613
229.2287049783872
229.30311572849405
229.25870519064665
229.28530761369802
229.26914949642105
229.27935902563786
229.2735870268698
229.27718322942383
229.27481736514346
229.2754337232218
229.2755928842107
229.27607601886666
229.2758110096147
229.27389239114564
229.27627890929944
229.2743369089094
229.27649278026
229.27431281260942
229.27615282217266
229.2733954624855
229.27651996058194
229.27459418565013
229.2763651397654
229.27509056528652
229.27534157686932
229.27544788167143
229.27526455568295
229.27454243084867
229.2744754436335
229.2757697706238
229.27538585535513
229.2751446410257
229.27549021155937
229.27572601848442
229.2749650987862
229.2763946679479
229.2740869971749
229.27552750927498
229.27524450493365
229.27550849740146
229.27550329929363
229.27619688389677
229.27386556814236
229.27694194065043
229.27504853054052
229.27603015896239
229.27454832708827
229.27580889886667
229.27498177270536
229.27502769171406
229.2752975476069
229.27519774257235
229.2756998898185
229.27549456621273
229.2755786193302
229.2754274897743
229.2758813216351
229.2754965584827
229.27526963801938
229.2759076977636
229.27387750155322
229.27646155803086
229.27443862596192
229.2755538012243
229.27504712052178
229.27528359320786
229.27537939036847
229.2746275112695
229.27646448117594
229.2753337877948
229.27356321633852
229.27672048611203
229.27462369130808
229.27601484324987
229.27464544289978
229.27591207365913
229.27447243447386
229.27611547736888
229.2754101458995
229.27573266166655
229.27469992012266
229.27545351487424
229.27569841518198
229.27472825993755
229.2757089898805
229.27536741114454
229.27595728769666
229.274966488083
229.27604659913777
229.27318186308548
229.27461352174578
229.2761168692232
229.27478399199754
229.27594546571345
229.27495036443725
229.2759414439497
229.27455829527753
229.27584292872052
229.2750643019317
229.2762961431581
229.27454086778016
229.27531779262063
229.2755347054117
229.27517360495403
229.27536093349045
229.27586054390122
229.2750874415433
229.2753123169823
229.27557193828397
229.2749215340009
229.2757943698016
229.27497591409337
229.27556486528192
229.27408577540336
229.27626873477857
229.27480181449937
229.27614282748982
229.27362311830075
229.2759998428446
229.27545562303567
229.2754323741101
229.27534219028166
229.27554185689223
229.2753681912218
229.27578344885842
229.27536394118215
229.27455289738282
229.27624151855707
229.27435005066945
229.27549484424526
229.27603672214173
229.27540723743004
229.2753665009659
229.275844839598
229.2733969371111
229.2757137757144
229.27560571378854
229.2756040010063
229.27496596122364
229.27455631912744
229.27588650994585
229.27519802167808
229.27604388043983
229.27386778187065
229.276312067057
229.27477517300576
229.2761450422404
229.2750162690645
229.27610539741727
229.27461510957073
229.2752610946991
229.2744990711799
229.2755115416585
229.27486690141086
229.27541670668143
229.275159142162
229.27608691574278
229.27543017754215
229.27519879055035
229.27564497257117
229.27522334727837
229.2757859341218
229.27479328259506
229.27689598479628
229.27498914645548
229.27494742831186
229.2742706373756
229.27594916689122
229.27422936086077
229.2758606407442
229.27554864936246
229.27535405808158
229.2756734280265
229.27579563184554
229.27493753946328
229.27536682267237
229.27589246352727
229.27461504940584
229.2762553353823
229.27554356111068
229.27503191772848
229.2754535635613
229.27584400057822
229.27569947144366
229.27558553950803
229.27487387081783
229.27559831408144
229.27518893950037
229.2758306734031
229.27494586026296
229.27567113649275
229.27528659813106
229.27317669104377
229.27692785205727
229.27516294781526
229.2759930962493
229.2748615690216
229.27564712808817
229.27538107441796
229.2757921119919
229.27554574777605
229.27567938623542
229.27343458423275
229.27684156456962
229.27462242671754
229.27584129126626
229.27436180209043
229.27473651526088
229.2738695013977
229.27588430588366
229.27362121058104
229.2765315615252
229.27419099361578
229.27624128236494
229.27520264909253
229.27548435413337
229.2756889079319
229.2755308825581
229.27545352788002
229.27467585277918
229.27508706698427
229.27616743974795
229.275401535313
229.27525703367428
229.2752728710184
229.27589167229598
229.2743198750104
229.27618681671447
229.2743892779108
229.27589709637687
229.27536543022143
229.27536287426483
229.27454723285337
229.2759445192205
229.2751428878837
229.2743113081815
229.27616430073977
229.27409278640698
229.2745306732395
229.27645384531934
229.27535077289212
229.2756415088952
229.27377083379542
229.27657159515365
229.2745928769873
229.27598187363765
229.27579068619525
229.27575707490905
229.27437467071286
229.27625861926936
229.275037190062
229.27574432648544
229.27563246540376
229.27575432225422
229.27475201406924
229.27549267890572
229.27370300280745
229.2765469775186
229.27463765456923
229.27569640004367
229.27384248793533
229.27705928751675
229.27467766415793
229.27606880737585
229.27512386956369
229.27580900292378
229.27500499224698
229.27562389649393
229.27559710177593
229.2756357738399
229.2739920032327
229.27628223477222
229.27343047245813
229.27686024051218
229.27400975995988
229.2759334534785
229.27556355869456
229.27487359393854
229.27612313453574
229.27547957008937
229.27531212863687
229.27592712952173
229.27316886135668
229.27652482831036
229.2748023341992
229.27567468682537
