287.48275406000033
160.6791298924793
24.204928919533472
257.349999254934
219.6497223019412
84.10299561057855
239.13756533840115
231.3019827514272
63.639986266684446
45.780596826180044
253.36047250193042
223.8439932631377
75.2284889319526
8.857943773508396
258.91877686838325
218.57847181597435
86.77634267259054
239.0673152878071
231.2118415680161
65.51964428173505
29.248662543055616
256.09242206506497
222.05060683923875
78.36846886683179
259.4224655568478
217.659591511926
89.73672257097132
240.1395719479906
229.23886324805608
64.01873900215287
52.239289071049825
253.8761382301027
221.62890438477461
79.08438301929164
234.76474708503338
52.026221882182654
247.81567127760172
225.78451488312203
70.90299858193794
22.442237034994832
258.06712945932486
219.22295358838528
85.01702444568218
238.8539940484843
52.252501176830265
71.72769853026693
263.27858921946245
215.8532638583656
94.65026301304715
238.5532300355153
230.2798318910045
62.45692452631556
54.93262562439486
253.08590237789758
222.52488856541459
76.98641092185608
5.66101281785086
213.23741758270444
264.2310494911417
212.2492729871119
109.4393971673253
230.30826589096978
235.2089140341086
56.11070578148974
66.94241084908572
248.24654283759628
38.52376553732938
137.43397517095582
247.70058448204327
39.771262836497044
130.87612416212505
250.75291886041668
225.76507215158927
71.38265322275038
19.139205805364327
258.2095544942822
219.38218753844558
84.50374972726058
238.23070849997384
48.95471915862436
95.81472228526764
213.47270773311539
264.59790518754016
211.76377056314595
111.78666546917884
228.44737838413857
236.31859173552584
55.31178621383151
67.0770675962267
247.06635299016853
20.010500811298698
194.56395877269097
253.0780739744332
221.27182172506582
79.93953766223785
237.3932129143941
48.36509482160545
101.90254886078765
239.9827330928565
229.99479658922428
62.8154586682067
54.877850937969924
253.3899759368469
222.0381533450236
78.11773742791411
227.70725615719857
76.38205051655314
247.76240919119664
16.336842248645553
264.64447919207305
215.9397739993401
93.83138283671724
237.2215778732898
57.3004006386509
52.94893895684072
240.44256279832916
45.268448799412
261.2620851088177
219.81243825568527
84.03418252922347
259.45656425212655
217.46483900331805
90.38415228507802
239.92189908674482
229.34072022639884
63.81965142953777
52.73809135398187
253.79871984038982
221.6657260799293
79.00220616624938
234.71289780332518
52.141927987082454
247.74960587473834
225.88618861364375
70.81506952680138
22.190768036889494
258.03312508705494
219.32457099407839
84.71255784387176
238.65451968391062
50.319920839057886
84.2739391568175
261.56453584347764
217.2456542670261
90.48835789935401
238.71366836198285
231.07959667828254
63.67745059380104
46.796722713901545
253.42587196911336
223.54793344606878
75.4286329565657
9.033722978267178
259.06379111987917
218.26673202615348
87.77191001639585
239.28864973458985
230.7816016872166
63.996955361966684
46.40568198716937
253.56318491660932
223.38952472691017
75.64948627894046
8.62847548766149
259.13030091412656
218.13846046084655
88.18529057777778
239.44018365958618
230.5263753087056
63.6859991580568
48.41258274932625
253.38681514392374
223.3226610581769
75.62275736835
9.047803820518311
259.20170912459434
217.96640828246746
88.76319663922914
240.32093160801742
229.3006446348154
64.11461410605989
51.34027500164666
253.84347098607395
221.89238194526843
78.41746643352235
224.54544827879
93.09117142153264
244.00667310613062
27.70440786112158
263.255142856593
218.25254699964717
88.02611686599994
259.52114050113596
217.18813705768116
91.31198597924231
239.5768982056179
229.54316616220603
63.47923768858891
53.41873086843407
253.64457770461013
221.80864433185343
78.6567277730137
232.70726867696067
57.413767540449044
261.7407986456674
217.32376755328733
89.96273566671152
238.14654173381132
231.17386293505842
61.023468677696656
56.74908836796385
252.03725984958874
224.02171494823415
74.19870135362726
12.9954940941534
258.99160033711814
218.2154183171442
87.99618347183423
239.50692980578606
230.4763200363377
63.70714887684153
48.48685074439709
253.39815881206596
223.28909985849896
75.6690066405281
8.96905212917045
259.2195688257925
217.928593528879
88.88981330778188
240.33153984981618
229.2378421725516
64.1468096923636
51.51940230901528
253.88354297922342
221.77588256360468
78.70363724321942
229.5191275686666
68.66288031553995
256.21572656868375
207.08132549007132
174.89282142982847
200.19994042275357
265.59690692189906
212.54521485455916
106.73204799588711
232.7090286006569
233.65414844513725
57.43355562031502
66.03220420330035
249.80594192261924
225.63578443907318
71.60490648217092
18.42949718003365
258.27068793687795
219.29087013685785
84.75804760310712
238.4170617962518
49.4648001934911
91.27259577062068
260.66106842277804
217.73652730713366
89.13644401025522
238.9306619451454
231.0463104062219
64.14513550790434
45.10622897214489
253.70283602043492
223.38394581061584
75.75110536369903
8.185447763898992
259.1074407318156
218.20162168439856
87.97347089422692
239.324984451232
230.70024875277159
63.84151376193768
47.2521821911796
253.46913929573202
223.39478878743103
75.59004908440693
8.893642499679117
259.1445197221183
218.09768950327998
88.3226676256163
239.6433537385019
230.2729043160798
63.66818670097564
49.334792901427136
253.4006320858316
223.12201325550268
75.89521117492404
8.601277829540777
259.3179671110265
217.72503692099417
89.58771712069574
240.18534612980147
229.2067021275434
64.06584909613593
52.17333474979387
253.8995612008439
221.598068510968
79.16092571298941
235.1644697814918
51.197289297007956
248.44198252423666
224.7763187278324
72.27180620847503
22.853926207637414
258.526513196819
218.16769120912068
88.36430017909152
240.54189380296157
229.00627832737518
64.41199760207382
51.45596148901677
254.04464136590832
221.4775247337966
79.45344387943624
236.06623125188344
49.65700145660958
249.12808653892716
223.61575788982736
74.62635571218561
20.38566815618833
219.45821934577543
121.50364566572534
232.20065760616853
243.6979005203757
225.4215418130334
71.10489019741362
46.410019566785195
164.6081611134723
239.36188807402505
46.16832502024772
249.77006032849022
223.64096640433127
74.55383568926482
18.01993179190322
212.58872466359753
247.1013782547525
227.42354287739727
235.63453284923162
66.54993660731998
5.388918260287028
257.80993467637745
220.47788439012947
81.61937162616232
211.14458368941268
249.1127831092599
224.5088229043322
74.22429952971288
9.92305678797129
258.835605322427
218.67352860407846
86.4656224877981
238.9551414216985
231.3503127398144
65.41925830376567
28.860464494588086
256.08794879421475
222.1094209173607
78.29348650298198
259.3921675945603
217.72280967788538
89.51714964292478
240.1999935246422
229.22572030327865
64.06642163280048
52.050370679280604
253.88721661105228
221.65018602197233
79.02633133831841
234.16282361808408
53.42587809699762
245.72857188936905
39.84450103346899
136.19682070177805
248.71018768496288
227.12502138063428
69.63126177671074
22.10085106130282
257.5986648073449
220.27122728686663
82.1301181409217
224.44080524782476
93.86308398969413
256.91021778319555
220.89868870978535
80.71799468099198
218.51120405411348
246.71269897966704
224.92316856178513
72.12648764273035
22.145148043564404
258.55806390092766
218.19226351795078
88.24145422245783
240.56595409751753
229.02264793585346
64.417326712879
51.315654249541694
254.0343682843377
221.52788494777633
79.320717266688
235.34958738948626
50.834120245606755
248.6198800415441
224.48532189517573
72.80056926622638
22.315342448826414
258.6566789676872
217.95072512127808
89.06633386084286
240.32208806442213
229.10732046733028
64.21218077577942
51.96383983036503
253.97042888530996
221.50711182919622
79.38969226363406
236.10203830862883
49.617833635085844
249.14753891680448
223.58063953318924
74.70719992852537
20.35996423261531
220.9785194046999
