287.99542882432263
176.85700852282253
256.0084871804371
221.69889195477617
238.97260074263454
230.69303111868385
234.61395879231122
232.73711552684836
233.62786012555443
233.20279719161545
233.4050501867032
233.30815800785695
233.3547620493082
233.33308890826174
233.34347838237773
233.33824902870037
233.3408274491112
233.3393184933475
233.34030190321027
233.3393389168532
233.339794354094
233.33995681620127
233.3394520360116
233.33952378230788
233.34022979982
233.339771757197
233.33930119319848
233.34025756194933
233.33924208783174
233.3406499410612
233.33910388909499
233.34040455836293
233.33954904369602
233.3394681948066
233.33998097033873
233.33992763363312
233.33922591431656
233.33983464893754
233.33971000120619
233.33969420555877
233.3401702002957
233.33897521146355
233.3399588948596
233.33975900561927
233.33984211558527
233.33972813941182
233.3402179267723
233.33976713607626
233.33988362132732
233.33952149996912
233.33988155564293
233.33992788193063
233.3398856711101
233.33901015252195
233.3400352987992
233.3395566072213
233.33999391424368
233.3402666157308
233.3399933048786
233.33991035141298
233.33934376754405
233.3386078020594
233.3402835759589
233.338858101175
233.34056369877362
233.33950291386282
233.33976368686854
233.3396489802617
233.34002766217964
233.33984055603287
233.34015790314515
233.3390274325575
233.33955382337444
233.3390333777752
233.34025472226494
233.3389444145796
233.34019390223693
233.33964273606762
233.3395025266036
233.33998956747382
233.3396117295997
233.33980328592224
233.33971749642296
233.33968877941152
233.3401324226943
233.33945785516335
233.3401336995521
233.33987979510857
233.3398931691845
233.33946519474557
233.34002549889192
233.3396071551142
233.3401850440241
233.33913451606713
233.34020257163138
233.33948123222217
233.33979131079104
233.339939261401
233.33983567768882
233.3401056087605
233.34003825843683
233.3399630610511
233.3391441115382
233.34009004222025
233.3387510201792
233.34050870421925
233.33973477961263
233.34017218594818
233.33998774146312
233.34012231720408
233.33987704759784
233.34025876777014
233.33918094969704
233.33997486325825
233.33997818952776
233.33982553023816
233.33996830270917
233.33930130037334
233.3400431131522
233.33957548617764
233.34040077976533
233.33990936844202
233.34050651816506
233.33996399946773
233.33968321551947
233.33998042057647
233.33991216235881
233.33913502271753
233.33980384164897
233.33847780246288
233.3404802560981
233.33981124671845
233.3395942838688
233.3402359491156
233.33955003042502
233.33997689336684
233.33981906993722
233.3398137567783
233.33920531767944
233.34011550602736
233.34025394984928
233.33906564316567
233.34041131168487
233.33969400783826
233.34047035672847
233.33893994988466
233.34007542063046
233.33890627855726
233.34023040139436
233.33899505124282
233.33963898429647
233.33963453026809
233.33994172389794
233.33987528225407
233.33930632576812
233.3393438938292
233.3395194394543
233.34033917325723
233.33948156087718
233.33954741946945
233.3392192796964
233.33913977262273
233.33991839012015
233.33998342230916
233.33957359981287
233.3402279681759
233.33997561907017
233.33955636255268
233.33961015175737
233.3395641142124
233.34023089933908
233.3398396307748
233.34005980822258
233.33927953548846
233.33988744788803
233.33961682878726
233.33949135673174
233.33994236274157
233.33944933426392
233.33986460199958
233.33962731342035
233.33991879406676
233.34007922998717
233.3398321882778
233.33992127388046
233.33949313354242
233.33986044214544
233.33897184066154
233.34011300950078
233.33943720300158
233.33941149858583
233.34006317597232
233.33975002776424
233.34004947694484
233.33960507431766
233.34000601395383
233.33997213412658
233.3392307703325
233.34010013964144
233.33999775680422
233.34000734827714
233.33908774405427
233.34044607727265
233.3395693282364
233.33955693771713
233.33988280141784
233.33963363534713
233.33956778486026
233.33995183145453
233.33980331971543
233.34017330457573
233.33975848343107
233.34020490136754
233.3398932175187
233.33971601405938
233.34010228488478
233.33945375071198
233.33958614569565
233.3402536650101
233.33907730832289
233.34010658647458
233.3392913737771
233.34023247558798
233.33900943718618
233.34042602004774
233.33958920759324
233.33970498522103
233.3400617615407
233.34005574756884
233.33933746648836
233.34010656253668
233.34064832537842
233.33910168652073
233.33999471919378
233.3400159048615
233.33980636224442
233.3400641163753
233.3399043915415
233.33978816067975
233.34006037176005
233.33962347905617
233.33991752634756
233.34027495019836
233.33985217107693
233.34012560792326
233.3395727872121
233.33996891342395
233.34003326950187
233.33996540904627
233.33956298211706
233.33969947438163
233.34011960915814
233.33957448645378
233.339959257617
233.339431512999
233.3400043668662
233.33954738161992
233.3402765559731
233.3380326070328
233.34107202432642
233.33917960837425
233.34048973422614
233.33974487605155
233.33991900774708
233.33972605125746
233.34015214112878
233.33981876188773
233.3398582410009
233.34025971627852
233.33960973082867
233.34026391337102
233.33900611582794
233.3404907938093
233.33914746811206
233.33972794578585
233.3403423816344
233.33919784061436
233.33989602506335
233.33987426590465
233.33994348015403
233.33962570750737
233.3395039234456
233.33959429142124
233.34022976808774
233.33943909038499
233.34003306347586
233.33977099008916
233.3394798297668
233.33953091294097
233.33977269206662
