287.9341916696196
270.3506008587806
270.88115686727565
270.8590896949106
270.8582382721311
270.8578671554883
270.85778179238105
270.85790482160337
270.85827743181017
270.8575288581824
270.85724367243165
270.8574717129195
270.8571610409963
270.85825069207203
270.8573051521962
270.8581331780206
270.8581065426897
270.85774581809346
270.8579785945749
270.85734949726975
270.85807950005074
270.8573585840277
270.85810352877525
270.8576668096939
270.85747186281696
270.857713559526
270.8563154831536
270.85794662938133
270.85825932162516
270.8567083357557
270.8580413954078
270.8573434576974
270.85756532025334
270.85846208939984
270.8579248180431
270.857910438368
270.8584728762871
270.858411155099
270.8574738744719
270.8575491724041
270.85696167099013
270.8578672691874
270.858072253719
270.8580387006441
270.8579943322111
270.8577387332989
270.857892487089
270.85790851278944
270.8575712605816
270.8576810876584
270.857945661126
270.85825668213874
270.85785009100437
270.8576276257045
270.8569459977116
270.85786064031345
270.8581033509072
270.85751956799504
270.85668764544243
270.8574956594821
270.85810833077267
270.8575809570466
270.85823078666726
270.85699137862684
270.8579076071328
270.85802469226473
270.85790020734566
270.8579059029871
270.85762668563984
270.8573665092699
270.85624841500976
270.85772856898257
270.85719410058664
270.8574874481201
270.8576404959749
270.85600903894374
270.8577400055292
270.85753905784077
270.85666250852955
270.85769656481716
270.85808554116375
270.8574888037474
270.85728251364344
270.8580335387451
270.85773914628226
270.85782872758136
270.85797086141974
270.8576065205634
270.8571902122494
270.8575434982413
270.8580796398019
270.8576247594101
270.8578446215979
270.8574417973068
270.8584979786101
270.8572776256333
270.8566006573383
270.8574821925722
270.85763228394353
270.8579917566676
270.85743461278616
270.857722037661
270.85751550336136
270.8567495927855
270.85677164765366
270.858402725622
270.85768175005796
270.85800139776984
270.85736937644833
270.8581152768893
270.8585048753812
270.8578464372622
270.85797051765985
270.85781744627457
270.85671932985133
270.8576350744115
270.8575310002343
270.85801325978537
270.8573574839538
270.85730525704275
270.8577454977203
270.8577486691938
270.8581337353826
270.8577846224798
270.8579361138691
270.8577234332188
270.85775625954557
270.85825147340074
270.85796187864617
270.8576606288407
270.85717132643913
270.85803925973596
270.85714723181445
270.85701020680426
270.8574464076228
270.8572595063888
270.85755008591514
270.8581420895789
270.8577656347479
270.8582117691258
270.85777204317856
270.85785987999407
270.8578930871445
270.85782098981144
270.8580191433866
270.85740261053434
270.85778412975196
270.8578111941315
270.8573767043563
270.85826212861866
270.85758052015444
270.8579334915412
270.8579946476675
270.8581034912204
270.8579840735474
270.8583500096138
270.85739732663205
270.8577308321983
270.85774366937403
270.85785635690263
270.8573375569249
270.85766464953485
270.85757846540946
270.8577554016083
270.8576853612176
270.85650079093466
270.85786958321114
270.8575639722985
270.85740616655676
270.8568424487603
270.8568808161508
270.8576789028011
270.85766266379505
