288.30122010898003
237.229376440269
250.306633640178
246.23527513135332
247.30013710993217
246.99379514703014
247.07909858425592
247.0550681291561
247.0607590973891
247.05990563669639
247.06012464108835
247.06021628339477
247.0604476512035
247.06040936455156
247.06025580425194
247.06036924917953
247.06022783360368
247.05962184937016
247.0605348267727
247.06021559066357
247.05895286606938
247.06090968116587
247.06015423809367
247.05948496366182
247.06015770427985
247.06045128195
247.0594877929725
247.06050462607163
247.05994196377105
247.06034229104625
247.06037128063872
247.06026543131884
247.06040640132778
247.06046453706585
247.0602184125255
247.06033271203887
247.0598675590063
247.060730623396
247.06052521234233
247.05989496288385
247.0597883458886
247.05996484303614
247.06058146440773
247.0593488757695
247.06056882940175
247.06023201416974
247.06014855696412
247.06053618946316
247.06029847785976
247.06012435740558
247.0604230900135
247.0597147081353
247.06055789256425
247.0605421924556
247.06064429866456
247.06003176184458
247.05952375323977
247.0607402802707
247.05985760371186
247.0599430469956
247.0608570873228
247.05978179820886
247.06002616393744
247.06027155373158
247.06060487151626
247.06032458130358
247.06062540454877
247.0594844588959
247.05991793774228
247.0600381170225
247.06000548483644
247.06077000510413
247.0601390057236
247.06053568095376
247.0599874273139
247.06055454316083
247.0604088103537
247.06029729464353
247.05994071532768
247.06050809819862
247.0599090145879
247.0606009311814
247.05938941026398
247.06074198755232
247.06020949481172
247.06035043505108
247.05969938229828
247.0602403126395
247.0606284174355
247.06031314096617
247.06013989514759
247.06053257191525
247.0601169431975
247.06037120409746
247.06016619991715
247.06039256148506
247.0601407769791
247.0598276183664
247.0597052266603
247.0597099449078
247.0607314413137
247.06002577365143
247.06069374609797
247.05947884076159
247.06042405296466
247.05979341331113
247.06024590627203
247.06016447694128
247.06005225901754
247.06049159261602
247.06027748417546
247.06045386576443
247.06004645866778
247.06001545264007
247.06037763888162
247.06037757496233
247.06008749936154
247.06033614299668
247.06037780919723
247.06021729140775
247.06045987961988
247.06039708487515
247.06042208693543
247.0600435623055
247.06056357834314
247.06014238498028
247.0602622556762
247.0606104867329
247.06008936275612
247.06073127635318
247.05947797652334
247.06061364985362
247.05908750860544
247.0609792164978
247.0595964393433
247.06074943939166
247.05999969990808
247.0603942438902
247.06008763182763
247.05940251472202
247.06018800495804
247.0600728055215
247.06026197231404
247.05991732533585
247.05980734641344
247.06035390783654
247.05976026268763
247.06090875900554
247.06005970756814
247.06027850534883
247.0603244180311
247.060085153018
247.06030568721326
247.06003826437518
247.0606298426428
247.06017672418238
247.0599987986352
247.0604328232148
247.06025568887708
247.06032121242606
247.0603981190652
247.05994970945903
247.0601292104111
247.06035641076596
247.0591718948417
247.0606468397309
247.05999563350633
247.06058928079437
247.05975139618386
247.0601299715927
247.06021775095724
247.06040826436947
247.0604494595609
247.0603635760781
247.0604348580091
247.05990450781246
247.05988955050998
247.0608033657045
247.05938608768338
247.0605105720897
247.0604314502416
247.05971429769124
247.06050363609393
247.06008761680278
247.05969834903954
247.0604347318149
247.0590624868637
247.06000945376582
247.06052620908304
247.06031363230431
247.05985323271307
247.06082216497452
247.06035259648343
247.05984433252888
247.06041604475467
247.06009865447413
247.0597484093887
247.05999305529986
247.0599608929915
247.06034920513048
247.06062590616057
247.06024682582938
247.0597959999286
247.06047596728604
247.0597176766023
247.06024696888926
247.05980633241415
247.06002225021075
247.0604425573838
247.05916580400662
247.060951782958
247.060117428191
247.0605302136537
247.06009193394857
247.05997335148277
247.0601037779852
247.0605099639215
247.06035378668457
247.06019106152235
247.0606249197299
247.06020845772582
247.05983883650333
247.05977809587785
247.0601319274574
247.0599807552935
247.06010753272858
247.06022102215502
247.06026075220143
247.06005135610758
247.05984213249758
247.06063676069607
247.06024811582756
247.06051893394033
247.05986617453163
247.06021434921422
247.0604343808518
247.06003557761142
247.06000116020732
247.0603320401715
247.06027296751563
247.06047970960208
247.06019754918816
247.06009284759057
247.0592547491251
247.06084417083184
247.06021997450443
247.05978692733333
247.06070908386027
247.06025877562934
247.06047637441952
247.05995119160798
