288.00260133527297
202.62883539407517
250.35315344627134
230.01055943306073
238.56220733846544
234.8839515007869
236.41053766689583
235.7653193229462
236.0353579588873
235.9219678691511
235.96813291976378
235.95005697416218
235.95777496599203
235.95458430922918
235.95606280661468
235.9546730344473
235.95629378174
235.95563400889478
235.95565209037886
235.95344299499266
235.95679316016322
235.95518308675491
235.95525434169394
235.95596722979644
235.9547071288962
235.9559692736293
235.9551147072816
235.95546022842063
235.95537312919987
235.9551726792488
235.95540454815819
235.95624750880597
235.95566286307076
235.9544097987291
235.95557654082586
235.9556067168378
235.95525663705848
235.95547158331647
235.9553310839201
235.95547632930356
235.95593807879595
235.95559252123348
235.9555799538848
235.95648134720795
235.9549494910534
235.95571785091488
235.95538737970855
235.95505647894606
235.95547749360776
235.9552153816403
235.95590806993278
235.95497135249389
235.95602719665112
235.95569528960914
235.95485687982364
235.95593767149694
235.95580324281764
235.95481315437428
235.95633610903315
235.95424359402023
235.9555994223192
235.95500871618788
235.9550395797305
235.95598008550223
235.95449557524262
235.9553820051733
235.95387243690493
235.95605113590864
235.95531161075633
235.95535873989866
235.9558382896539
235.95536396807802
235.95523721762584
235.95535859831944
235.9553567471121
235.95523773769673
235.95484597941322
235.95590772652213
235.95531102526002
235.95566512069126
235.95516702835812
235.95585687726634
235.95554342555988
235.95522159315442
235.95621461761766
235.95479095519113
235.95585349592147
235.95558468025047
235.9552778613397
235.95512413705364
235.9556887627259
235.9559117034114
235.95570812725055
235.95580405035435
235.95509794215468
235.95607842747268
235.95496700423973
235.95558898065065
235.95509870385285
235.9561167640495
235.95511634842842
235.95565394087316
235.9552045652672
235.95553301477776
235.9553637622157
235.95547675448324
235.95554373485356
235.95505520641018
235.95577597783267
235.95568342234037
235.95557510667277
235.95512189996225
235.95590735685255
235.95523720944038
235.9554014412788
235.95575403740804
235.95482567162253
235.95623399777833
235.95519856156898
235.95551390082983
235.95527437884448
235.95545257897174
235.9554440520078
235.9555991328598
235.95511618463934
235.95552430346288
235.95591352361225
235.95585237818887
235.95517119742726
235.9548814750815
235.9554492792231
235.95535452080367
235.95565314125997
235.95572992245434
235.95541816492914
235.955446609747
235.95579243310203
235.95583870322298
235.95542757005023
235.95555517038156
235.95586143550463
235.9553142531222
235.95544290330872
235.95560820451647
235.95575485089648
235.95578163345635
235.9554601688942
235.95493985358917
235.95613653557666
235.95553568202013
235.9559518704409
235.95510426171677
235.95448364311596
235.95595164591214
235.95569504147716
235.9556537532044
235.95511134259868
235.95563434506766
235.955512209257
235.9557929058792
235.95616799168056
235.95489116368117
235.95571314705012
235.95582134844153
235.95500356971024
235.955143885898
235.95529596953565
235.95587371003785
235.95481783336436
235.955620214394
235.95495122539432
235.9559227928621
235.95529007793812
235.95579706131684
235.95564354798262
235.95549233788915
235.95558351556247
235.95538377233606
235.9557799821414
235.95484678944194
235.9561106672627
235.95550302433548
235.95569491910283
235.95538418869546
235.95603511716035
235.95570815765677
235.95542811586347
235.95536215217726
235.95545347630105
235.95560704739182
235.9548635979736
235.9560516935744
235.95453147016815
235.95636145569733
235.955063399364
235.95602119241084
235.95504129207984
235.95590822961822
235.95559080332168
235.95516863971716
235.95586452221323
235.95585600295453
235.95598219017847
235.95472747682652
235.95580082501692
235.9555081068538
235.9544206248247
235.95655796519713
235.95480865688296
235.95622127388197
235.9547299236001
235.95533611805877
235.95469030980894
235.95551971504756
235.95540923393855
235.95559099364618
235.9555191064719
235.95572749737767
235.9554947664583
235.95581006046268
235.95570458298607
235.95599319739267
235.95462573115947
235.95582736615324
235.9541079359915
235.95622080734756
235.9549274710589
235.95512981184584
235.95622960264154
235.95628509776725
235.95545246597612
235.95550737656595
235.9552115501574
235.9558532925148
235.9551387133979
235.9565105552756
235.95484775895602
235.95497787477507
235.95572848556913
235.9555177555303
235.95545386215963
235.95488348708022
235.95620477102057
235.95455552272324
235.95538551048958
235.95491101288644
235.95589010606636
235.95580105794943
235.9554403290531
235.95590602127777
235.95528162553092
235.955166602158
235.9554312319524
235.9560307741922
235.9555601595057
235.954823360109
235.95633360178908
235.9552276647737
235.9554413047299
235.95566000889812
235.9556138087064
235.95539413407096
235.9557585966104
235.95538076010416
235.95528198414831
235.95597586892836
235.95531082327943
235.95561157283373
235.95588941736787
235.95588980909088
235.95529388483556
235.95568163831194
235.9542977170786
235.95586044310767
235.9557016652834
235.95561666648427
235.95527107307862
235.95566295829485
235.95599673590914
235.9552734475874
235.95556909558945
235.95559229938954
235.95529761673242
