287.9272546938155
268.8733714036731
269.60277574978863
269.5592425577654
269.5596523274712
269.5604558254654
269.56037303628636
269.55980154523286
269.56092593616086
269.5601513180436
269.56080837487025
269.55959793793863
269.5597201041528
269.5604061962258
269.56042609485394
269.5608376746877
269.55984541081125
269.56045902375627
269.56032339171907
269.5589398111806
269.5602317192606
269.5600806268303
269.5607797720768
269.55966295321196
269.56073887967796
269.56046450953727
269.5604370887777
269.56012911197286
269.5601165626267
269.55997418174957
269.5604517377906
269.56020533461924
269.5602359687182
269.5604539763699
269.5602909287154
269.55943679710253
269.55929272316644
269.55974030425205
269.5605576566195
269.56035975448685
269.559828016987
269.56023206916143
269.55926532937156
269.5603765545093
269.5598719903901
269.56100942767443
269.5599480644232
269.56067515467294
269.5607135856044
269.5594157590058
269.5603132641809
269.5598142035087
269.5602251078999
269.5602884227228
269.5608897524726
269.55980991619435
269.5600852197458
269.56091803968593
269.5605050919039
269.56042239240924
269.5604067235399
269.5596845044347
269.5603386646908
269.55982827131083
269.5610332748256
269.56034009239374
269.5604128153136
269.5599248971048
269.56060444065224
269.5603908992489
269.56096475876984
269.5606881549611
269.56035865834565
269.5609352894244
269.56060623276426
269.56025874841
269.56036644931737
269.5603288486527
269.55998379999073
269.56004767927516
269.56038668628025
269.5609742684537
269.5600719649374
269.5608119136814
269.5604107340623
269.5598272301868
269.56033911638224
269.56096793136385
269.5597657012622
269.5610778213086
269.56027273777727
269.5607222989347
269.560684630218
269.56082920826157
269.5603922827577
269.55997050010046
269.55999775424425
269.559428033157
269.5599842350639
269.56003296577546
269.5592068188853
269.5601851905958
269.5609523603998
269.55941317910765
269.56102915238444
269.5605907615536
269.5610523569994
269.5607485010478
269.5596584262894
269.56050168497313
269.5597419822079
269.56053507678007
269.5588870733336
269.5607513598152
269.5603805038045
269.5605471591989
269.55996911097463
269.5602428457205
269.5594705151743
269.55954782117624
269.5610024613852
269.56000466516707
269.56108550213685
269.5601399670559
269.5605342134222
269.5591897694103
269.56134949141415
269.56002572491707
269.559983738538
269.5606486402685
269.55979984093574
269.5606187369558
269.5587937539094
269.5602334594005
269.5605465872941
269.560582757229
269.56069542921614
269.5600711120642
269.5603350057936
269.56040897186904
269.55912330717547
269.55937842563435
269.5608599525731
269.5606933828094
269.5601370332879
269.5596084948338
269.56065916047373
269.5607114986633
269.5602178676054
269.56091802167066
269.56098197335086
269.5595864445495
269.56069286000275
269.5594835790689
269.5603903674055
269.5606171423278
269.5612321534718
269.5608335678262
269.5600771391764
269.56027288241603
269.56027804994665
269.56043573169154
269.55911118527
269.56081922685553
269.56053939792037
269.56065696389123
269.5602763505012
269.5606207893288
269.56011341820704
269.55949626502115
269.5604700194817
269.5601261401316
269.5607309691841
269.5602349134715
269.560165465562
269.5602427847916
269.5599236750277
269.56001397420187
