287.96489030313774
95.08908167943122
235.5634538320428
223.8878350552883
231.66605409865156
225.8041763363683
229.9577167589207
227.05115237383552
229.08600386948729
227.67491976109932
228.65610112052082
227.97685450052222
228.44787219520413
228.1219733282678
228.3476800126764
228.1912423152744
228.29973982655338
228.22459341700414
228.27666905682963
228.24060728502627
228.2654687436052
228.24839690294448
228.26035701691217
228.25209849751718
228.25764151361818
228.25385857491256
228.2563226511029
228.25466573576523
228.25578281201888
228.25502559892084
228.25570625662112
228.25520103805866
228.25546015366854
228.25542842193863
228.25539666536315
228.2545063369962
228.2564110780586
228.25435263852523
228.25621019025857
228.25481723054145
228.25572259292312
228.25515979149168
228.2555168105373
228.25532384136568
228.25536788895624
228.25529758973425
228.25546564060096
228.25537217302917
228.25543872322305
228.2553667930515
228.255452706273
228.25506622171815
228.2553308323586
228.25556569839318
228.2553295023099
228.25544407920097
228.2552939978268
228.25548997192163
228.25473600285113
228.25591943321706
228.25513816445164
228.25563893298022
228.2552746387919
228.2553101712001
228.25537554631592
228.25526037076997
228.25559536301807
228.2552433608107
228.255492894481
228.25518461689353
228.2555397039614
228.25533136327067
228.25535548575135
228.25543767122508
228.25522729715158
228.25479367242224
228.25604118037154
228.2547959381409
228.2558769321913
228.25493758571247
228.25580252498185
228.25481552643396
228.25576197373084
228.2550063371673
228.25555216890643
228.25466195262197
228.2554710980039
228.2555693344475
228.25516213289302
228.25553555291845
228.2553034266166
228.25543509464842
228.25478075935462
228.256210457821
228.25468537122651
228.255927816459
228.2550020462004
228.25579620703138
228.25414082569114
228.2568693091016
228.25426442316893
228.2560639131989
228.25445421552286
228.256026949035
228.25489802139782
228.2557474664136
228.2549822864239
228.25570158876508
228.25512997309852
228.25552013441484
228.25525688466587
228.25534544451511
228.2554499710095
228.25474334773025
228.25623886546964
228.2547779678498
228.25567706755828
228.2550107257921
228.2556238584075
228.2551907926172
228.2555551419282
228.25430991144822
228.2565780436562
228.25443644641928
228.25603591637628
228.25487962199986
228.25571760057937
228.25515623045794
228.25538380178477
228.25531035475433
228.2553788465375
228.25527986573434
228.25544407609414
228.2552770122129
228.25544169414206
228.2554021603719
228.25542630726704
228.25530025939952
228.2552865415273
228.25521341782587
228.25548493932
228.2553156568174
228.25549216275977
228.25513780904294
228.25542627331743
228.25519165739388
228.25546308388584
228.25535475707147
228.25543555327022
228.25508983703912
228.2556973774408
228.25509542449436
228.25559044280817
228.25532652757101
228.25540265479503
228.25539709009172
228.25536072684918
228.25565905412077
228.25520115814288
228.25561851289967
228.25503525264503
228.25531248810876
228.2555266385898
228.25534035322198
228.25543998309877
228.25554209393158
228.2551022306434
228.25553796201712
228.25518237446522
228.25536465999176
228.25551964363694
228.25534643423453
228.2554691139958
228.2552908136422
228.25544286283548
228.2553501285729
228.2552523614795
228.25479766970238
228.25602015168988
228.25486561143043
228.25486984207964
228.2560407114579
228.25488643767312
228.25588386082381
228.2547330199086
228.25599790159322
228.2549882527528
228.25570068186062
228.2549900995291
228.25554304716934
228.25496669356653
228.2553224523581
228.25551645054657
228.25502530253289
228.255492855802
228.2554666180804
228.25552174559562
228.25534773689287
228.25541195127153
228.25538813277672
228.25543455399747
228.2553132797184
228.25513554508507
228.25557110458612
228.25507831246068
228.25566575715493
228.25517384942214
228.25562053729664
228.255122547067
228.2544206128805
228.2564831666532
228.25447880300635
228.2559688713227
228.2549937144795
228.25562185538
228.25519849990087
228.2554432576726
228.25524779083207
228.25539556209696
228.25528067287814
228.2555025890033
228.2547854466975
228.2551659684541
228.25565835135058
228.25513802772912
228.25571029700222
228.25506474202848
228.25519956057542
228.254857726919
228.25600416440284
228.2548558030685
228.25574287085328
228.25508609521785
228.25553447728453
228.25518721192202
228.2554414945771
228.2552075082931
228.25555186570273
228.25527509482345
228.2553322292515
228.25547952477064
228.25525554813794
228.25548734534823
228.25530683209945
228.25551986783103
228.25500402739272
228.2556048687984
228.25509496936866
228.2557170187938
228.25458264879126
228.25629346526694
228.25460172772
228.25585483989562
228.2545573203388
228.25622501758335
228.25481446685444
228.25572108659253
228.25513309972303
228.25529757152253
228.25547214024118
228.2553336934361
228.2553724591271
228.25539572721755
228.25529711716808
228.25529640927562
228.25549079140183
228.25521338860563
228.25551778796944
228.25526864240237
228.25532918977842
228.25543450743135
228.25536991356057
228.2554125952156
228.25527275817876
228.25554781485698
228.25522625210579
228.255390777078
228.2554108902841
228.25532498719986
228.25531917040644
228.25549565242545
228.25539742191904
228.25543486888637
228.25534362644248
228.25527853173844
228.2553596913931
228.25542002088332
228.2551630509115
228.25544764992082
228.25528081230004
228.25538463480189
228.25539888361527
228.25513558193052
228.25540831839317
228.25535459617095
228.25547377593466
228.25528289750218
228.25525677560654
228.25559459805663
228.25523612857796
228.25554322033713
228.25528899629717
228.25543730198115
228.25508992816322
228.25561968762486
