287.6514509702624
229.33721085602343
58.337025531900736
230.22010581286463
247.71244264440702
242.13591985159542
243.66019979749854
243.1924504598669
243.33025753656102
243.28837126988174
243.30076069303414
243.29654562714222
243.29870833004952
243.29743816089558
243.2977584499704
243.29762455824402
243.29753385130698
243.29783174203112
243.29764300510487
243.29777100149386
243.29800652872746
243.29759696956717
243.29780548934195
243.2978253510919
243.29839393779184
243.29809594535072
243.2982157613351
243.29810502116743
243.2976032587958
243.29749082621856
243.29830370694071
243.29743700344625
243.29832356453153
243.29760588466888
243.29787735188074
243.29843662717394
243.29746661431818
243.29762138254955
243.2978508553133
243.29845300017405
243.29845480266704
243.29807844123025
243.29728396806058
243.29829451702062
243.2981871551092
243.2976922381822
243.29816140995172
243.29831658764306
243.29772172026424
243.2985269843557
243.2980176456549
243.29759775010461
243.29768554955808
243.2982075806758
243.2977661540208
243.29811817253358
243.29756204148725
243.2982439244006
243.29838508262765
243.297507474952
243.29768023925863
243.29818698069357
243.29762438639955
243.29840290269203
243.29749565619932
243.29837971191955
243.2979978771291
243.29808446942843
243.29783216392752
243.29806465610818
243.29811709879868
243.29810515995632
243.2984693248436
243.29757879968747
243.29839142339915
243.2979697584451
243.29808917689297
243.29802873411245
243.29806068677135
243.29789998196065
243.29817436253143
243.29840235217853
243.29731027473463
243.29774392043328
243.29773351250333
243.2984868844178
243.2979949376495
243.29794203648635
243.2983934806689
243.2980527036343
243.29774160047964
243.29841698759265
243.29796379379695
243.29781138182443
243.29743276357476
243.29826161052915
243.2983024736459
243.29754648650123
243.29810822290892
243.2974334307146
243.29775496426737
243.29812913275964
243.29818089781475
243.29835393214307
243.2981803614457
243.29763353162707
243.2984605701713
243.29819611743733
243.29741784901125
243.29827681730967
243.29804363082076
243.2984214108219
243.29756619104592
243.29781192490918
243.29805448037223
243.2982745826157
243.2974093722878
243.29831543943146
243.29750208292535
243.2982314453693
243.29841501155897
243.297504337781
243.29809039302927
243.29796527378494
243.2984511872928
243.29791399739042
243.2981259550288
243.29733993614354
243.29858996759867
243.29756910965807
243.29829638445517
243.2981234722247
243.29838427188952
243.29802189606562
243.29802204207226
243.29750680804864
243.2977640075187
243.29753070350853
243.29783446671354
243.29798973678407
243.2977809380027
243.2981561014094
243.29825432968937
243.29808870999113
243.29846148186334
243.29760313669976
243.2982401777408
243.29808237142424
243.2982929846985
243.29815219235024
243.29761155811138
243.29841180438962
243.2981117754607
243.29724124476343
243.29814268557675
243.2984580295597
243.29756709690264
243.29809974904492
243.2974890273108
243.29844825221517
243.2980961027497
243.29830646275514
243.29819199411577
243.29752897343133
243.29816102621407
243.2982622934942
243.29823435046274
243.29806444861606
243.29798744320578
243.2977069723056
243.2978326076627
243.2983443433841
243.29802685474715
243.29770142880443
243.2981687419233
243.2981646729022
243.29840216913726
243.2979647526954
243.2983031040203
243.29746421372693
243.2977089893975
243.2976706941845
243.298241897166
243.2977029140602
243.2977642656333
243.29768652343773
243.2976435432065
243.29768906185927
243.29859200240753
243.29801334008516
243.29807122444618
243.29752346733585
243.29768927131954
243.29849345525145
243.29710596610676
243.2980910162878
243.297600169637
243.2982403976639
243.29779904399766
243.2982901831274
243.2978091429104
243.29773838284018
243.29768570869055
243.29761072562542
243.2983178319264
243.2976605418953
243.29825629724655
243.2984282057878
243.298063062015
243.2980535855022
243.29782427674218
243.29854299397266
243.2983700689074
243.29789226506546
243.2981509220408
243.29745953109523
243.29827114850923
243.29769642555038
243.29768122764654
243.29820182319963
243.29839387195534
243.29739416808297
243.29859553498682
243.29802377142187
243.29786890326068
243.29794678243343
243.29797107212653
243.2978427518392
243.2982521791855
243.29831350046152
243.29730481603474
243.2983776947367
243.29824772835127
243.29762413758726
243.29808590663015
243.2976750232774
243.29779450905335
243.29779456745018
243.29859647773264
243.29788006567105
243.2984738265659
243.29765297815902
243.2981448014907
243.2979151699692
243.2982207651803
243.2983876216167
243.2981535358267
243.2983551187499
243.2981458416616
243.29802666853357
243.29830938020314
243.2983732490975
243.29755137495522
243.29812270570255
243.29813822395226
243.29739353018522
243.29789459193125
243.29795636427298
243.2980338200432
243.29819083418988
243.29803082819853
243.2978618601628
243.29824418350472
