288.33793993872484
250.50659498100072
255.95138601872986
254.7772966451555
254.9836836402676
254.94279348689633
254.95029468956454
254.94890525798564
254.94885079330243
254.9485015411733
254.9491150795693
254.94893381103338
254.94896203187636
254.9479977363426
254.9492484592729
254.94916904195452
254.94889701099783
254.94785133979713
254.94997823872563
254.94817095140388
254.94895733459998
254.9490256646768
254.94911063284235
254.9487724172941
254.94782251507786
254.94955144421874
254.94907675317154
254.94929090808182
254.9491840131468
254.94880666398603
254.948077506966
254.94915182358272
254.9488266795015
254.94941721909527
254.94884728910984
254.9491449774905
254.9490267293204
254.948625986126
254.9491367276387
254.94918402257463
254.9494017274992
254.9490296626318
254.9491107601243
254.94843842623231
254.9490414322281
254.94840580809614
254.94958574046905
254.9483382289618
254.94934631796787
254.9490866232336
254.94865395907982
254.9495227944426
254.9496113288842
254.94900444604718
254.94922334912553
254.94923683982051
254.94825210659837
254.94879093047712
254.94925477528523
254.94879826933902
254.94760975844838
254.9493302265946
254.94934940744133
254.94870940365945
254.94835782927112
254.9494727152378
254.94944572780514
254.9494257314327
254.94854544566624
254.94944805927298
254.94855515065137
254.94901546122856
254.94957925096242
254.94844302825732
254.94962657984433
254.94869841485342
254.94933049409156
254.94777660685213
254.94867728104145
254.9495196245989
254.94937877424672
254.94763418025832
254.95005959302216
254.9483776907
254.94882621057332
254.9492158008943
254.94930571276927
254.94858755642053
254.9494394227586
254.94814262766158
254.94986239882564
254.94908633740124
254.94764847779152
254.95002865548304
254.94881195154449
254.94924060498306
254.9491346864961
254.94894696452684
254.94934965747234
254.94870692808763
254.94905351713533
254.9493581596471
254.94827569140034
254.94852088596235
254.94928342634375
254.94923013624066
254.94930255498912
254.94853477419383
254.9496086405561
254.94922992113425
254.94908818722615
254.94884756414103
254.9494660957207
254.94866117108904
254.94928781681665
254.94916740586632
254.94824492907355
254.94806068979233
254.9493996956371
254.94854615490476
254.94964283908485
254.94804550898698
254.9495123752422
254.9493578128895
254.94883532127278
254.9491881491267
254.94918253147625
254.94961852498818
254.94899989534315
254.94891045501572
254.94928074536438
254.94919208670035
254.94919919584936
254.94924446337973
254.94983663062885
254.94951380260318
254.94798740459373
254.9486475988524
254.9487049553063
254.9483258625478
254.9495995584948
254.94830655906844
254.9493341672205
254.94874030442588
254.94864179308934
254.94909484071104
254.94942736696248
254.94866532641754
254.94896836876433
254.94847539249167
254.9495021540497
254.94867599276768
254.94945649978763
254.94919574129744
254.94920490389632
254.94912418515014
254.94832071807468
254.9490720245667
254.94974550379266
254.94907409723965
254.9488679984206
254.94918969734863
254.94807945795765
254.94870346003154
254.9484298928437
254.94919479850796
254.94849753817834
254.94891246974294
254.94955193038913
254.94890309785842
254.94944308968843
254.948533245406
254.94996111989894
254.94876999712142
254.94899333146168
254.94823742962035
254.94930939978804
254.94895758209168
254.94988522594213
254.9479459622671
254.94895969869685
254.9491413099022
254.94833522869158
254.94924557433114
254.94911570883414
254.9495403189212
254.94829949674022
254.94907991723449
254.94834325932607
254.94930183865654
254.9490510323667
254.94848461312358
254.95003065672063
254.948819619618
254.9486807637877
254.9489485774102
254.94900147458247
254.94876701527392
254.94947880682594
254.9492543299566
254.94922253773257
254.94942507091037
254.94896861659072
254.94877266282856
254.94921070548298
254.94935471308418
254.94851392647251
254.94935451318452
254.94953826490382
254.94789952195424
254.94970360519073
254.94819384727452
254.94972492252418
254.94807159488846
254.94911058264552
254.94742129756196
254.94976720912382
254.9490941077529
254.94914295773196
254.94893077698362
254.94913709911634
254.94893363105075
254.94920401152922
254.94901215998107
254.94929184987268
254.94885122076084
254.9490326764644
