287.7871014695726
252.81667302476706
101.03759402648177
208.885804442196
227.77892193334492
201.97495484919
230.83676072282492
191.0814202880283
237.90956590022643
163.0052268521972
250.16367612579234
109.58518752363716
154.03662747652334
255.86677374488318
92.64236292098394
223.4845972146768
208.01418017013293
227.5874748733495
197.34997605878652
234.676272917598
174.57437433099585
246.15198723398498
123.90971496569091
71.69972578735087
243.77563381396158
133.61026095699344
50.56252073257383
248.8306641821573
113.03065650315148
131.82158477308622
260.28691067893124
83.08772259990292
230.09204021362893
193.95390321484047
236.47221588535103
169.39883833325803
247.93496829874493
117.7853421112377
93.87456185688097
232.64941559124236
185.7534041336021
242.62850616350443
135.9528195589537
46.87188428745321
249.14580893915445
111.66483135216913
144.55132827256784
257.1479546079463
92.31898574289698
219.48529177755154
219.18787959265683
211.6842143139511
224.53972248907485
203.05020722377049
230.99466255578227
187.16248258172527
240.52534040851606
148.28386274748664
254.71547043349528
94.70697863701753
220.89330850769693
212.51020144153517
223.65846596070332
205.9304865807062
228.51725008911671
195.33503751086755
235.79382281746803
170.44766371711012
247.70435485289272
117.98450479641906
93.68704174652885
231.86413709285625
192.32385495489143
238.5671746344742
157.6747606679928
252.138486813099
102.26015351808019
205.67012451368646
230.39496972925554
196.25516909170983
234.62631513514498
178.54610371600938
244.07252045621863
134.7834816257673
257.7428767355268
87.09481130198037
228.05093256811597
196.7701250317914
235.52160919428206
170.3162223571817
247.91215801444923
116.63013637152835
102.00322577595944
212.00331420898146
231.9458915327159
177.41804502023297
246.49061401425206
117.94240307146902
101.50296703119966
264.4920650119493
74.30492099721232
234.461111602639
180.24676912306313
243.13960725561628
140.29396573372287
256.4117953135428
90.70977701514857
224.8432900553198
205.39755536875236
229.44754790545994
192.69159734374625
237.43940646564806
163.01258614051767
250.34709826801918
108.31466264339542
169.41610580051565
250.37467421391193
112.71732466364483
117.906653463353
124.54639454878998
258.19819818574615
103.0107927000281
261.8943457094101
80.34083549558636
230.35019252570055
196.96219529091468
233.5883970294817
184.45611822974024
241.0420168945784
150.2798306492914
253.8545737896202
98.02490316293552
214.79129384045518
222.08520219873026
211.38074334528937
223.1583122935699
208.17070657264412
226.11236011875008
202.14025670001138
231.00046014362306
189.12662486674526
239.19012583351287
156.0455506867729
252.437823360553
101.7473977654372
206.47320914199372
230.03991690800467
196.24010356845974
234.81440383662266
177.08491988605965
244.7895121988986
131.18433604956226
258.5219981940172
85.15533910882368
229.45855814287643
192.37728595015506
238.1174087348918
158.66566776725813
251.85761466158147
103.00252044199442
203.3197482226533
232.18573431326513
191.62184433370567
237.35006312010228
167.6369429955157
248.37983604796318
116.8745980654785
97.43419815434754
230.34563205276208
190.66945869557094
240.94295498773863
140.41720953358163
27.83792269845435
252.50949441083503
102.60352688137209
200.8401974819717
235.20251869665663
176.08283867287537
245.57892553944112
126.83722461604339
66.15294860368158
245.45678075066098
124.48368430710252
70.17190307032433
241.57534546427632
161.12097982455452
249.4058722496702
119.0130443248272
260.41474071457196
81.38866317868087
231.53289719764143
186.53119439078728
240.9554669338322
146.6059128433917
255.13930332942982
93.57109563102131
222.2411170748237
210.10552684833237
225.850569291797
201.38302643155475
231.96862112409144
184.71170563614578
241.64238120711525
143.6787811411632
255.83999987639254
91.72478196873999
224.18816840030922
206.19510976549645
229.08091124926432
193.16093367656867
237.27333208464552
163.25751076927554
250.310387090758
108.29594033449393
170.31485137159325
249.9206239565101
115.04373108191794
104.99586760831153
221.78445313792326
203.86560482337518
236.096568374669
153.15648129361944
252.91150042569643
101.35694819534547
202.88981739045266
234.4694868462975
174.4699902913344
246.71188231168344
120.18392548551492
85.26746228156117
235.49216610444273
185.91577036889794
240.1966517858309
157.96877055559162
251.3563796452945
107.00066043526022
167.10886413321714
252.69308257031662
99.10442806795618
216.6406712981625
216.98962826842035
220.70902905448747
209.4987409046007
226.11826458093856
200.10485533301107
232.9476601066417
180.7901692821033
243.54392694430135
134.78213485397282
257.88380947121186
86.509475252431
228.59927660468384
194.75130851579888
236.82928590654046
164.2001284451835
250.11220904831134
108.62886352011992
169.05984251762857
250.11335498368135
115.51310831189039
106.55818413966335
212.78291052446002
213.708842762906
231.2652868674486
166.81672707214602
250.46081789424352
105.83406573961838
192.71184755007562
238.6098194392107
171.3982227572269
246.44267415242211
128.00489763852966
258.93122678222426
84.57057037285995
229.66071512225608
192.45624689957185
237.91817107607494
160.2838072780869
251.29551250120858
104.97090987782576
194.0697892670869
238.59802004338417
167.32561253519088
248.3908763128129
117.9383454912313
92.53025166588486
234.91981067557936
168.510081305707
250.38697505777236
104.79642792290542
201.2595072631666
231.83445013622986
198.01634047228436
232.40008268978272
189.96761926903855
237.94731806953496
165.68620010833547
248.98650570516475
114.86888130221632
107.68431855707604
212.1981115959352
224.31463749670365
215.16549351412687
215.96060559820035
220.81134908203967
209.34706361779536
226.1144546479045
200.27843658821075
232.78310717915883
181.55226231233974
243.17509891657392
136.52133861860784
257.50743471313035
87.42774467848358
227.929225706961
196.71291450594435
235.65978683244612
169.3044431163289
248.32779912672413
114.92890324056498
113.5771975783573
122.38630309360451
88.47989003936527
262.7947344678687
90.37792793526023
263.5406502608239
76.77311509761785
232.40176274631813
190.7534965291852
237.28748193080537
170.13518780918093
247.2107491659117
122.57667034601036
81.49150931423355
240.2820656318363
142.82147963624448
13.312305541854585
253.5491507017723
101.8846975434426
182.00320385344094
247.93853944301372
110.65684912994038
167.16845921262575
247.6071133185178
142.02986391985905
254.40962742213742
101.77940981659049
167.42956238739134
271.3326159096032
60.20252553779574
240.38078157724522
150.1889854582114
253.99096766888397
97.2303710354463
216.72320778600988
219.29687448991172
215.74921185692074
218.20091129353386
215.87039466525312
218.14485346447327
215.6919386908121
218.47189168218756
215.1571007964958
219.1534436893853
214.17505311290734
220.28676371877373
212.51378249375557
222.06860793144733
209.69452206999995
224.8269682591781
204.65753066184698
229.1294541630923
194.5293547312467
