288.09458044518357
189.6984797927094
254.9269010085835
224.77918469193492
240.24746509399597
232.58853263522042
236.37533905191458
234.49821447923568
235.42538697612235
234.96643779086116
235.1935240333978
235.08085033462885
235.13630039823784
235.10939422369847
235.1226957706167
235.11621166491204
235.11926621350358
235.11764004887027
235.11865081459746
235.1181997320864
235.11809196388003
235.11847164515166
235.11828741044155
235.11840252896036
235.1184646877482
235.11828564285497
235.11791038863703
235.11861279121513
235.11740639878917
235.11923499374643
235.11781892803447
235.11872780702834
235.11827000794437
235.1183946081219
235.11814367168517
235.1183246353994
235.11800695599777
235.11858011228105
235.11830735117837
235.11812186977113
235.11846056805553
235.11816740201357
235.1185399528713
235.11827414464096
235.11823213594107
235.11685009152643
235.1197520927235
235.1175649804536
235.1186052283556
235.11822626348294
235.11841013641606
235.11836865496298
235.11841680526413
235.11822888557072
235.11853197187156
235.1182169768217
235.11767500623682
235.11813943654852
235.11858136715819
235.11835792336933
235.11832608108307
235.11846821884683
235.11817751888884
235.11828951079224
235.11839124812468
235.11837399070646
235.11822497300454
235.11717319517265
235.1188891993006
235.1179538435099
235.11865644638965
235.11815337322332
235.11841428420666
235.11831039232857
235.11803054849224
235.11851898309396
235.11831542003347
235.11845665898727
235.1183692537088
235.11814436831264
235.11837562605797
235.11843267178847
235.11826321034096
235.1182609785501
235.11830922284207
235.11832449288704
235.11837639222722
235.1183302172285
235.118397238959
235.11800022415264
235.11852125342193
235.11782215601488
235.11867766875366
235.11829693224354
235.11820218426874
235.1183635251291
235.11830438595643
235.11820633011666
235.1182058298873
235.11857894613786
235.1182160223034
235.1185774703772
235.1180359140053
235.1183584621176
235.11812449814897
235.11842358353897
235.11808355461108
235.11871033695934
235.11792401981074
235.11822407413274
235.1184852576771
235.11799179952504
235.11855733327684
235.11816140647716
235.118331330792
235.1180695236617
235.11835995764704
235.11817302088457
235.11811657345243
235.11832243879326
235.1181581069468
235.11843385364773
235.11808743855363
235.11821100584348
235.1184035028491
235.1184596903331
235.1182404071369
235.1184510200983
235.11830971032032
235.1182853663704
235.11823675713094
235.1184359346371
235.11820878669823
235.1181687750941
235.11817250369495
235.11855315507273
235.11832429428614
235.11839934156887
235.11814691073232
235.11851274279616
235.11821004321973
235.11817761669954
235.1186337531908
235.1181995128427
235.11849753013666
235.1182825630167
235.11809155846277
235.118209148779
235.118433767253
235.11835771965707
235.1181346913363
235.11848364593607
235.11823864500911
235.11833568222937
235.11817547667306
235.11849874265317
235.11816406253638
235.11842558203352
235.1184220795767
235.11831669852108
235.11826027586358
235.11838648232515
235.1175928028315
235.11867698065907
235.11828208293446
235.1183496328449
235.118096430102
235.11787599729723
235.1188533528766
235.11806731946854
235.1182294601458
235.1184753613561
235.118073908925
235.11857958844485
235.11828480909026
235.11844708122953
235.11843920668616
235.11831195174454
235.1181407525146
235.11823026876664
235.11774595215684
235.11874756812904
235.11762453958363
235.11877717127936
235.11801903627202
235.11839069424605
235.11838435343088
235.11836431831762
235.11837589391507
235.11824959813384
235.118472906659
235.11814193386817
235.11853812402114
235.1182119873265
235.118271573112
235.11849265126511
235.11811359820422
235.11826750898035
235.11832749772293
235.11825033692003
235.11839465642697
235.1178853607271
235.11864623814472
235.1182143746555
235.11805744112644
235.11864650654024
235.11843040694657
235.11824037565384
235.1172506959265
235.11931836788426
235.11752275156323
235.11884864979947
235.1179627396923
235.11841865701717
235.11832020999282
235.11820535711013
235.11852636495314
235.11834391711454
235.11834695581638
235.11779373217723
235.11856805883872
235.11843080018298
235.11810106974735
235.1185236753081
235.1180806156044
235.11836650254554
235.11845643131528
235.11832215260074
235.1183573805174
235.118285846067
235.11834312685824
235.11793965604738
235.11868301439972
235.1183437280415
235.1183645567362
235.1182959740545
235.11839255377708
235.11838830915804
235.11823799510603
235.11834675750288
235.11812004818057
235.11808479836327
235.1185616971634
235.1174830812961
235.11894355541153
235.11806831907597
235.11823702008405
235.11847537223366
235.118310004269
235.11797122392454
235.1186964455701
235.11789846072497
235.11859215641744
235.1181866710249
235.11844023714366
235.11824420531048
235.1184836391767
235.11843703032355
235.11814652864996
235.11854761408176
235.1182071083458
235.11866344866576
235.11812790567637
235.11836352630053
235.1178215895634
235.11855154656223
235.1182471545908
235.11827682248258
235.11829834911623
235.11824907785922
235.11827433524013
235.11739048852178
235.11837127635954
235.11833389938693
235.11730539645941
235.11914811791212
235.1179933915846
235.1185140529269
235.11807863372087
235.1183871539688
235.11825053826033
235.1183620816155
235.11831322923535
235.11831779024214
235.11814366444014
