288.1313291212358
260.813677457581
262.9398626871896
262.654090015719
262.68509883874094
262.6813470634047
262.6816678217051
262.6813530991003
262.68223451843505
262.68104823433623
262.68186821813106
262.68090481419586
262.68210565520803
262.68183874804527
262.6822589700714
262.6812153065566
262.68055857500985
262.6816858691582
262.6819138403898
262.6814379314874
262.68205207955
262.68208135706845
262.68139192158196
262.68080666741844
262.6811708437417
262.681272561249
262.681909736988
262.6818986313865
262.68117479141256
262.6824379974878
262.68187178588414
262.6817537639017
262.6814948604606
262.68085291812895
262.68173861197647
262.6819089276614
262.68110073695425
262.6810420829752
262.68116751042544
262.6819094750099
262.6816624753592
262.68172815472644
262.6813846132354
262.6818947959109
262.68221858599645
262.68055615231424
262.6821546305946
262.6817044896816
262.68242169599034
262.6813039501103
262.6821684531824
262.6806819301419
262.6832622817492
262.68179048405
262.68166155789004
262.682116746917
262.6811681109539
262.681233452422
262.681954146894
262.68125809388584
262.68163997913143
262.6806903835495
262.6816109286774
262.68199965777603
262.68101741515056
262.68198244155064
262.682053633398
262.6817227833526
262.68078406029963
262.682116788048
262.68140272756136
262.68151010471774
262.6818461479852
262.68144553410093
262.6816110764412
262.681406007192
262.6823425742841
262.68095038488536
262.6824413569848
262.68214791223
262.68080813364213
262.6809818134934
262.6814470934478
262.68197962596605
262.6817523681675
262.6813260359995
262.68159185524564
262.6818523174734
262.6816055468007
262.681896854192
262.6822751688669
262.6814315590309
262.68172252483055
262.6814807492774
262.6816629371315
262.6819079058987
262.6822055420562
262.682169252912
262.68166090736486
262.68225996007095
262.6813404000204
262.681219513448
262.6817199028519
262.682080867482
262.681288859254
262.68091640712373
262.6819585655976
262.68152142594045
262.6806303981284
262.6807131174719
262.681826880289
262.6820329003094
262.6804273146481
262.68247118731233
262.68110346153117
262.68161978104035
262.68116803170415
262.68114132629853
262.68151257968566
262.6817803634258
262.6819118949861
262.6809986857479
262.68197504011187
262.6810929533094
262.6814689996536
262.6812815505473
262.6812981928306
262.6815403436922
262.68118525536556
262.6816689715415
262.68202024750644
262.68171086998336
262.68252103120903
262.680776578869
262.68214063873165
262.6814698145463
262.6819734965102
262.68212322861655
262.6811143111263
262.68136755861633
262.68199989784625
262.6819814335031
262.68168705762946
262.68122228641005
262.68249156749516
262.681143589507
262.6825663979107
262.6819139178697
262.6803782904026
262.68116078291496
262.6817057661392
262.6814570432616
262.68158455628145
262.68191935677896
262.68140533620317
262.6822175873094
262.6810096597037
262.6819922739378
262.681653307096
262.6817179531645
262.6810866380838
262.6806932727486
262.68123253187514
262.68167111052026
262.68037898222974
262.68093634955585
262.68133981832943
262.68121894642536
262.6829293765768
262.6807914824458
262.6816408368468
262.6819105698378
262.68194613016385
262.6816622538463
262.68186392269854
262.68190351528756
262.68162032229884
262.6815592686471
262.6821266281622
262.6818106833816
262.68122184409003
262.68166857093456
262.6816223401838
262.68084783157974
262.68165209035215
262.68188154447125
262.6818310059898
262.68094712008315
262.6822204749624
262.6812163787399
262.68118603280163
262.6817013492109
262.6815652084624
262.6825326544058
262.681884440055
262.6820409249194
262.68134605402884
262.6816238009633
262.6820388359338
262.6812304483756
262.68220821286377
262.68137615143496
