287.47314676300795
107.75326327862507
230.32374601207823
229.2781891987471
52.02338398648931
68.18403397965767
247.3821024172264
219.06132154084662
235.24790955960134
226.19862722940434
231.4872893379411
228.36409590900075
230.23887128954584
229.10809133903558
229.79623125567787
229.37673904366056
229.63314953104418
229.47625754039564
229.57277120343315
229.51320862703415
229.54981782375762
229.5272678672245
229.5413458424764
229.5324567261514
229.53799165033342
229.53446657978293
229.53672224095317
229.535152699631
229.5361944199576
229.5357035337056
229.53605135127873
229.5355773352203
229.53607487957197
229.53576736204923
229.5357969700035
229.53577663886608
229.535852531606
229.5358692681093
229.53596850090435
229.53592264770487
229.53614240065872
229.535689212511
229.53612391211936
229.53569338539637
229.53588296051203
229.53565047937445
229.53592810463124
229.53599414739256
229.53594642569988
229.53595338989908
229.53594512120253
229.53603209956782
229.53570941134967
229.5362688776113
229.5357164067318
229.53597011752208
229.53603581814968
229.53600346954045
229.53574603465677
229.53605331464496
229.53604383217316
229.53592763257257
229.53580736743606
229.5361216271922
229.5358659608646
229.53590976438136
229.5357963475726
229.53593658153477
229.53627453523586
229.53588953103463
229.53590006505692
229.5359143693713
229.53597687583533
229.53582688333336
229.53635471999223
229.5356651332586
229.5360450123917
229.53583928382068
229.53596081955766
229.53602124304598
229.53584478877383
229.5357887146456
229.53617344430313
229.53571726020164
229.53606648889036
229.53565234782582
229.53639651885533
229.53571823697712
229.53571988601107
229.53635039935034
229.53574805115932
229.53602435397988
229.53573112680897
229.53609891835004
229.5357670909143
229.53632737377848
229.53555381098704
229.5361059667739
229.53581069362917
229.5360441882185
229.53591869004595
229.53587515893742
229.53608571478253
229.5356230747202
229.53645241486083
229.5354263781992
229.53621041917359
229.5357979952896
229.53610690854111
229.53552685983595
229.5368064806098
229.53527529681014
229.5362125085885
229.5357447873248
229.53567291844956
229.53676958832511
229.53526491209777
229.53633366755093
229.5355334780179
229.5362485923688
229.53579981314397
229.53590931702638
229.53627817207598
229.53561979530787
229.53653291588125
229.53543263325264
229.53619612287002
229.53566321475228
229.5359852413676
229.53598412540305
229.5359235344149
229.535580623211
229.53664311997272
229.53540273120598
229.53641786027583
229.53537466173293
229.53650712693343
229.53550830172753
229.53610019249027
229.5358141112738
229.53612719340163
229.53567060535715
229.5359938376423
229.53575538137375
229.53581714153552
229.5360982110069
229.53582202638063
229.53583990151674
229.53599685244262
229.53567935377941
229.5360503359043
229.53565533006622
229.5361067205522
229.53556562373706
229.53636165139324
229.53573165783018
229.53593295458995
229.53589190129424
229.53530437075824
229.5375265124676
229.53492666053353
229.5365310791094
229.53566550540563
229.53601381518092
229.53580671149393
229.5361257389377
229.5356099718556
229.53581338876393
229.53592645220488
229.5356630812821
229.53597343589354
229.53574015699996
229.53622312544758
229.53572225669632
229.5358834220533
229.53553723279038
229.53670243001397
229.53538683495572
229.53632558831305
229.53548826126644
229.5362091218558
229.53574640997977
229.53623518527456
229.53555081750528
229.5361883648584
229.5351937723317
229.53741844954493
229.53498743226373
229.5364774771806
229.53556330296124
229.53617120346462
229.53572545018687
229.53599362240493
229.53574618680432
229.53597564815573
229.5363135481748
229.5357626651894
229.53585864537308
229.53601420338236
229.53590676425665
229.53596090190695
229.5360248444049
229.53581881185528
229.53624454987585
229.53566490276717
229.53599544487952
229.53618268719583
229.53555777632573
229.53598253749078
229.53646670914895
229.53557461313903
229.53594149324636
229.53579521502252
229.53694679989712
229.53518772672396
229.53634315243107
229.53556768552517
229.53607686601754
229.5357591271022
229.53627922131272
229.53569036751287
229.53626746001828
229.5356129483116
229.5358941203158
229.53582893227576
229.53614675381687
229.53578832275525
229.5358290363656
229.53582168808498
229.53584532157402
229.53605359442008
229.53569160304323
229.53609567365493
229.53593600504973
229.53590809168236
229.53601284662727
229.53583662187157
229.53604944354447
229.53574992845824
229.53588433892583
229.53600476976135
229.53600331793132
229.53589162885328
229.5357063486299
229.53610952867894
229.53600771051424
229.53580168480403
229.53610857215244
229.53589144368016
229.53608085462474
229.5358502742747
229.5356293535442
229.5364145552885
229.53560534442659
229.53602660333854
229.53591698194214
229.53587080653233
229.536175243833
229.5357568942709
229.53598227769544
229.53565668288502
229.53618449627538
229.5358330017043
229.5358792500483
229.53589880095387
229.53581609998946
229.53600566872046
229.53565227339277
229.53617701487383
229.53561407110828
229.53608718709438
229.5358628090471
229.535986406554
229.535775014112
229.53591432000394
229.53563378474792
229.53599557702546
229.53595348628005
229.53589297148574
229.53597448060464
229.53611932814238
229.53561234252993
229.53584160273022
229.53582257800736
229.53577780693013
229.5357158416009
229.53580085652357
229.53593216600711
229.53601222479483
229.53591034002602
229.53598258565762
229.53591889773088
229.53597189986613
229.53594874421833
229.53610194448265
229.53583737571898
229.5358619395265
229.53591202378448
229.53616300858266
229.53561909795098
229.53609544748906
229.5356730549538
229.53585595461482
