287.9393533244968
271.20319140368554
57.34693204469386
267.2658689608593
60.95934108851657
266.882757324551
61.09030582757123
266.8415017334696
61.02419735657304
266.83759158267276
60.989415715858286
266.8372542461302
60.97665957832032
266.8373300153362
60.973801178131
266.8379589486167
60.97061743717131
266.83705440955873
60.9706377861894
266.8371498173192
60.97071505112399
266.8371220739109
60.97058320719225
266.83703401940875
60.970360843677554
266.83789395254007
60.969485038763196
266.8365626095383
60.97164112437349
266.83738340558375
60.970356490484846
266.83781339553934
60.96969526421526
266.8379500324427
60.969341255500694
266.8377027544866
60.969901104424935
266.8375700672841
60.96988969073391
266.8372820501154
60.969943674524984
266.83747432386554
60.97021199211849
266.8376305800648
60.96984236996286
266.83802391534664
60.969299802552996
266.83786577607316
60.97042865921867
266.8368943464393
60.97036828848832
266.8367483944148
60.97070824645925
266.8363931835265
60.97042473676811
266.83807976449316
60.96894762629745
266.8364090825635
60.9712947742446
266.8362099566766
60.971399061585544
266.8376643324591
60.96964180922441
266.8379316459541
60.96947633460513
266.8383919299886
60.96897499234183
266.83750406985564
60.96991162641643
266.8376564697428
60.96992138866335
266.8367039384102
60.97027485274157
266.83719457974803
60.97031494673138
266.8370498902441
60.970600176868174
266.8375832655365
60.969525566968514
266.83776193479935
60.96967025121921
266.83671043327195
60.970958737638284
266.83756308091324
60.97073807018751
266.83762235050744
60.96984450770469
266.8378805883767
60.96961597603877
266.83788767405713
60.96957972282689
266.83777099187137
60.96993470304005
266.8372569253261
60.97034683317179
266.8376484628461
60.96992746533215
266.83776067329745
60.96965677949993
266.83789125158
60.96961772700524
266.8381902882429
60.96914919595656
266.83768854734444
60.969829408953956
266.8376844325685
60.969928899205115
266.83791741223104
60.969475016412616
266.83739023730595
60.970203855085856
266.8372858891089
60.97019556050509
266.8369497210806
60.97054138814565
266.8381736506926
60.96914193467819
266.8369773252489
60.97033665169147
266.83797513198806
60.96923037108354
266.83664942896576
60.97082187598426
266.83711196335935
60.9703628665593
266.8371847815506
60.97063521427481
266.8361118282701
60.971721464833536
266.83761233036057
60.969420883055136
266.8375515932639
60.96960794908955
266.8373443382807
60.970026602968574
266.8376350161561
60.969717574771494
266.83851071928075
60.968663314401056
266.83739533690095
60.970146197512804
266.8374933445739
60.96997256717441
266.8370311571707
60.970537369190424
266.83677824363986
60.97054350437247
266.8380822514737
60.969270689136465
266.83710988105304
60.97044486072264
266.83760363930924
60.9697803603558
266.8377168795705
60.969870986686146
266.83746012478514
60.97018296303577
266.8380155065897
60.969712827958574
266.83753341089323
60.96979828127951
266.8380827252113
60.96911476486275
266.8378862749887
60.969342421522015
266.83807143441663
60.96947301963519
266.8374961005902
60.969929976672574
266.83740909367043
60.96991772855836
266.83801888780727
60.969199067534646
266.83678331358533
60.970909704592486
266.8371030475537
60.97026178202941
266.8370733041884
60.9702384936827
266.8372771768918
60.970058334183705
266.83729640674574
60.96997977201681
266.837335724078
60.97000699376804
266.83748106489656
60.969866931583965
266.8372310569612
60.97044235550129
266.8381145629901
60.96939267059497
266.83713998527674
60.9704060846052
266.83761623326427
60.96969860741228
266.8371480156202
60.9701059361978
266.8377942060324
60.96953368916729
266.8378868724685
60.96949289335316
266.837585319925
60.96991205034283
266.83758436292555
60.96968527134595
266.83665997842036
60.97142590250587
266.83796299590176
60.969285216444405
266.8378956655506
60.969514476259064
266.83780941002624
60.96966945390159
266.8378248562731
60.96956579280959
266.837354461597
60.96994474218809
266.83800904962845
60.96929200801969
266.83742746702046
60.970015474675165
266.8373676333795
60.97042324876384
266.8367752550985
60.97069512428425
266.8382130420214
60.96881248369755
266.8378054655477
60.96951210820407
266.8378992854414
60.9693208639801
266.83780489205674
60.96940821784665
266.83744222937094
60.970205995385186
266.8377810669772
60.96959217215772
266.8379875901155
60.969411817757646
266.83771153111593
60.969808369962266
266.83756381338753
60.969975141619216
266.83810901742254
60.968981433907175
266.83782617050747
60.96945391499321
266.83811306189455
60.96929525837186
266.83761181625596
60.970010900025954
266.83763228042517
60.96704704449803
266.8380071816064
60.969548669381766
266.83788688547793
60.96962983693811
266.83733732791734
60.971042464196216
266.8374767189234
60.970377803372685
266.8371913737792
60.970823539522826
266.8379040794389
60.96941345416417
266.8373441762815
60.97125046500878
266.83785862033255
60.969226763016195
266.83766202077095
60.9699419895187
266.8370004074968
60.9705734255258
266.8382636316528
60.96895721422334
266.83726842519536
60.9701971346949
266.83763401658507
60.969620464762556
266.83770667960925
60.969880409000325
266.837967048632
60.96910292415123
266.8381124124571
60.96904593381623
266.83808739768574
60.96932176988048
266.8375306449452
60.9703062819608
266.8369171813538
60.9706990129489
266.83750119076285
60.97002029547002
266.83752203328186
60.96985329364543
266.8372254187125
60.97007689671591
266.83677764107415
60.97108721893164
266.8378529613401
60.969451858865796
266.83627008259646
60.972353893419495
266.8370742460247
60.97034830128541
266.8378681001632
60.96947853821621
266.8372214270348
60.97030683005869
266.83780778601067
60.969576626390335
266.83725655902526
60.97034213950974
266.83734861633275
60.970000559449545
266.8373520012683
60.970249065969256
266.8378535969532
60.969296768918866
266.83782761405746
60.96987460786477
266.83756484223704
60.969771984862746
266.8381353011937
60.96902581283939
266.8376751377218
60.970080417144345
266.837944032668
60.96925416406884
266.8378806058172
60.96939686869155
266.83732661230897
60.97027519560652
266.83765882208536
60.96987280758913
266.83787083761126
60.969527655804995
266.8379259327776
60.96937749910285
