288.0073106749255
211.90116120819482
248.59286780036894
233.54170203277818
239.27691497290994
236.9860251992393
237.86340594162948
237.5214373293361
237.65332665501228
237.60181216731507
237.62215497243324
237.6147347285505
237.61815641660723
237.61602426004356
237.61693130175354
237.61631965442757
237.61703088680315
237.61666290758149
237.61700095067863
237.61643911622286
237.6167361234302
237.616251616716
237.61608885268197
237.6172991741787
237.61620861503252
237.61728343944742
237.61613282911458
237.6166684161144
237.6169593218765
237.61637969233925
237.61688252867134
237.61642403481164
237.616613834718
237.6166512268319
237.61606356698394
237.61525134315525
237.61726231673674
237.616365553984
237.6161332210595
237.61601671493918
237.61685174570994
237.6167798875431
237.61563671982003
237.6165478128314
237.61653050461064
237.6165584224782
237.61647102600546
237.61549994813322
237.61705009728757
237.61640700184216
237.61658404125046
237.61667469230815
237.61637085746406
237.61643359834852
237.61679563394864
237.6161974933384
237.6168547994239
237.61684458279342
237.6159663990693
237.61723003516454
237.6166379155802
237.616930187065
237.6165801761308
237.61621716718582
237.61719307006933
237.61556513775213
237.6175337356035
237.61622565651487
237.61712599677412
237.61655382288882
237.61608081708619
237.616869253623
237.61626100821377
237.61708284240376
237.6167147050437
237.61557378619182
237.61629336722763
237.61716551983773
237.61619822470675
237.61618132920557
237.6158988240859
237.61675447300513
237.61612366990448
237.61701688536414
237.61595466477957
237.6158701701388
237.61710359648714
237.6174808147698
237.61615729057303
237.61676980320044
237.61673240452728
237.61682813242805
237.61697192667634
237.6165064295492
237.6160172277232
237.61680894435995
237.61650115589873
237.61684378356586
237.61633351095224
237.61667212044995
237.6163000750821
237.61662742542103
237.61645291552122
237.61653923361155
237.6169019760564
237.61615816470294
237.61665276533313
237.6169051425095
237.6161159756448
237.61646859862958
237.61685199898056
237.61677482147934
237.61675991283118
237.61674941820092
237.61737928404182
237.61631345627393
237.6170877261393
237.61631330616365
237.61701508756232
237.61615437307046
237.61664032566478
237.61689294884127
237.61635548097547
237.6169868388606
237.61640495180472
237.61649851133552
237.6163702096237
237.61640074961178
237.6168679412367
237.61644720220647
237.61642025400215
237.61600601731334
237.61670573681477
237.6165354851546
237.61713734724617
237.61618200982775
237.61642094457784
237.61696840229706
237.6162679278641
237.61631550816674
237.61699206015328
237.61684268215322
237.61601218392025
237.6172007124478
237.61593848768825
237.6171867962621
237.61634527410206
237.61598927913292
237.616900981644
237.61675539596763
237.6161771276602
237.61586332675506
237.6166764816444
237.61659125972074
237.616896638021
237.61662651183724
237.6166285435611
237.61684485901787
237.61600538750645
237.61625314245612
237.61681568923814
237.61621625460248
237.61697850115888
237.61663068089547
237.616276658875
237.61670360436256
237.61643199405808
237.61722010049562
237.6164683826646
237.61653739993926
237.61604365371022
237.61635996452242
237.61674797166052
237.61649447935633
237.61596644838573
237.6166181339504
237.61670692128246
237.61673795236857
237.61648863458686
237.61628239951824
237.6155386563405
237.61694729018927
237.61552615258552
237.6173342509428
237.61627053306438
237.61615757542313
237.61652702988067
237.61479744315147
237.61758352002653
237.61702662451717
237.61669364068075
237.6160756458121
237.61709064464958
237.61660446379392
237.615797493243
237.61705546920712
237.61563584467513
237.6156888860569
237.6175465634733
237.61642613683944
237.61677286660415
237.61680370829708
237.6169947458693
237.61642632963776
237.61724100889114
237.61603689059848
237.61704762831505
237.61673247984436
237.61659142764984
237.61607651000668
237.61628293112153
237.6166409435682
237.61584551668784
237.6169183544116
237.61620492037036
237.61736431033933
237.61628851339628
237.6160967542819
237.61506265275239
237.61586986857583
237.61672371212626
237.61598461974063
237.61685855308315
237.6169348112162
237.61549969941552
237.61736260840553
237.61651659219933
237.61699134892842
237.61602805349685
237.61685530999966
237.6160331441206
237.61713666838477
237.61591020436026
237.61642936256249
237.61648129476816
237.61673475962016
237.61687034028
237.616769919332
237.61745155972312
237.6159859635227
237.61627501658222
237.6169354468875
237.61595808372658
237.61644844303373
237.61651538015576
237.6165900180349
237.6169261650066
237.6166114236985
237.61687106877798
237.61654424323933
237.61672058752447
237.61646806764475
237.61663818777015
237.6166830273869
237.6168615884235
237.61691367947788
237.61623337632045
237.61657050278154
237.61703646773822
237.61633486225037
237.61642616179597
237.617000843602
237.61606108472915
237.61641112258076
237.6170064027683
237.61607993548387
237.61709445083397
237.61661840046872
237.6165747744526
237.61682564202056
237.61676430048828
237.61652078246698
237.61671249911888
237.6164237303019
237.6169894906634
237.6164022920857
237.61705319664907
237.61650916073995
