287.98131496127337
108.25158371812142
266.5127185827521
190.17606035255608
247.75276898536936
216.29119519591814
236.05661383146753
224.64745053209617
231.44699764163124
227.4651279928148
229.81788111337073
228.43347606998032
229.25085000853414
228.76851463371895
229.05305333229444
228.8858589189431
228.98437780391941
228.9262480522557
228.96012808418982
228.94022279321052
228.95250645990927
228.94408996707898
228.94831104992227
228.94721587654294
228.9488884503262
228.94635062705493
228.94843174190646
228.94596950436608
228.94898138514145
228.9460865821202
228.94732948274395
228.94833024437503
228.9475567932168
228.9480241704914
228.9475363285619
228.94806766718102
228.9470818656955
228.94806310493732
228.94822240243047
228.94753033326015
228.94802032028565
228.94819558042036
228.94708553452983
228.9479316546367
228.94641368228622
228.9487892899033
228.94709669975964
228.9476377121482
228.94763566999245
228.947690325831
228.9472553411033
228.94785281648365
228.94723394317407
228.94866127795103
228.94759950112712
228.9465711317789
228.94786241436304
228.94790571727572
228.94627548513017
228.9485362229425
228.9480938874658
228.9482337816553
228.94731302664513
228.94648818921632
228.94867832335876
228.9476513101472
228.94790090349852
228.9470386547655
228.94833667582134
228.94826587055286
228.9473015287258
228.9465074919026
228.94811944126195
228.94744331725087
228.94775728311652
228.94750968538938
228.9476071490244
228.947437425486
228.94755413711755
228.94760934000078
228.94784080949466
228.94699220346956
228.94757786308037
228.94749710481847
228.94831931975932
228.94639827453284
228.94871338700614
228.94755041587632
228.9470499988529
228.9483232306011
228.94772142504007
228.94653777261192
228.9490249862538
228.94717996924737
228.94842367144884
228.94774733015947
228.9478990272146
228.9477646420637
228.9476015725486
228.9474391838521
228.94791962033196
228.94739182403282
228.94826536138862
228.9474255094101
228.94673511062865
228.94770564424107
228.9468936763442
228.94779540046875
228.94696955815016
228.9484995123421
228.94683087169687
228.94863572392933
228.94791843725397
228.94809266005177
228.94693881634885
228.94783240391553
228.9472211103639
228.94730662465008
228.94804032453249
228.94803693057474
228.94794936449034
228.9480187538502
228.94708074638038
228.94742214520375
228.94835230086755
228.9459918363209
228.94850677465
228.9473840141727
228.9476761421829
228.94737540017377
228.94630768376373
228.94829736207612
228.9478199978621
228.9470005708863
228.94827622097364
228.9478029155216
228.94818538494292
228.94705423613777
228.94870648899814
228.94756909818534
228.94650757516501
228.9479340001053
228.94719823185005
228.94706011241215
228.94700313766225
228.94855980190187
228.94703589059645
228.9481314360819
228.94797472104983
228.94765397385345
228.94746028761438
228.94755946364603
228.94825863502047
228.94686598578846
228.94835274952493
228.94742820282409
228.94768033811852
228.9469583874743
228.9482056480265
228.94692376315652
228.94799715808767
228.94759927899577
228.945770718914
228.9482405327435
228.94635728637513
228.94607734702004
228.94923183813808
228.94622198701836
228.94883571760147
228.9466154460897
228.94799034755124
228.94815977990947
228.94730505685584
228.9476593429863
228.94769759855262
228.9475879810998
228.94668702232593
228.94820737132977
228.9468924836401
228.94786695786024
228.94755495620484
228.94690784355043
228.9480905450764
228.94688976657199
228.94813619356137
228.94733873607038
228.9480914398955
228.94805644990993
228.94673576838977
228.94760447060253
228.94813756845542
228.94707409296825
228.94871762158436
228.94670612469054
228.94766879571398
228.94775251649844
228.94793741694593
228.94569983217662
228.94918600405072
228.94676791795064
228.94835271663032
228.94788294105092
228.9478694324789
228.9479513976985
228.94785855925875
228.94811640684202
228.94788683598745
228.94711128542258
228.94821985847375
228.94652336882427
228.94934497422946
228.9469205141213
228.94681864709128
228.94785812751797
228.948028551662
228.94799945152772
228.94798663782421
228.94797641392506
228.94741307654476
228.9466110450012
228.9482607934624
228.94632181503403
228.94675755764183
228.94836694297555
228.94769262499176
228.94606275662954
228.94919208582724
228.9466970567737
228.94836334325373
228.94768712059886
228.9471978044021
228.94755371683277
228.9476160891645
228.9477203333372
228.94763284662622
228.94691639443045
228.94841267858283
228.9469456041552
228.94837443027063
228.9476547724771
228.9479188224359
228.94796049628349
228.94747551652836
228.94758578014444
228.94801693205955
228.94777296480606
228.9472091641219
228.94772467830626
228.94799378955213
228.94650077598635
228.94791652838467
228.9459868895501
228.94702200939355
228.94828309958393
228.9479551876284
228.94795060947945
228.94678145814396
228.94824200753646
228.9459409195697
228.9488194722071
228.94601913214137
228.94780213295599
228.94667802193726
228.94865991432744
228.94727009777853
228.94838014623383
228.94737422883918
228.94751453712524
228.94802629493643
228.9476361545967
228.94751404138515
228.947623191023
228.94802263764723
228.9477238295658
228.94784455407353
228.94720533101645
228.94782490545185
228.94737814631662
228.94734286084713
228.94794023128634
228.94800217788725
228.9476996828016
228.94755053686094
228.94749246137508
228.94804994552396
228.94767240168585
228.94819197691686
228.94788305852853
228.94781660636363
228.94837545935297
228.94748257302854
228.94745150431118
228.94741073585465
228.94777991590672
228.94720839658112
228.94817106307892
228.94597367820097
228.94724027902703
228.94802699463617
228.94595165427017
228.9485052618984
228.94677457839134
