287.96992120596127
73.76702969679565
269.34989116327586
132.3534987850171
260.36235286269425
172.76676140642462
250.32765478122974
199.09991741117756
240.30069203406947
212.54033980854274
233.3090985737358
218.98692801351854
229.37590506323022
222.1108550856634
227.31886889426005
223.65060538788475
226.2660582161734
224.41782698926
225.73212358738874
224.80068250945624
225.46357156080376
224.9926858036206
225.3277211899058
225.08963658960693
225.25842156525687
225.13921512708566
225.2236448720014
225.1645446307084
225.20597571147664
225.17670779289801
225.19708536770304
225.1821049451337
225.1925910197897
225.1864676090554
225.19063227335027
225.18737782432072
225.18911805158677
225.18868809760352
225.18872185689725
225.18879841066337
225.18932716454765
225.18915061246116
225.1892100868845
225.1889675341663
225.18884822099972
225.1886103490251
225.1894203222546
225.187500931268
225.18992699779665
225.18792493304136
225.18912876676222
225.1892979223885
225.18955744467166
225.18854171394196
225.18944924584503
225.18846090704756
225.18861753172314
225.18847823458418
225.1882682860196
225.18865297206503
225.1888177536639
225.1889515941839
225.18911534421204
225.18860488987048
225.18977922224803
225.1874072280625
225.19006269788952
225.18836106843082
225.18917085733483
225.1881509689374
225.18748403071004
225.18829425540753
225.1885209890097
225.18903517794024
225.1888516285362
225.1873495118234
225.18919997759076
225.1887691342381
225.18916085963428
225.18850717836904
225.18896930814662
225.18820442346623
225.1872420178588
225.18973120510054
225.18682030308992
225.19072203565884
225.18727540233522
225.18998580857806
225.18849954365578
225.18807385252148
225.18976428784663
225.1885901520909
225.18851743783307
225.18928110281922
225.1877414999144
225.19006713541967
225.1879610386277
225.18857873558227
225.18946042740208
225.1871037257697
225.18946017986673
225.18801897994126
225.18875081602891
225.18809587987198
225.1895762967324
225.18833884771448
225.1882935327012
225.18974208822328
225.18840825414372
225.1892158268165
225.18849113694887
225.18935844942462
225.18837723582692
225.18839856605337
225.18955346038274
225.18818085052044
225.19008166060667
225.18702578517696
225.19016165534413
225.1869684010744
225.18913274767692
225.18831626452447
225.18951753820147
225.18775980545615
225.18952079984592
225.18826529375656
225.18888557489117
225.18831439205678
225.18905474854546
225.18744249875454
225.18971613422036
225.18805200321367
225.1895612820008
225.1878502299587
225.1894505668679
225.1885245488811
225.18956458075263
225.1880786070833
225.1895778572798
225.18844573575916
225.18937492498662
225.18891036573768
225.18934215149784
225.18778966747777
225.18847338435444
225.1892319851031
225.1888714672241
225.1884236752303
225.18877417001204
225.18875145863421
225.18796382750588
225.18854953588743
225.18895798339508
225.1891414099955
225.18833594405442
225.1893236933538
225.18879413564719
225.18934769918997
225.18887931704376
225.18786995012488
225.18952436174732
225.18788282163587
225.18934247756988
225.188833075641
225.18816062339465
225.18905665357306
225.18852932111622
225.18911028475122
225.18883131417533
225.18919201441167
225.18856933153438
225.1895209478971
225.18780647800304
225.18906760925165
225.18824318760744
225.1888319269783
225.18915032404038
225.1889356701431
225.18823200045153
225.18849850661354
225.18753531175753
225.1891945048119
225.18820556382707
225.18741714749194
225.18887622255716
225.18855777323915
225.18800550289598
225.18979192465486
225.18865465105773
225.18968903987115
225.18742193452636
225.1899229376868
225.1865229049945
225.18843783095508
225.18746260314947
225.18953187680745
225.18838218930614
225.18963064632408
225.18834832390712
225.18921307179698
225.18866822333075
225.18960000509833
225.18708448132384
225.1902700451974
225.18812304644234
225.1888676967792
225.18880863499362
225.18852315649565
225.18990554976335
225.18834373689606
225.1886757222528
225.18928307380702
225.18875121796736
225.18762580276234
225.18976996012498
225.18813295909786
225.1896617312159
225.18841184407938
225.18944651905622
225.187440448266
225.1896801301773
225.1881919404841
225.18878602930636
225.1878303862468
225.18876716707018
225.18920906857238
225.18872562417528
225.1885993713804
225.18787475266436
225.18953663374123
225.1880625647027
225.18998259108048
225.18755611393135
225.18926848306728
225.1872021687741
225.18904119702347
225.1886395350739
225.18939729702834
225.18799708255392
225.18985753509332
225.18844855013594
225.18742313826806
225.18944184666907
225.18859701722977
225.18940028184443
225.18926781641494
225.18822640442522
225.18897146353265
225.18831042772217
225.18912199232727
225.18839203090465
225.18992868591158
225.18791927810526
225.18949254753534
225.18805421883008
225.1898099665559
225.187596014046
225.18938485621766
225.18801410256128
225.18904365089838
225.1892554218357
225.18859673471889
225.18913588940632
225.1883563510928
225.1894058415637
225.1884367082821
225.1882824981294
225.1889471685863
225.18858082477527
225.1896913634555
225.1877958784753
225.18952856739634
225.1878581418423
225.18921220733318
225.18844321073266
225.18926376382296
225.18818877713056
225.1884943814075
225.1885506718536
225.1893434101803
225.18887642888876
225.1892584758316
225.1893854908849
225.1891054253938
225.18885370946373
225.18828540040704
225.18840321387688
225.18931045531644
225.188867668694
225.18914941161347
225.1875001400913
225.18899365895777
225.18838991347002
225.1886824605317
225.18840633578657
225.18911646421475
225.18908314606233
225.18933410340105
225.18870212917682
225.18907005629444
225.18877520458773
225.1889940200199
225.18904379471496
225.18907465884695
225.18853739892074
225.18858619853563
225.18756942404434
225.19038736507355
225.18785610630584
225.19010083422472
225.18783544645703
225.18897129394463
225.18874057059293
