287.29003656027743
178.05301166106096
205.61536914118165
214.75794819574787
45.338236164526734
245.61257831541457
116.25275136607888
219.13277257951427
24.421888537112864
266.7674292589827
54.11938017225475
217.9861524841599
38.77238264610787
230.3477092171879
175.28686312576338
240.69799161562287
123.44705766050993
184.89447835522242
263.99969417323337
58.070139312998435
219.1587252408208
207.98826530181032
219.50455908277854
204.51671794761387
223.53572322275159
191.2121998005132
105.61295713188701
45.43224844526867
242.2066839318204
106.16439769395583
16.832387864151315
258.5316018807789
68.52107814188457
200.93448421357607
81.57509648625546
114.7649602509191
258.7903081845252
73.38784559904707
241.78597267179066
122.36601406839691
243.38889348273733
112.96525127229688
209.3128582950103
228.2836660418252
141.19329463261784
239.9992530038071
116.26940996771009
219.79204144994037
206.78229912344614
221.2056555463023
200.1276554518572
77.45753167968724
159.9060080171712
246.87803521098067
116.91988582239719
237.96691434582317
252.71903882733204
78.99894068089088
127.91895972398379
213.40371117755967
217.47617910521512
213.08105337661436
210.5862136702617
53.657823877401825
226.68009144376447
170.89764867695158
243.32474787336105
106.02154529822474
231.30889058019238
148.66639053956897
74.1739775815513
255.13998219532004
82.48822373704388
253.98070174466557
79.1672956851653
124.6753638984992
250.5364392205047
233.78679703262605
126.67524432743448
257.93348166163196
69.0424266042246
203.19164316390743
226.09108106875647
192.64528070416054
232.21698515476965
159.5785858727504
224.35917461621648
191.21110208586106
105.33368132100804
27.8513037885823
248.03459078873493
91.34306112828563
68.59887041664842
251.29557554839266
83.56001832323818
102.26500569363998
231.54805878512343
223.93818696515882
210.12239680597122
181.72730961960406
206.53231174892426
190.14179517082448
174.37219237877434
223.86281169154609
218.67286035280267
192.80156496029304
114.05082818486699
247.6595793714987
99.4293019269353
231.86436018198947
167.02047013791162
195.99744189787816
253.9592091381346
76.10714424160687
165.17060463269445
245.50435967743033
115.82981385450694
245.19587816712738
108.67860354377626
204.4916634825786
251.23416183194058
80.35000175824825
125.27863035900737
247.86741161409736
94.9781288223603
237.18017419736134
124.02811567739263
213.9619211409008
200.48068018562117
233.61945060541984
129.49177010750645
244.36194968879863
100.19776127919613
50.45814592208626
238.6635756722244
119.75933547915338
247.2808278722514
91.75765420685639
67.56934512279258
249.40167793659202
92.85664589359658
235.19250752633525
149.5081944516205
229.27205727009277
185.06465740815474
235.67289885602077
148.20255769322102
232.08273826041113
163.2113888616368
218.31840532719798
211.28692567842518
212.68412211121176
49.79959694905847
228.19386489857425
164.1416183219044
18.863025375037978
233.57229347158864
252.87451843305462
78.32622820181132
127.95761466507247
259.7706646221268
64.91140925492073
212.34876468886796
216.6487231076826
211.400819951632
214.71396838984947
213.4231487541765
211.30294298468652
63.044431612768676
208.6465955576059
211.87512070657976
52.33860846996686
257.76446788756584
71.80776322753809
243.9725377698196
103.68991535021632
232.47359925946512
142.7645939419599
103.94015218903951
226.66900693460775
17.033700455613143
247.69343636618578
139.99943991172768
243.59183189135365
237.17693394373055
121.04893819152494
219.06011806204333
188.21667827465717
230.42863995539665
252.9272594320937
77.87448091810074
128.99462532097095
260.23067460612947
65.17423362234695
213.1704552479714
210.24279468672466
53.48515590540774
249.5577604719074
86.92891530533234
85.21288594477664
244.91579397530586
107.02200999864726
224.8904969734067
38.299861627834616
229.6837340784332
147.83239674373908
81.64075053959823
262.5548264355457
62.8868923127593
179.12187731322047
247.80017722833145
87.68411009474949
81.73191653900722
238.1777642020097
194.75676841041422
201.2326496555179
108.14837903971056
253.05309956669953
231.79675243932434
137.6818777100707
146.68064385611797
247.828482486977
117.01541489930241
225.33110945443332
217.84580887089396
168.85621046310553
226.49927852694964
148.17475013063085
238.5635269852064
116.12789233611693
225.51707382075983
166.0117591824892
17.51348850184877
263.89894821867347
58.80072900178493
219.16633324563736
206.24389718253224
223.03992042139726
190.82894044803106
111.73852419052128
228.6607694017439
176.2107513909359
199.4214054254262
229.75573942076153
169.85958428645972
212.38386846286448
216.2189240202788
210.61177271798078
216.94994561504427
207.96007039727556
220.5936172300062
198.22178845339658
80.45149665789359
135.50601628187724
243.1105896466761
124.40442062440707
240.33875232652645
140.31943006598158
206.99172016995726
77.58312959308387
259.62980646987853
72.21612978840858
227.10010702688305
210.60929032768036
193.21285459322098
253.85677711754397
76.09565872941312
165.2847280670685
247.38923642743612
101.11292640877946
231.17118623793067
169.8693844115769
191.24201324976457
254.95491910281999
74.13780923596642
181.09475677102455
239.57553304699832
140.07456330362766
232.67575756288716
237.79939486699004
119.41568651710986
246.56280831768527
93.43451640370768
62.188767836167244
250.59115035984723
89.05647518424666
237.58145574580703
132.49984701821813
135.01505139314395
246.09276962954027
94.00907399730932
62.537946298820316
231.99181732953002
162.3954561593564
226.21191233288846
168.6901029178407
10.11987140904239
256.73396611404314
71.70702192171302
189.8373469448561
124.97751100556343
266.6866127062967
54.09497959187138
223.80621362567763
190.88389487630047
111.30351123436412
230.1006701605511
163.99113940603274
37.51403428014601
239.48956293142692
116.78739322457113
223.85993796607363
180.6257659883122
195.52035166983842
224.41141011781292
9.40400930918986
233.18434728097054
237.68300472463307
116.739391115756
246.4370935493498
95.37753159001295
60.37375881311891
234.39162595533708
138.74466738251795
139.41753723403963
251.20510558715614
99.14363188460993
248.7167522050877
99.59890759375412
250.6929459937237
86.72692033776548
89.94542252784595
74.05360938989907
266.03056750883115
56.01262933695398
203.44124880478194
252.10130427782133
79.30819572121254
137.25386654962495
253.6560608051077
85.80489178895368
236.56030492513673
152.891329988488
195.9022302167141
135.8060916428658
246.94468568378943
234.1338672063721
136.30536122381454
140.6154203676415
220.56997576955473
248.26021097012563
86.30178113369038
90.20727515868202
237.296405853951
196.18286381209327
204.1323268309061
233.0362727559259
144.13900628841657
236.76834695263824
129.52140719910676
193.74028887422173
231.56636508286465
180.172367165811
238.27528428540973
135.76806745197973
239.67072227984318
121.320451968626
214.51057484241028
211.71065854805056
52.07373790819838
227.77153187902877
165.78765709979052
14.495546419726452
225.91559198283358
212.99959246865183
189.24049869191367
253.85581814438046
76.92817861207004
134.95689776481595
258.78618058672873
66.71179499090067
210.07400671714277
217.95091707540269
51.73117546917638
222.4999074263469
182.75351743228384
237.61286148696672
147.76082981095533
248.5444193884323
99.60145139918313
215.9072643911495
223.2498561299144
159.9244084279344
32.22002435081231
253.70412362077332
229.0078167089232
176.70260285046243
238.21020234073512
143.77929046684585
226.96052295727713
254.15965553691785
76.3159702244302
161.0497016278532
193.43943408853374
156.68897853596718
242.61191201821202
233.18204386810248
