287.99149798664735
153.10898141182008
260.441235373033
214.14080560556795
240.68623385291153
227.24579192453552
234.17131024034916
230.61816786648524
232.43428262046382
231.50334434646538
231.97929497964742
231.73612397034594
231.8604765106993
231.79751079008656
231.82846426051583
231.8132087296499
231.82094286638767
231.8173432625108
231.81921139347287
231.817260382958
231.81956893513052
231.81764559419844
231.81892093141505
231.81815221419401
231.81773828617406
231.8191008950489
231.81782734476838
231.81892166560283
231.81834594020438
231.8185124094307
231.81817383103044
231.8188245939291
231.81660490842478
231.8202693911353
231.81746019817
231.81877678423734
231.81842425249306
231.81862889726654
231.81813403570231
231.81865758293316
231.8189703497792
231.81794277919653
231.81848087961225
231.816545676249
231.81963510442074
231.81744652689667
231.8185017144733
231.81832793744252
231.81882394850982
231.81797313221978
231.81852070943933
231.81862690919297
231.81726370627803
231.81946000672178
231.8176440037605
231.81920528260525
231.8177389090597
231.81908569486768
231.8184968741698
231.8186373563076
231.81759340830104
231.81750346679837
231.81703953977194
231.81773454925496
231.81859929829443
231.81833756100968
231.81870475849792
231.81852382034776
231.81843919960738
231.81820595273166
231.81835531390243
231.81857614511682
231.8183948302285
231.8186150549045
231.8176830856719
231.81865246380403
231.81911280708664
231.81822291568824
231.8167286956741
231.818580008774
231.81782413630208
231.8183362185955
231.81828159898214
231.81832817992472
231.81766158373648
231.81929577718984
231.8177619837261
231.81848098158298
231.81798715126934
231.81845293067818
231.81906305932716
231.81823989111945
231.81883525315789
231.81743258770803
231.81811415465927
231.81754052031465
231.8191138331349
231.81769849873672
231.81850045910687
231.81794817369519
231.8184065762107
231.8177920775197
231.8186602713613
231.81849423131644
231.81748418238567
231.8174955478753
231.818866995578
231.81841710094886
231.81790489105333
231.81927756476944
231.81741854475695
231.81885690876516
231.81799289031187
231.8183557583252
231.81875943065825
231.81822437290975
231.8184360818923
231.81906807350606
231.8183858873017
231.81796518104238
231.81809327912924
231.81876354327687
231.81727896191296
231.81883214222034
231.81693534062651
231.81888245228765
231.81811963189102
231.81872866051708
231.81801450510102
231.8187074571979
231.81879547877907
231.818555665639
231.81852585927845
231.81625420841738
231.81945387904852
231.8177849671847
231.8190509724518
231.81768350360653
231.81782665142237
231.81859370908933
231.8176549034324
231.81971659953706
231.81770678601606
231.81857946837408
231.8178299561041
231.8180123196871
231.81764410656615
231.81871085258172
231.8181410563775
231.8189515746344
231.81795790675824
231.81836142633256
231.8171955619182
231.8186751729736
231.81797267784714
231.81877409137087
231.8175001292184
231.81762545856327
231.8187527913542
231.81870324541524
231.81876968844153
231.81783323000855
231.81845865287323
231.81701254323707
231.81792372529162
231.81882809654053
231.8177847164843
231.81840848540014
231.81897184843547
231.81854298688268
231.8184262629511
231.8175874969893
231.81872237845528
231.8181416919033
231.81765691725013
231.81831532521028
231.8185149437777
231.81738486140966
231.81903606768174
231.81739307214593
231.81836408038362
231.81628248600464
231.81908254394511
231.81762559973868
231.81914819307713
231.81790482177894
231.81895193088712
231.81779344003735
231.81935315633018
231.818021250554
231.8192236343748
231.81851897046727
231.8184400131504
231.8166806583322
231.81931877192983
231.81759417871945
231.81961501609476
231.81843265608768
231.81849417017656
231.81784906980465
231.81891148506838
231.81662584586593
231.81928067238186
231.81752061814768
231.81906045723008
231.8181711078796
231.81835509127995
231.81858073803596
231.8181894870795
231.81879340401792
231.81783545739017
231.81854856642894
231.81815912960155
231.81850917472912
231.8190876833105
231.8181322284072
231.81805780257855
231.81608076192788
231.81999868972343
231.8174397284456
231.8185268502857
231.8169001928036
231.81922874468728
231.8175736443809
231.81837451578758
231.81785378529457
231.81860619818326
231.8184193715133
231.81770552242233
231.8189776729123
231.81811461455072
231.81826399685815
231.81876053831365
231.81835012005467
231.81835181963106
231.81830615627405
231.81661170281586
231.81914204191708
231.8178877323371
231.81892980310658
231.8176031576004
231.81915090033726
231.8180058834696
231.81805780618743
231.81895393283048
231.8175488206034
231.8181816600263
231.81853822089033
231.81635871548497
231.81884084250487
231.81811234648922
231.8187277277466
231.81865320912038
231.81869376385293
231.81864043975656
231.8184224912402
231.81863185501425
231.81819952344813
231.81862091492803
231.8183168667165
231.81877648782392
231.81827337425784
231.81854973746522
231.81651250492723
231.81939669571875
231.8180451033404
231.81852576849633
231.81723064371909
231.819653406812
231.8180560052133
231.81796893609862
231.8182467354345
231.81896307009447
231.8188470462337
231.8183856917458
231.81838289170992
231.81805103672377
231.81893831949856
231.81807827067678
231.818603247797
231.8178714465903
231.81791380290815
231.81877696899755
231.81779543092125
231.81900637572107
231.8175102230016
231.81927035967237
231.81803885854606
231.81699583314185
231.81901522219414
231.817618019777
231.81841134988645
231.81856943540333
231.81820974964648
