287.8442752593985
255.89984030735184
127.2885241731359
77.03813820701635
243.89987371317966
173.56515987252988
249.85565504953138
148.99344981398872
256.5909030096482
122.92207722284047
93.5294031463045
235.22140656066858
204.3179707954405
235.21746280541902
200.4987669516413
236.83214062807292
196.97640486214004
238.75873818559376
192.25967314857917
241.21904815344897
185.12026494200927
244.5687689649003
173.40460789400004
249.2146119091467
154.23370533434354
255.1024721024969
129.39546230733686
71.22966932344207
245.61101624507774
166.84951412730697
251.96327200547057
140.48752444256024
258.48167880433175
116.3721840182825
137.22066834761608
261.6595419904097
106.842579837843
205.34441495778992
236.65123526127172
199.7936632238634
237.19953516695386
196.60956669784719
238.90092497135265
192.0830314710838
241.28175648366778
185.02377779016933
244.60058766269867
173.33680080631348
249.23476543105244
154.17263063456448
255.11686851837658
129.3466150829372
71.34865197888394
245.5783020725503
166.98924410332438
251.9208087442512
140.66147825131702
258.44557959554004
116.48666829485592
136.27646266109878
261.82672506519884
106.40033974841208
206.52303881135595
235.92428767433375
201.11540219137896
236.45407828573298
198.24846083724333
238.00335850761985
194.3923950972894
240.10398617009923
188.60701091277588
242.97633197239702
179.3020171327771
246.9911944455307
163.7257780957334
252.40859637537142
140.4993585707707
258.38218584200877
117.06062092927823
130.12070560938446
68.01986942229269
249.98218476866896
153.88577382354197
255.43500522067552
128.13952039699143
74.27259363871781
244.70781722758693
170.99794322247908
250.62507007960448
146.16498915122065
257.23224563899566
120.69292217344992
105.48179645496202
222.74870282384654
224.53058788692215
219.09481356718607
223.00851139139922
219.14681045807447
222.81788477207374
219.20437101312928
222.79254396649048
219.20215201002065
222.8070821139081
219.17777257705166
222.83422035621697
219.14588197501143
222.86572343955777
219.11115637770854
222.89867909986788
219.0753810081187
222.9327964212498
219.0382533639895
222.96783580561532
219.00029873766834
223.00358985394632
218.96143480050523
223.040198331204
218.9217399359186
223.07758536969777
218.88083658840333
223.11580657557352
218.83951291508856
223.15468355138728
218.79724851439823
223.19406072721176
218.75395040962758
223.2346657311864
218.7093761548458
223.2761936147799
218.66397344141296
223.318204475705
218.61834820076183
223.36081517584535
218.57109613309876
223.40480782918894
218.5224128123009
223.44998281435983
218.47268800638267
223.4963424585294
218.42144597817241
223.54349140521663
218.36914347289712
223.59166206980444
218.3155410612526
223.6412726995186
218.260399193161
223.69209662971843
218.20355845487938
223.74426636745193
218.14538528388948
223.7976297722562
218.08582093984296
223.85216021147062
218.02455590337195
223.90817785244144
217.96147956380446
223.965537780874
217.89682591237943
224.02444773648313
217.83040987094864
224.08483386841544
217.7619512731253
224.14678913807438
217.69183341292228
224.2100292746327
217.61989721949794
224.27499944438023
217.54557482105156
224.3412303990117
217.4705428648158
224.40912167564966
217.39201038733154
224.47987921028107
217.31042519394396
224.55270148228738
217.22641386874602
224.62766998771986
217.13940398616978
224.70502512549865
217.0496694559697
224.7846873352537
216.95697824689705
224.8666323972284
216.86117524407746
224.9510616062471
216.76180369999202
225.03852180884132
216.6589868194569
225.12867099048162
216.55224497176096
225.22194290751213
216.4414126304473
225.31849705890636
216.32629409778747
225.41854751818028
216.20653618999495
225.5219861890655
216.0821189390481
225.62942568096332
215.95253007749852
225.74066048832174
215.81714846358227
225.856580188527
215.67579123633914
225.97718679981335
215.52773612896272
226.10285727334121
215.37268570862216
226.23382819054677
215.21009595689247
226.37069628332392
215.03887958566338
226.5141461549647
214.8583956545117
226.66463825060782
214.6680730092703
226.82221688642312
214.4669630088756
226.98811815626686
214.2542051151613
227.16265430407657
214.0277168599714
227.34723777142062
213.78671560413204
227.54249235267343
213.52937438151275
227.749459880215
213.25318822893314
227.97008083866967
212.9562466647476
228.20561397566053
212.6354238976637
228.45774762431392
212.28774394762877
228.728685736467
211.90905295799894
229.02108910758398
211.49396736224298
229.3383062323701
211.03668950204155
229.68408518291835
210.52881718277058
230.06323505695036
209.96073642390547
230.48207317944616
209.31877429084852
230.9481563470763
208.5861956312874
231.47134699187882
207.7400518769864
232.0647341361182
206.74678120917815
232.74633660212567
205.56074077008816
233.54038525439682
204.11202089011203
234.48189986284706
202.2946881048265
235.62146719548036
199.9344008971384
237.03886593613424
196.72445280601096
238.85840743059816
192.10670110260253
241.28045742216636
184.98373588203685
244.62276966962963
173.22983686905354
249.27446146975853
153.99052160867723
255.16547718900256
129.1500937656383
71.78740388419828
245.45461300371971
167.57036053659976
251.7377677342738
141.43634426874632
258.28325772268
117.01938927953597
131.89270794717595
68.26034680717567
250.0996631644084
148.098752131089
257.2408037802088
119.90658445307054
112.39692434463359
168.59017198016227
241.9396626285161
212.5243741414597
216.85805329664436
231.3264903312811
198.8207405233552
239.54572456714232
184.06183895592403
245.70474887671298
165.5237356901489
252.09935798263177
140.46363137495064
258.4536832060985
116.5562926094135
135.3341277595755
64.40302668050572
250.4316593005642
145.82378308249463
40.48108942595718
250.95752979823737
144.90438401864958
257.56497832659807
119.42637441477564
113.90927612724772
179.43758341537614
252.6585908975976
140.36369443939475
258.6628153812926
115.807411745438
142.29711509979097
260.63420012404094
110.10794993407035
190.86798911295773
244.81548447735258
176.34387130873802
248.15026163881703
159.5966867273528
253.59042023547227
135.7841684797313
259.33824371761875
113.91068878612714
157.1670031218382
257.28117836642195
121.18867883888015
104.35636169037025
220.1610612889781
229.27506135353178
210.5407510122168
230.96413979642966
207.742791482975
232.29278015361342
206.01490359516174
233.31472003161616
204.39893041286268
234.32428404899838
202.55493565979123
235.4711867827864
