288.0489233884398
156.93486158285504
261.6584130730133
212.79865102312147
243.15864429507542
226.73580206709653
236.03576909560888
230.89801770994427
233.7597640195704
232.17393827887236
233.0541208812965
232.5664281133695
232.83625756420224
232.68735621620635
232.7695666139516
232.72409152185628
232.74951302161026
232.73521443952905
232.74324916372916
232.73840715035203
232.74151764701855
232.7391637068631
232.74111382915908
232.73978946865736
232.74063218189076
232.74004782152952
232.74062429650257
232.74015525816503
232.74035673530307
232.74047182719005
232.74027714178192
232.74040929338662
232.74018930719285
232.74051392285946
232.74019985043014
232.74041069860323
232.74015394690286
232.74058687164143
232.74009326971827
232.74047828419316
232.74015711404172
232.74051476813474
232.7402941233613
232.7401205232636
232.7406260892676
232.74014691472803
232.74057660568542
232.74026792253608
232.74044773097557
232.7406244402191
232.739806598227
232.7406302606796
232.74028528510826
232.74037481499545
232.74029272178814
232.74064915359486
232.74009036676944
232.74043379244904
232.73992208376876
232.74027755188217
232.7405933148293
232.74023035280334
232.74053951491078
232.74022244482694
232.74036560448076
232.74018511388203
232.7397549087509
232.74053885605827
232.73990697586123
232.74041264488915
232.74036450657877
232.74039153835838
232.74006925993308
232.74054224279462
232.7402982555068
232.74027786063743
232.7400246342222
232.7406955517763
232.74020864659906
232.73970110153823
232.7408373815415
232.73944004698933
232.74110604166708
232.73944503638268
232.74003752006683
232.7408686679737
232.73970353959885
232.74090989834804
232.74011392700413
232.7403227069044
232.74028218990134
232.74045665163794
232.74012215735638
232.74065710034847
232.74016339188893
232.74007496934428
232.7405729304446
232.74020759297855
232.74043860984239
232.7403574474738
232.74044320346002
232.74037354160828
232.74051644213614
232.73975165716547
232.74089478010137
232.74010663974332
232.73967048475606
232.7409513932289
232.7397473230085
232.74070271055825
232.74020729579934
232.74049161275616
232.7402175251409
232.7404479657198
232.74033464564127
232.7403865373708
232.7403563690532
232.7403197711683
232.7403401417614
232.73917194133537
232.7414286646599
232.73959295281384
232.74080466132
232.7395352056992
232.74063288845355
232.74025279765192
232.7405996768648
232.7401744147719
232.7397330077074
232.74094095056353
232.73985213701235
232.7404915005245
232.74036107274878
232.74040362435335
232.74027244304307
232.74057032721612
232.74025733989401
232.74044479968143
232.74032054708368
232.74032814801467
232.74036262230948
232.74019066995243
232.74050203467777
232.74031393341284
232.74047991981934
232.74029690820316
232.7402678520957
232.74035521374753
232.74010610912956
232.73998133413988
232.74062652455905
232.73997221732134
232.74033699497522
232.74042811935942
232.74022615396825
232.74042731410736
232.74012381247303
232.7404858413429
232.74014004442142
232.74042899486813
232.74040979280835
232.73986465296912
232.7408468657377
232.74009707164805
232.74034726955142
232.7399174570819
232.73961024502205
232.74107064306008
232.73994270221738
232.74039747250936
232.74024514191115
232.74036509065627
232.73987219169067
232.7406459657359
232.74014993495803
232.74039802265906
232.74031982290762
232.74036195247027
232.7403123608965
232.74068423551944
232.7389592606778
232.74121904107596
232.73963038337388
232.74101366419927
232.73995882092277
232.74034576134
232.74029364847956
232.74013947328058
232.7405047076827
232.7403130259263
232.74030275247787
232.74043466510193
232.74029470197274
232.74015855730977
232.73962236561056
232.74082504292892
232.74011928145774
232.73903084998892
232.7414343036944
232.73906664329115
232.74116226503975
232.73971394255932
232.74045073175512
232.7403161833936
232.74013468449994
232.74003651589737
232.74053476029076
232.74040641194733
232.74014830880333
232.7405739845126
232.73962137455237
232.74000266482471
232.74061917133804
232.73958567224327
232.74080345864058
232.73994842090178
232.74069317118847
232.7401922743884
232.74038164541707
232.74031860477407
232.7403450220736
232.74016628495883
232.74057028620155
232.73984776852012
232.7408114272548
232.7395255415031
232.74114184781502
232.73998256177583
232.74020127147378
232.740575294054
232.74036550275923
232.74032262041874
232.7403877935576
232.74031793358154
232.74043177638669
232.7401878599194
232.7404063365684
232.74028945111786
232.74016749221482
232.74028556149278
232.74045876265154
232.7402187391708
232.740402301235
232.74031405766436
232.74020914880384
232.74041531757393
232.74027594848303
232.74042852415005
232.74019767390564
232.74036089748552
232.7402638229687
232.74080215205322
232.7401922566787
232.7403086242848
232.74028808096773
232.74036231484206
232.74036802828778
232.74026371122454
232.74020305738668
232.74052314658184
232.74023117397155
232.74031121758162
232.7403403976641
232.74030960470554
232.74018845972023
232.74035782292776
232.74036577841616
232.73993699552375
232.74051079600758
232.74006007879507
232.7396158951451
232.7408145015943
232.7402130177361
232.7400814628927
232.7404195026029
232.73985135258408
232.74071796168573
232.73981837989413
232.74063761619618
232.74013322828978
232.74061059528321
232.740183621092
232.7404785151448
232.74005146880518
232.74054044038348
232.740268403737
232.7404937713145
232.74044307849545
232.74033704101748
232.74044085330388
232.74043849400186
232.74038426377228
