287.2658358030603
124.42684079032978
206.9346857655919
189.63679307987786
262.361087263286
51.76230703852525
217.08486408722274
178.7642240574903
253.67910272284053
57.302046932575195
246.04707728063659
72.58942844059584
151.8641129998873
247.92353973887793
73.01956333806811
241.36198370881493
83.37507098395918
81.32279339937395
104.93383102357257
242.08601846954843
83.17507947998092
83.57583694322602
238.79701225649296
143.27705446205437
232.41416371375817
175.7454702717414
211.23708172274382
225.84557441919242
124.03534534486698
253.05516020548384
59.57538673103318
256.2258616206527
54.51211822440018
217.52740367627393
177.63057697829572
175.73469764367474
232.95826684157873
234.35976983503497
97.94362128232751
29.91603453236894
255.9680910196348
55.26663533694955
216.99940890501057
178.9613104264481
169.60720590316305
235.15491042854592
233.59181675035506
99.94102461503098
22.864304684191666
257.1708042602313
55.40259064894781
216.14495392612116
177.95846896271541
240.10054003094956
84.21171211944966
79.96546268701059
236.78594319872354
251.28900434202114
214.57932423904822
191.10076233917061
79.85696785371692
109.68585767019249
242.09740307261745
250.67120111660734
215.0063480296667
190.21243408381633
82.32591271751517
93.70673708492359
252.0081311536578
64.53037149770535
255.8032365116669
55.44725904568986
216.5794041577501
181.48750124884464
149.71881794285946
246.08862815684552
79.94680192807937
219.7815347465512
244.14688548939375
218.3616015716616
183.14237179864722
105.27320093949311
12.326830037276522
265.4882884462422
43.07352069599801
225.51762190363297
134.49787257496064
123.69776592123526
253.38728621136397
62.272955457901844
243.20395159305917
80.40590665307172
239.4987557696477
86.68445730329768
69.89878794725882
248.0274171881756
69.00665968166868
159.08901674271328
14.333697353955358
248.59662142669913
225.99530195722764
126.20068926821477
242.79811089422583
78.87435922778968
106.77977906012165
235.49114392995762
249.800607095327
77.8381103016618
257.43376413027363
53.36916793830824
245.2560928057428
74.85082472716022
241.5456920681827
81.41632139568537
91.74218598587686
252.92820396405295
60.72927106883071
245.14981004705987
74.19374173074539
139.38480097374486
208.6319632372324
32.15709911136946
264.8208904408384
41.22687578235491
224.9123557361163
160.23284546860305
177.1010582984818
202.83484373060128
191.30779406818692
261.71245344092677
47.38559407799403
223.31931298485506
143.39391640868052
73.68395155535836
239.86883163854873
136.2766725468282
235.7473467442942
156.0652503535639
223.86469789248804
244.2934702556231
219.324614495039
176.5764111153694
137.49159953745402
112.43362420249468
253.98908546349412
63.1095659124112
255.28143978327716
55.805735391710186
211.83496553732402
210.59008226470905
189.6511809791482
235.0157069709894
95.44647559695295
32.638666723541974
262.5018919129943
44.9738812309879
224.50408587943093
146.31240347510175
59.942066269155475
208.40811075852253
225.94367927038547
124.67933628381434
244.40090627504105
96.22995619275753
251.29332425645407
226.18990647562168
122.97792501634103
257.01444992853794
55.65441763635317
215.8011644078797
178.14588098943932
238.78723049697874
89.99393276535557
235.72908434431884
98.32145275643416
233.17961585537705
102.61241254674678
15.50494972634624
257.76238843421015
54.41521050394658
217.24991170837893
174.42641941673355
239.6622392412537
88.78074995463248
234.9628882780671
104.87741915156948
224.20175970245327
164.7069347299912
170.5134918601034
219.18496230218443
141.92529094120255
254.99217081398092
60.27678470087267
207.2236872047506
198.2742546998561
230.48866146726505
106.26507689923892
13.167848097240494
250.16875431079825
226.0684433676579
122.83712742516218
255.88566516538413
53.8865445560441
217.4988484716523
185.73277943990252
100.55879904954054
47.34162181309512
240.89423068754695
85.87938137321908
70.21303316938429
248.9432659442682
218.93426148563594
252.13943734562054
58.64453034160397
213.4722287561599
188.99739387178852
105.47437712323881
257.0974206994142
53.56206265644869
196.3104515983141
251.10018110099918
63.4703077346785
202.84087762385025
205.46361163927213
53.7316280202067
173.81872487989313
247.44983252259408
65.76801544644695
202.3092813463154
205.31867486381088
225.66327965410164
124.30435759021202
255.8044564666343
53.987995966403105
216.99507816912228
190.14155715575907
85.00852322515857
76.50696909799444
241.18973862707935
260.35241982469597
47.20006109149108
223.77611042085482
143.47753082136478
71.12290939215745
255.97881395530567
54.8751844643557
246.4191598992984
71.53055267958553
161.164050300511
245.4679957368644
78.11643171331525
240.185392512838
85.81835545436479
72.73410250483721
249.1146407874694
68.43126355306595
181.16651768802694
233.10409140973934
136.72418923809892
249.8151094845889
67.69110553279461
243.33095555849286
77.98901087667036
110.64328031967307
248.12433198754297
71.39156567041937
241.84244145482808
81.92792857430322
86.88511311658658
245.0591291547098
75.78390625096654
125.72212637471239
254.78653909852437
58.095858812725055
177.5713111473451
196.22532580362895
189.64318005309178
137.76353829093568
235.11805955302407
168.5917453734437
218.90900331534795
245.79175171603856
218.40635139093501
179.97281812800793
120.58352567722613
247.5432824546442
70.13977986345708
172.8344174119411
237.76121274317848
113.05857773088792
226.2155840826017
196.56585162322153
204.4015651732334
226.94646879541688
122.7620172288589
248.3953655037476
227.1552017496433
120.56621878722217
257.42367156113323
54.619553503682255
217.20126789595815
174.81295936646347
255.90191595011856
62.39804833753442
193.07259787831572
219.58537333633285
3.3944974215410184
252.49044337308442
60.10579553966818
209.9653161146125
205.83209181118582
49.23578701818769
227.18157849711133
127.29423135360412
187.24726270147949
213.97319904039614
219.02135820557305
155.49710347548535
30.015743028765428
255.68424293084536
212.35355709664873
198.10682861080568
70.91706250653078
153.58515323833853
244.6022084215947
91.48004028448486
233.54882255349366
165.51299852397642
219.9131352348195
245.39177426407696
218.57418387358484
179.2544483278907
124.36577954646782
246.80025097446924
75.93863451112702
107.5553601878637
257.9640276885766
52.21248681608995
195.6455551765248
248.69628672992985
64.34336869786785
242.54467233196192
80.4825620046613
239.36704755744722
86.86558943135606
69.27183614883688
248.41494881853578
68.11995907660457
173.79443131378503
201.16138906269043
214.94083061884157
13.272746301823645
221.36680686144973
201.9632951554231
175.50687016711163
208.87017875807942
173.32532452548912
215.1783455065015
151.83628236770164
252.75921443567495
60.4632213593577
211.1061538412032
192.27417037636042
233.9339059706108
98.06880861763784
24.60993279356626
263.47510244212754
44.332921164867
225.03232400178968
139.92482293549983
85.04529491876019
252.2951519627386
63.34095675815479
239.8427284431673
97.84504125639796
230.831589358786
178.53821084696392
213.62297532764205
247.1065026275901
217.17625096981646
185.02911625950946
98.16510575290886
24.797741967617185
252.15322579062195
224.83515048034315
125.29787663464958
255.4506965327746
54.469247469489346
216.8999745769106
188.53414119876106
88.96823738508101
64.56998927309178
252.0875668854278
61.14935218958999
208.67706527181144
210.45466238693916
210.12671797482471
199.24796183189028
60.863149897995754
247.13605109574564
70.54952999664238
169.6005826186447
242.38085853945813
86.18353823984216
236.93674644184648
95.83881300005305
234.12442868825747
100.36804244881205
21.29654118992039
257.456976413785
55.193285005079815
216.2402921430039
177.6065761216596
240.09084314932988
84.37950563064078
78.95001336970017
246.39643372484716
72.27385393410805
153.24336226015294
220.38318173804146
252.77393645183474
58.87083395026275
211.42794650244468
204.86218408923014
