287.97668100482815
86.73182080993024
268.5069139036224
160.98475365538934
255.05821672990373
200.063071071271
241.69604399242735
216.07164000100556
233.55521713101552
222.44363871449605
229.7766833585556
225.05350823036315
228.14256542026578
226.14051023790398
227.4448804402782
226.59979225343704
227.1498709040643
226.79266649780857
227.02535457154318
226.8735934740489
226.9718072959149
226.90797041198584
226.9493726709061
226.92383046360465
226.9393971086547
226.9286795468597
226.9363585658848
226.9311177424679
226.93454496505183
226.93281241974
226.93355777381294
226.9335741113082
226.9331289287329
226.93323541211066
226.9332398964616
226.93381228620456
226.93176709033287
226.93427213624818
226.9329845854263
226.93366038045497
226.93299728791135
226.93252597374703
226.9334079713135
226.93370866776422
226.93275367392198
226.93421402634885
226.932697106633
226.93384612600676
226.9331545101286
226.93298104368114
226.9327447910655
226.93414643520737
226.9323868641295
226.934314641916
226.93290670343413
226.93404637004278
226.93273935785328
226.93277674441197
226.93346943315555
226.93261429106133
226.93398177790368
226.93263299717728
226.93382336730792
226.93249897842907
226.93340901863849
226.93155271336946
226.9345732652764
226.93236518052436
226.93422000753708
226.93328555021435
226.93353847986873
226.9337699459029
226.9335557519844
226.9328486377417
226.93219217587102
226.93412593225003
226.93274769440177
226.9328465929466
226.93313239309646
226.93347681809246
226.9331953674082
226.93325218394602
226.932545271884
226.9330459831799
226.93341953804338
226.9332847278347
226.93329762167923
226.93333328059816
226.93362699819772
226.93336210945927
226.9336613007763
226.93357126036062
226.9339491497267
226.9322066235036
226.93444184125838
226.9328742412472
226.9335044748259
226.93310384768483
226.93375114422088
226.93339392141206
226.9329119132599
226.93373016062833
226.93297194749903
226.93408937150525
226.9324541986498
226.93327009727363
226.93339003885194
226.93295998669055
226.93378742109053
226.93316683101148
226.93392833679536
226.93258236241672
226.93400786417624
226.93201262727962
226.93501833023038
226.9326552343191
226.93377240224072
226.93207008438912
226.9344862271828
226.93174255517806
226.93463248140324
226.9327522337262
226.93353063344694
226.93287127035728
226.93210874545184
226.93288070190465
226.93387999712286
226.9327196451195
226.93400842812844
226.9327967583231
226.93413187390252
226.93331136513734
226.93352559664345
226.93297865465138
226.93202437408036
226.9347255270186
226.93143444707675
226.93337885964866
226.93301565536967
226.9339561276356
226.931701788184
226.9347316892963
226.93236908564722
226.9337838363499
226.93240326314117
226.93394360578532
226.932406649903
226.93283813793823
226.93400138579455
226.93317971901706
226.93369330321002
226.93206048116554
226.9341536519205
226.9325338671988
226.93339606851805
226.93378452791512
226.93322058494232
226.9328177990974
226.93407284376008
226.93270732351812
226.9340670169331
226.93335814489546
226.93343594795442
226.93205073384888
226.9346465333656
226.93303708968597
226.93430093006464
226.93281518849835
226.9335110046959
226.9333554799814
226.93393230291258
226.93319383713242
226.93367740360554
226.93272328276362
226.93381487617444
226.93244774679624
226.933171868739
226.93326453038026
226.93339480773284
226.93349906805088
226.93433114037907
226.93113163564703
226.93529977299477
226.93208326261083
226.9336490670321
226.932550600206
226.9341210890925
226.93216243526695
226.93278295956407
226.93365109440492
226.9335159668044
226.93313433940784
226.93283455049095
226.93338747979578
226.93261859138147
226.93373064271873
226.9327917523915
226.93383045872906
226.93306399925495
226.93366390059236
226.9324518826179
226.93418045160797
226.9330292323284
226.93328607278818
226.9317564197263
226.9341101142054
226.93173533761
226.93465845598257
226.9317951717967
226.93430609857023
226.9319254195725
226.9332007496123
226.93347967405862
226.93280392198358
226.93263241033128
226.93400078068953
226.93253883661237
226.93338171867072
226.9337347648543
226.93327413595398
226.93319795498974
226.93261385455844
226.93370786198648
226.9334101248387
226.93322136203642
226.9331747250253
226.93403996182315
226.93286878458457
226.93413396988763
226.93325349663792
226.93322448973777
226.93375036925136
226.933036319635
226.93352099237381
226.9323462324246
226.93443793602637
226.93267493115854
226.93410240900994
226.93347498077492
226.93368480984645
226.93343722504505
226.93252132025373
226.93398813536623
226.93231908338203
226.9337806274416
226.93202634432237
226.93435602074896
226.93304301008175
226.93403814401245
226.9329909959779
226.9340169662173
226.93329502314737
226.93329935186193
226.93348330119625
226.9320862085733
226.93395867674553
226.93238311060122
226.93440776602074
226.93315815732058
226.9331529122428
226.93250528731733
226.93424851828604
226.93315936955332
226.9329909478838
226.93367848405614
226.93353009186103
226.93291144179238
226.93370461762242
226.9332535849826
226.93318430341606
226.93376949474623
226.93249144680158
226.93425889709033
226.93301558386884
226.9337666829815
226.93216197635047
226.93409147660714
226.93162075651344
226.93413691053865
226.93341689302179
226.93288250597834
226.93395269203756
226.93199357505364
226.93412756416365
226.93242282523715
226.93421616636624
226.93219057410897
226.93447713278874
226.93302027483878
226.93383566812554
226.93141822720645
226.93409737521142
226.9321611779451
226.93338202673476
226.93334738838894
226.93354864274443
226.93314079602715
226.9321233301598
226.93452940652787
226.9329100681789
226.93220738983655
226.93428659424535
226.93258727052307
226.93400860572
226.9322788353602
226.93425000175193
226.93176686525112
226.93435380762094
