287.9992167780242
190.79525926010206
252.98283824902649
226.02580201684418
238.46797852946702
232.77952223027864
235.31471193305333
234.1669151994197
234.6811919773595
234.4498591816232
234.5538258215147
234.50653975617433
234.52800349296922
234.51865453348364
234.52306694177514
234.5204215364547
234.5212189060212
234.520638680292
234.52147699381203
234.52151317062362
234.52092584446564
234.52211165191238
234.51946175018293
234.52256556213888
234.52123639322417
234.5213406298917
234.52133072758807
234.52164538497527
234.52134417306115
234.52094237279744
234.52188315980857
234.521115614034
234.52069025058518
234.52138428203216
234.52154459941812
234.52052610029023
234.52096584150604
234.52167549470505
234.5212772826726
234.52114567307945
234.52075441327906
234.52131137173637
234.52074060490122
234.5213473556705
234.52137114343714
234.52175475904005
234.5206925430066
234.52126756470898
234.52143093636187
234.5215393938015
234.52112870263954
234.52191086908715
234.52032404173588
234.52091770697007
234.52180324716755
234.5213044290722
234.5212743231932
234.52140527356096
234.52169278620204
234.52044662301705
234.5219655780311
234.52075707371114
234.52191969793785
234.5208090058004
234.52174694764835
234.52000963425598
234.52180129025146
234.52133260262053
234.52120209171335
234.52116782218945
234.52173189599853
234.52098064046731
234.5214097281132
234.52138844243382
234.5210254377089
234.52182529148195
234.52141812094487
234.52148453530026
234.52149285385167
234.52125537481697
234.5214335863311
234.52183188315757
234.52116290530466
234.52093004970448
234.52080371394914
234.52142807895507
234.52181199736515
234.52106864258167
234.5213538892931
234.52096542902655
234.52176342316307
234.5217363926713
234.52051022712112
234.5209216713556
234.52179885654914
234.52064406809222
234.5215703263675
234.52099742763676
234.52166999180918
234.52117503716727
234.52116696706798
234.52145490272233
234.52080887980992
234.52148554060113
234.52060804834764
234.52141604759527
234.52095580857713
234.5211223901424
234.5208888164707
234.52190781200625
234.52118471790163
234.52136846647045
234.5209400566455
234.5214053476957
234.52123259290238
234.52127232983912
234.52103355585132
234.5212080112542
234.5216729235617
234.5207066904477
234.52151285956643
234.52134830141586
234.5206812754841
234.52200038320734
234.52088552476926
234.52078123357933
234.52153702483338
234.52116558990383
234.52104372133908
234.52183753447753
234.5212472076455
234.52105960515473
234.52158421638887
234.52151017028518
234.52124163886037
234.52182682075363
234.52064399293158
234.5216233245883
234.52135935191473
234.52065349919576
234.52160852209636
234.52122361016518
234.52098579510493
234.52088132793142
234.52158980310924
234.5213749421382
234.52133589971345
234.52166296498763
234.52091580728302
234.52181478122657
234.52129903883178
234.52182806931523
234.52059995428863
234.5211876854155
234.52165240311297
234.52043838630198
234.5213688294316
234.52107288208936
234.52100214306847
234.52143793625146
234.52147238884208
234.5214061475417
234.52143338170572
234.52126945663622
234.5217153310441
234.52145417234715
234.52072909069102
234.5215234032221
234.52121768127836
234.5216083643536
234.52098561872845
234.52161013011937
234.52131407179695
234.5215025478028
234.52239357309736
234.52093405651976
234.52143128256284
234.52189616100077
234.52051843121444
234.52097877489723
234.52130833624688
234.52183844813408
234.52102664496488
234.52123974476126
234.52106254731916
234.5213080282556
234.52091647481575
234.5212287601753
234.52158841883647
234.5212935750751
234.52135559929593
234.52119249186944
234.52143867849372
234.52092998135777
234.5216579506232
234.52128782596265
234.52160222381644
234.52160957909655
234.52060021665238
234.52231378908618
234.52157295473444
234.52157123670622
234.5212128533458
234.52127238282992
234.52137537115777
234.5207906345313
234.5213604165183
234.52106806750817
234.5210354282317
234.52155955380294
234.52175576859736
234.52148596162442
234.52156425372232
234.52141235502495
234.52113461133558
234.52139328882913
234.52149762974295
234.52086463893647
234.5214151169057
234.5206580748054
234.52147643825447
234.52129667959525
234.5211429908959
234.5213355149026
234.52152231941
234.52095581384492
234.52181273431052
234.52067526658357
234.52170230523916
234.52139350785
234.52156722603831
234.52146834194718
234.52116062252026
234.5212185112032
234.52155316290737
234.5213506205764
234.5208071350935
234.5215987949341
234.52072345458146
234.5217413685168
234.52076680844766
234.52018260936893
234.52037423958245
234.5221841163875
234.52130917017348
234.52080368206953
234.52143402285583
234.5215313318331
234.52066588654998
234.52097913518082
234.52139029880345
234.52115841586783
234.5209799377044
234.5210114250367
234.52110882700072
234.52135583080235
234.52134640711301
234.5212734015222
234.5206680871197
234.52144628591486
234.51967720173707
234.52205287924153
234.52054959539964
234.5213573240908
234.5212373892864
234.52143371314742
234.52159218364977
234.52070149462088
234.52082835194597
234.520940477596
234.52130314643728
234.52140282062464
234.5210438863287
234.5217260967911
234.52050723391585
234.52170635909715
234.52132118857116
234.52137057909567
234.52137899505033
234.5213508566958
234.52069636182569
234.52129260168294
234.5212985077087
234.52087365493935
234.52077002380975
234.5218571514415
234.52132857656397
