287.97778270035207
264.92536187324185
266.2265380431679
266.09721186093407
266.1065921784052
266.1057651553324
266.1066175218675
266.1070965643921
266.1061494336709
266.10613013989314
266.10560982919833
266.1067910868287
266.1061634706366
266.1068337251454
266.10706379962267
266.1062701694618
266.1062951084605
266.1062219753039
266.10587116582974
266.10664657025336
266.1066779772427
266.1061600702633
266.10591922880303
266.1054012134264
266.1064932790159
266.10648094381577
266.10650156539305
266.1067715604313
266.1067229210694
266.10589550157783
266.1062301288039
266.10658842499106
266.1062364250283
266.10609792226023
266.10578288344914
266.1061647399911
266.10657222866575
266.10515453219705
266.1054995658269
266.10564781467474
266.1059784647623
266.105497911507
266.1056056602283
266.10677229282373
266.1057234501932
266.1061611947953
266.1065940219705
266.1066829918818
266.1070407772968
266.1059440502504
266.1067870083825
266.10691959343603
266.1069620779781
266.10658251981295
266.10662962315473
266.1059351908443
266.1066928457367
266.1065255138201
266.10642976738745
266.10625634265307
266.106143581168
266.1059422152539
266.1057655802324
266.1064911541762
266.1060787595561
266.10523934697267
266.106099808967
266.10498768938123
266.1070270532218
266.10623628867324
266.10667721276695
266.10611052684544
266.1063157864992
266.10646551968966
266.1060636292241
266.10663455211034
266.10642694899434
266.10676713691646
266.10589691727364
266.1069242981612
266.10681065384415
266.1058594675924
266.10602159932023
266.10639182763407
266.10629655609955
266.1063493293623
266.1059465103099
266.10635828178783
266.1061226149686
266.10651626488107
266.1043281043312
266.10637258263887
266.10665181141667
266.1051503812123
266.10590737772145
266.1065804078753
266.10584917876986
266.10554430666525
266.10628544961946
266.1055197584792
266.10633892045735
266.10657308808004
266.10588741557876
266.10676364378014
266.10645418499917
266.1058331453751
266.1066572442578
266.10644234561914
266.1060285978165
266.10611377052555
266.10634179399494
266.10628400644055
266.10654879907815
266.10601610312006
266.1064804708949
266.1063962745393
266.10679003896803
266.10649694233143
266.1067163629559
266.10591259694047
266.1057431774607
266.10672664466256
266.10648025322735
266.10665220115334
266.1067613886771
266.10628884365724
266.1063428751804
266.1070121673838
266.10603746876586
266.1067380968598
266.1058974549378
266.10637631498685
266.10598929481057
266.106381222824
266.10684150365705
266.10690652595076
266.10676100135606
266.1058161212568
266.10688107842
266.1063283168769
266.1062694188731
266.10657775760046
266.10505029898195
266.1056506105524
266.10691205001785
266.10586603371485
266.1059332717996
266.106472579675
266.1054016172129
266.10574088866997
266.10504896689963
266.10508336362545
266.1070790479571
266.1072860266722
266.106088253684
266.106052555333
266.105513507835
266.1066878493584
266.106544361377
266.10636330538546
266.1058457405452
266.1058433147555
266.1063543078053
266.10704703017836
266.1066487046628
266.10552165634
266.1069001893775
266.1062219332089
266.1061520963267
266.10609265981475
266.1056829563895
266.1066076650168
266.1067210568144
266.1064023326617
266.1069620906055
266.1062053200585
266.10667577593995
266.10659858203144
266.1057066497742
266.1070113275782
266.10695796943037
266.10566301351355
266.1068173997046
266.10615071246866
266.10670082060096
266.1062115592649
266.1059537983092
266.1067328155623
266.10641261893034
266.10635411387193
266.10664551114314
