287.7005929285068
123.49176303428396
246.71519771697547
219.3342835476485
237.96372982151684
226.2075634186167
233.69145244821834
229.10603128300636
231.9331420665726
230.21346545339293
231.26193326166685
230.6256432980249
231.0120383499543
230.77742769587348
230.92004217643898
230.83427662623126
230.8852721108551
230.85537684553947
230.87312442011716
230.86249679966932
230.86943336917284
230.86473365807979
230.867144830062
230.86570091455906
230.8668244788969
230.86604813541635
230.8671710554754
230.86648619056905
230.86596020090656
230.8662881891105
230.86621935869516
230.86599929389195
230.86666783002147
230.86605294611036
230.86590171835996
230.86649545414002
230.86687142166556
230.86589845322123
230.8662674283296
230.86667663666594
230.8663859056287
230.86653866965207
230.86668973974702
230.8665702292983
230.8662632500982
230.86686367276343
230.86673463365878
230.86609191257412
230.86633394397177
230.86630907259314
230.86576328597585
230.86663282632435
230.8659489323909
230.86608360013634
230.86645733924888
230.8665902453722
230.86666563662584
230.86693480050963
230.86672124055622
230.86607941586408
230.86639840294083
230.86685422546725
230.86612459660319
230.86625163987992
230.86646078359263
230.86706998293448
230.86640397090014
230.86632923530487
230.86637318971043
230.86675800691592
230.86644066705048
230.8664692750608
230.8660527601278
230.86665177960094
230.86597547058773
230.86725193435996
230.8661853307749
230.8668327917003
230.86600489809643
230.86616618505286
230.8662547984568
230.8662877327224
230.86625434432426
230.86672682674543
230.86619671456356
230.8663251317048
230.86706879290796
230.86600474393344
230.86681764732566
230.86676009692383
230.86660708469208
230.86682798924812
230.86601376513863
230.86647244943742
230.86687211149183
230.86647066051592
230.86628594790818
230.86648562927076
230.86692827770457
230.86639211057627
230.86627342373686
230.86694346110744
230.86598154703825
230.86671746464708
230.86618749606714
230.8663344952074
230.866206635641
230.86633737117518
230.86704678848764
230.86679802960862
230.86611013820948
230.86710394435067
230.86670945509832
230.86631052726443
230.86663854790095
230.86683227168396
230.8660694475766
230.8668713206862
230.86651310507295
230.86589029230527
230.86600997578353
230.86612729397893
230.86694804549188
230.86659386866813
230.86622552242625
230.86693946438754
230.86693037658551
230.86645440881694
230.86628731559904
230.86611789950985
230.86657127458602
230.86615225963033
230.86681148896605
230.86663624714856
230.8667369402392
230.8665726304389
230.8662215888471
230.8668531540461
230.86673882306786
230.8662617602895
230.8662379661764
230.86658845559577
230.86603185555578
230.8663985644962
230.86635211851535
230.86597706547764
230.86698413349222
230.86642021375155
230.8669934283971
230.8668489245465
230.86654815788643
230.86613829028647
230.86676643011742
230.86621861443564
230.8669172764785
230.86686652206117
230.86589192988322
230.86646509952698
230.8662660892951
230.8669473156333
230.86646795294655
230.86628579524404
230.86626091184007
230.86647318578616
230.8663328759285
230.86622403187357
230.86595074119396
230.8668414116546
230.8667206205937
230.86627444896294
230.86702828844864
230.86644486460136
230.86678799628135
230.86654203336366
230.86688018956193
230.86655861994223
230.86584191160364
230.8669831875959
230.86647263878695
230.86629239760077
230.86626972100203
230.86652968752605
230.866296791246
230.86675310195278
230.86669999887818
230.8661120406323
230.86606366912747
230.86709943060123
230.86671868545818
230.86624889284576
230.8661561485933
230.86688739150122
230.86617311805458
230.86571925495082
230.86746110255626
230.86647861509118
230.86686595370702
230.86643118770735
230.866512943001
230.8668107643025
230.8661389949848
230.86619741395407
230.8666451980098
230.86670370712818
230.8666027901636
230.86621916004515
230.86657675945025
230.86608877571416
230.86641981203866
230.86672038011602
230.86689468062832
230.866586676726
230.86704879213357
230.8664569364919
230.86617706656398
230.86673151470313
230.86615577463817
230.86624507274246
230.86689425572695
230.86657516703417
230.8663089894253
230.8662744583562
230.86704819607257
230.86649127601413
230.86640576347418
230.86660421341367
230.86687539755076
230.8661612662836
230.86611469998024
230.86632121665752
230.86631289716752
230.86623776749184
230.86636562045896
230.86634151876206
230.86708394282323
230.8665830091195
230.86621860027662
230.86698252899805
230.86607507435838
230.86659613787197
230.8661566892988
230.86643643568095
230.86696912276966
230.8665839797177
230.8669718666206
230.86577382910764
230.8666908745654
230.86677105932904
230.86695549184515
230.86613830548595
230.8668091083964
230.8665440295299
230.8668440845795
230.86689230488264
230.86689001138438
230.86586041215924
230.8669533059292
230.8660441566899
230.86646982541424
230.86618106042442
230.86640385030478
230.86667589667195
230.86620754131582
230.8669364049274
230.86681378587673
230.86677821408375
230.86659163939476
230.86655895820877
230.86619029521535
230.86606085767562
230.86671426052635
230.86680118802178
230.8665052610304
230.86673767598404
230.86665720607562
230.86694388448086
230.86555230907106
230.86660084668256
230.86646274579107
230.86647946652374
230.86697139387252
230.8661633372103
230.8664003304002
230.86673801210418
230.86702340116608
230.86617444724834
230.8664190617419
230.86689871319686
230.86611072257801
230.8667758731317
230.86651276875637
230.86636180437927
230.86663673877774
230.86713857203722
230.86673252443143
230.86652752320515
230.8664404945448
230.86693701241165
