287.9703289849398
71.6232595064833
269.4523898196802
127.02064509825914
261.18884822497125
165.50716529821148
252.21169295019945
193.34642816580208
242.50673192637169
208.93952957097144
234.90556924340626
216.78261801445797
230.26649654428047
220.70673879195874
227.70987554570274
222.69999732595716
226.34563771105059
223.72439655428389
225.6258805731968
224.25530451947543
225.24758690819908
224.53140928920857
225.0497117397199
224.67498664656523
224.94602677719377
224.75000220414586
224.89231316460246
224.7883131960025
224.8644577521227
224.8091230551654
224.8488361634354
224.8204219610161
224.841086319213
224.82556017800744
224.83722010702695
224.82901388530627
224.83458187747055
224.83149321829842
224.83306411942976
224.83223804382396
224.83220350373085
224.83205614976941
224.83242529257222
224.83186210452732
224.83310464158058
224.8315987639944
224.83286460895397
224.83195566915856
224.83330598021894
224.831754357072
224.83300350565514
224.8310026183317
224.83357444643843
224.83150854958876
224.8337423220546
224.83151537194135
224.83154015432592
224.83212071787057
224.83289177684492
224.8322214312102
224.83268216851502
224.8317648473203
224.83315992226926
224.83222425035638
224.83247864537407
224.83277414109034
224.83235628737384
224.83180359399194
224.83343334554593
224.83147743760128
224.83316496148836
224.8310944461664
224.833289601047
224.83167462161873
224.83342358871232
224.83065749527668
224.83444405837145
224.83112414592688
224.83320760670176
224.83178166666767
224.83237671441384
224.8314159118563
224.83353067320422
224.83108579523105
224.83269586015012
224.83290069580107
224.8312284673084
224.83366506040693
224.8302597572365
224.83333777531516
224.8320072422939
224.8324433277885
224.83179208861475
224.83326973317162
224.83125615599783
224.8333380201948
224.83154512886904
224.83286172119915
224.83199022463305
224.83303710159817
224.83124091411446
224.8325041019416
224.83241352860205
224.83274521426938
224.8323469096722
224.83230222034763
224.83109587737272
224.8326931572592
224.832323645227
224.83186494969414
224.83235263318784
224.83241449186607
224.83250659690384
224.83213440347754
224.8321015303227
224.83224254933884
224.83313037652988
224.83146271955047
224.83331327165797
224.83087362880178
224.833989456376
224.83139294553985
224.83334475942684
224.83101001363684
224.8335491258622
224.83164456749364
224.83345288893906
224.8310744862465
224.83309788683255
224.83198794241616
224.83265656654112
224.83206731690007
224.83253669812257
224.83151896798518
224.83355666506395
224.83174561454507
224.83188881415845
224.83226831997308
224.83194951010955
224.8322810067839
224.83191381835059
224.8320103791266
224.8330161842896
224.83199271103513
224.8335836335973
224.8310150920006
224.8339026525282
224.83120475441683
224.83400302809605
224.83183068722428
224.83310576890653
224.8322509385107
224.83287384540745
224.83092681033304
224.83308393693733
224.8317457591038
224.83342696332693
224.83182964866864
224.8319357986038
224.83136205738992
224.8331629547174
224.831755850646
224.83279812058754
224.83167851928738
224.83155674719455
224.8337957221811
224.83160749977833
224.83303357970726
224.83224430048722
224.83205956862366
224.83309281326365
224.83104547465337
224.8327145688163
224.8327454424143
224.83222281359485
224.83259434230422
224.83111525821005
224.8334366052659
224.83191569024348
224.8328042495632
224.83223245180852
224.83185197786952
224.83337995839975
224.8321817035976
224.8322043763983
224.83296553101536
224.83207680244232
224.83317390129378
224.83208154788008
224.83238563215127
224.83236208348535
224.83215093498438
224.83300832903478
224.83187756650295
224.83258941651002
224.83284786200238
224.8321106524163
224.83325796238205
224.8324528251178
224.83194012789318
224.83296862013958
224.83214191590378
224.8331651559638
224.83225979045528
224.8319150047828
224.83306089961116
224.83202961865754
224.83269364153966
224.83228767973196
224.8328695611999
224.83108564846043
224.83353339605674
224.8314507151954
224.83303703277488
224.8320585575566
224.83278783521382
224.83171049629163
224.83363191908575
224.83137366782466
224.8326222647447
224.8322187657177
224.8335134313529
224.83208160923095
224.83271708701795
224.83203771909757
224.8320633021067
224.83321301001706
224.83196387007774
224.8328721170692
224.83178727522318
224.83363518789702
224.83081066257728
224.83316002540232
224.8321320754767
224.8336234161543
224.83110294835933
224.8338706268114
224.83079631593137
224.83389927657845
224.83125067671062
224.8322016387101
224.83328518534836
224.83195964428887
224.8329613779788
224.83214606461115
224.8316036338947
224.8320378434437
224.8323695887375
224.8323502255662
224.83290141422185
224.83147664285207
224.8329227095237
224.83194231503876
224.83304385845258
224.83184119765065
224.83318441806477
224.83170989938662
224.83305199105234
224.83194843307137
224.83302049896156
224.8321277872019
224.83273658486723
224.83262587641366
224.83192171159317
224.8331556526391
224.83147348064813
224.8336311414023
224.83044794945454
224.8323523743311
224.83262527965417
224.8323334739398
224.83300328812038
224.83128758914245
224.8333501550078
224.83186837284302
224.83204653846042
224.83282209471508
224.83289461828826
224.8321024098841
224.83144148637075
224.8330484215403
224.8320091617352
224.83238997019362
224.83234383251693
224.83251954139268
224.83246411176515
224.83275075798156
224.83203927027353
224.83211926359218
224.83286307324306
224.83232003613375
224.8315778948163
224.83324426185573
224.8299189843383
224.8344163596339
224.8310249503702
224.83350508614967
224.83158218493918
224.83296415144287
224.8322268301854
224.83235201632488
224.83317325575626
224.8323863411497
224.8328407957015
224.83217867929488
224.83292236823763
224.8312447944918
224.83400657995662
224.8307937039499
224.833922072954
224.83098500710912
224.83291566699336
224.83244158231537
224.83171830695937
