287.9848303766005
126.83425777695516
264.3156715393078
203.103383184809
243.9048292067573
222.2669891568769
234.59402518906563
227.8270973397589
231.57920751855954
229.50695612703703
230.6515608471832
230.02060293104932
230.3688465998539
230.1768695962619
230.28328264670563
230.22426416998223
230.25707761054764
230.23891878557242
230.2483250522473
230.24424443544194
230.24620989067353
230.24435102743337
230.2447763650962
230.24513742753152
230.2450636303638
230.24420257747988
230.24594757706654
230.24475613895993
230.2438159189387
230.24635838083668
230.2446830587014
230.2455146223183
230.24494154274726
230.24530471245816
230.2450174585756
230.24550304393233
230.24468660893035
230.24482211464056
230.2456130617811
230.24494792649966
230.24488725483934
230.24563918910644
230.24577896893788
230.24504652600626
230.24530707666418
230.24454885247724
230.24547966439786
230.24552829032655
230.2453495615373
230.2447313534758
230.2456002478575
230.24546472692964
230.2456694380926
230.2451184358215
230.24551129502288
230.24520557931464
230.2459717723723
230.24420416473004
230.24352598423138
230.2462574541314
230.24486929285922
230.24556272364862
230.24563664835296
230.24508660851643
230.24600834935336
230.2449801601142
230.24568676970011
230.2445058204321
230.24359952387022
230.2456072476707
230.2452342734141
230.24553646646018
230.2454459802866
230.2450714622537
230.24459027381818
230.24551119429816
230.2439539650004
230.24607855287104
230.24465010377025
230.2451498569826
230.24541198316
230.24536711975088
230.24477592037147
230.2449622475433
230.24543028066182
230.24530720083203
230.24450049032384
230.24440978368148
230.24504680757673
230.24538497491812
230.24504509076723
230.24569193315983
230.24494635007431
230.24600985592406
230.2452190153963
230.24462488825884
230.24565914132836
230.24549675927483
230.24504350411007
230.2448252542672
230.24531399219995
230.24405721727817
230.24607751915755
230.24245922038972
230.24682368877257
230.24471174831706
230.24519140359916
230.24518066030578
230.24573648832302
230.24489519464987
230.24508568722376
230.24537629471888
230.24542032719182
230.24478154909593
230.24542644008034
230.24585331982962
230.2448808670306
230.2449613178178
230.24559224650875
230.24360697282827
230.24606692291854
230.2444323314412
230.24543114128028
230.2452735616098
230.2460026285844
230.24468512344902
230.24533833221358
230.2456330230998
230.244683788791
230.24519641580264
230.24550273108616
230.2458013231735
230.2448099110261
230.24427711718454
230.2439968898616
230.24606096830394
230.244870218281
230.24512779196812
230.24608712851477
230.24452475375438
230.24638707540726
230.24484982397553
230.24498392522946
230.24577265098196
230.24522025605256
230.24447252422397
230.2455856766319
230.24542085087887
230.2447877440718
230.24556896409922
230.24531294945336
230.2452381430412
230.24593516856112
230.2435176758445
230.24616670091928
230.24476326970762
230.2457415970057
230.24536307648668
230.24319425004796
230.24633600968082
230.24485216020548
230.245775928488
230.24462142975244
230.24598094194516
230.24567971420765
230.24491300966474
230.2433300697012
230.24450131085905
230.2455475234092
230.24493719579186
230.245001728239
230.24555996866548
230.24476030560618
230.24550819626893
230.24494343902188
230.2448140359338
230.24520879591
230.2458626806183
230.24560427230608
230.2450721947971
230.24480719496933
230.24594775670266
230.2449673158917
230.24432987594628
230.24569322977914
230.2444124762551
230.2450602201934
230.2452290123838
230.2455015373489
230.24478380145592
230.24544677895756
230.24553134385496
230.24544114712626
230.2453165186089
230.24495722987194
230.2448926339057
230.24502246786142
230.2457037591521
230.2439966044185
230.24615110925515
230.24477393989218
230.24549972194654
230.24518462398555
230.244891115246
230.24324094089388
230.24649419318303
230.24543835663644
230.24511156705557
230.24467696849024
230.24552832338668
230.24537672910083
230.24479770063772
230.24559125119413
230.24370184638246
230.2457278642396
230.24511393655848
230.24602178482746
230.24441363147344
230.24482546414947
230.24376647165627
230.2463878713752
230.2445536380692
230.24528152494167
230.24502140957338
230.24561206594808
230.2455232692737
230.24456286271743
230.24558255256852
230.24505480534572
230.24582463069237
230.24467277777148
230.24528883839957
230.24349863507086
230.2466383187857
230.24399820568215
230.2463922202296
230.24541180496453
230.2448103720817
230.24530336221505
230.24516362542636
230.24467915356217
230.24575447678217
230.24479831666395
230.24511900389916
230.24519341271662
230.2448970983678
230.24530522260466
230.24556290108012
230.24537171520933
230.2446558887459
230.24503986680065
230.24512288700498
230.24582106262096
230.24499870149884
230.24466503228177
230.24544469594548
230.24552439966646
230.24547955665912
230.2454624173406
230.24415554200823
230.24585352743452
230.24425937057822
230.24600541563996
230.245351525984
230.24457121522573
230.24511990349856
230.24488450087665
230.24517911029398
230.2458503235539
230.2455583690462
230.24521809366706
230.2430976065807
230.24632737344655
230.24387024687894
230.2446858529147
230.24538369916263
230.24344296006893
230.24641600457835
230.24432796738984
230.2440577889647
230.2461214929499
230.24288800243812
230.24643885366095
230.24467349192128
230.2458967740531
230.24488333299814
230.24348360883596
230.24625467222359
230.24456075391208
230.24576205735502
230.24496378473123
230.24323969312536
230.245902723138
230.2453863069095
230.2434622442961
230.24643503286643
230.24423375008337
230.2460569414252
230.24460987118073
