288.01888810393746
225.4884908263963
247.6511928556297
239.67103525093648
242.12203752176015
241.30884087948107
241.56501991530513
241.48291818044572
241.50913255248588
241.49989469085722
241.50306041830254
241.5023933189359
241.50188545325818
241.50349249717146
241.50160325688466
241.50262055335043
241.5029217626252
241.50298677519368
241.5021118643299
241.50296090931442
241.5025958242286
241.502287483886
241.50281410457865
241.5028241147611
241.50308956137997
241.50292956881094
241.50227322233695
241.50286076250632
241.50250393377064
241.50159588060524
241.5035087138458
241.50219395273598
241.50315249363302
241.50241361122426
241.50279079017673
241.50320660634134
241.50295552444186
241.50318175121538
241.50322236185457
241.5029356824616
241.5028183188915
241.50293551349387
241.50296848799917
241.50280476735497
241.50292017490938
241.50158826410188
241.5032448136808
241.50295242738866
241.5030299852624
241.501285183429
241.50327809544615
241.50181324432197
241.5032904059335
241.50292975376215
241.50264864689234
241.5027342765825
241.50281637242006
241.50304673754
241.50242531382173
241.5024716424996
241.50251608301187
241.50221018777665
241.5027678174447
241.50317761372207
241.50271320415413
241.50290547485565
241.50157312755255
241.50317236356204
241.50222709047375
241.50276286623557
241.50286847250027
241.50267895655634
241.5014624235846
241.50323753411794
241.50294583346476
241.5032634847521
241.5027528614155
241.50270430503224
241.50299549514602
241.5026747451011
241.50273514078435
241.50223684917
241.5029294220367
241.5019959252313
241.50311072304976
241.50269412175112
241.5029100556967
241.5029123426866
241.5021746245111
241.5017983164944
241.50244703633507
241.50219521817053
241.50302663456387
241.5028387916318
241.50289954926848
241.5030618708115
241.50239726116706
241.50309467605985
241.5020212555246
241.5028680665273
241.50289870367124
241.50279032879916
241.50230629902217
241.50226467124594
241.50231665743195
241.50245223494858
241.50321479376726
241.5029493251277
241.50174066668842
241.5032625090098
241.50195273244753
241.50251377993845
241.50300061319285
241.50274438205815
241.50285014648398
241.50310621514654
241.5019888640818
241.50345920560358
241.5005369123537
241.5039020020049
241.50212720889976
241.50175358261913
241.50281848155282
241.50212210264
241.50336914997752
241.50222980040417
241.50281725214882
241.50238674638967
241.5024649600382
241.50317031027225
241.50291465062037
241.50275100782164
241.50218907631643
241.50259034257033
241.50309659782215
241.50268008138664
241.50263410898333
241.5024823409185
241.50205389891198
241.5022949543345
241.50313684089633
241.50212296321115
241.50279354627128
241.50216621260915
241.50232590379892
241.50308085293364
241.50184482844634
241.5036356585697
241.50269676616153
241.50234132685728
241.50287690622645
241.502556876163
241.50306675201864
241.50291597784235
241.5026260469458
241.50237794214627
241.50312460006535
241.5012847475591
241.50342121627182
241.50269840280816
241.50267779085698
241.50256691013783
241.5030870083574
241.50246878835605
241.50207929559838
241.5029697146747
241.50257147809316
241.5019189459199
241.50286544211122
241.50186393128388
241.5021155377617
241.50294711289462
241.5013524636597
241.50289468358096
241.50257662743388
241.50289802726184
241.50322221950046
241.50208752579056
241.50325993649312
241.50192524031445
241.502128820066
241.502827146629
241.50222805025987
241.5027906420728
241.50233040344028
241.50265960484103
241.5027525904443
241.50264685836737
241.50191693117085
241.50347139178484
241.502513736923
241.5026999003603
241.50264761240396
241.50268970614707
241.50190684237168
241.50317471390008
241.50174944184255
241.50305298263265
241.50280884912354
241.50293777861225
241.50252502220974
241.502799010952
241.50252654770156
241.50299539048865
241.50298404494242
241.5025132325245
241.50275856247754
241.5033696811297
241.50262995458615
241.50275253338623
241.50262623062008
241.50322935795703
241.50286837694875
241.50264666193107
241.50261932451394
241.50257772681653
241.50274415420427
241.5027563081676
241.5027968603681
241.50268654321553
241.50228672055528
241.50295786217612
241.50248900825682
241.5027955026453
241.50213757634629
241.502814353109
241.50260382094712
241.50245914903644
241.5031605746044
241.50317985852598
241.50225179918925
241.50321065318712
241.5019780688017
241.5029989744944
241.5026303442719
241.50280335717252
241.5026796055463
241.50252344232285
241.5021565575007
241.50291386102617
241.50262443433166
241.50269955447584
241.50220461066056
241.5030648541724
241.50213075909414
241.50294094417768
241.5030126778729
241.50267336420075
241.50249115472252
241.5014033875923
241.5032364011422
241.50279678116203
241.50264857991715
241.50260366841394
241.50237368018134
241.5027652225981
241.50293832164607
241.50291613070294
241.50251557139563
241.50225445219257
241.50254674475582
241.5033658763423
241.50230990741693
241.50280037177436
241.5032625044696
241.5021934380784
241.5027208467509
