287.9897519955608
109.48057931786286
225.85366534889056
234.1213696465544
227.18407507198344
231.1654009385029
228.5740633186199
230.22808668780272
229.16259739030102
229.85119154907215
229.40633134846667
229.69430909564971
229.50789212475775
229.62884274990756
229.54988823914027
229.60158563424375
229.56809635049012
229.58959164926455
229.57585472684877
229.58463402671805
229.57902425956672
229.58246290819625
229.58055858981243
229.5813482827907
229.5813218793828
229.58095148650136
229.5815884964759
229.58087752303618
229.58128271563874
229.58128874766044
229.58067643854883
229.5818358553115
229.5806176124479
229.58162166260263
229.58101624255505
229.5811873273051
229.5814074459504
229.58084186569795
229.58152280740978
229.58114124401436
229.58056055107772
229.58193330236827
229.58087718505521
229.58156692255398
229.5810808216811
229.58117979768394
229.58138724598393
229.58112821257419
229.58055824167968
229.58209260757576
229.58055616634374
229.58162589054336
229.58105194714153
229.58127817331842
229.5811514169509
229.5814243133318
229.58093466003993
229.58161200290488
229.58098810808588
229.58111928460858
229.58129722943704
229.58128859525095
229.58127873638296
229.58015949227047
229.58239976115146
229.58041962779316
229.58126043802986
229.5815654648395
229.58093938521415
229.58147350002764
229.5811043053036
229.58150714732983
229.58083626763255
229.5816090153312
229.58089940084392
229.58150788196872
229.5808916244896
229.58131633902667
229.58123848559626
229.58126551863097
229.58124268950996
229.58015001724198
229.58254739196127
229.5795353771864
229.58275840281567
229.58023549227073
229.5817968133997
229.58084485321524
229.58146534580374
229.58115990061924
229.58130386402627
229.58143474908502
229.58112134991097
229.579948554132
229.58180361842096
229.58115986530538
229.58135821843098
229.58117576588484
229.58036943769184
229.5820149115243
229.58071479396312
229.5815624953757
229.5810868885237
229.58129934985482
229.58130656495632
229.58113457332365
229.5811907913012
229.5802163883709
229.58197720754106
229.5799901207065
229.58250604512432
229.58031734342512
229.58190091138385
229.58038855622
229.58199736008828
229.5807550277823
229.5814001255494
229.5811113250311
229.58132239963015
229.5814411556712
229.58099690350355
229.58143283557
229.5810108128353
229.58130564507155
229.5812333332142
229.58069395369967
229.58166413833533
229.58082516436116
229.58122895630368
229.58140875985555
229.58100116983405
229.58141855482245
229.58079214469035
229.58170083036384
229.58092202807893
229.58149467363546
229.58107474108692
229.5814898281751
229.58115982481104
229.58126445540984
229.58111555699725
229.5811378054059
229.58129093650496
229.5812549598777
229.58132587223372
229.58100404595461
229.58135876250162
229.58096753391146
229.5816835660662
229.58086582885153
229.5814204926137
229.58107603013923
229.5811787849234
229.58071002652287
229.5818950195753
229.5810391664345
229.58143981449393
229.5810032318186
229.58132606414438
229.5811479792319
229.58130966594763
229.58107002382894
229.5812736608059
229.58126977206848
229.57960610484588
229.5827170671182
229.57949451902823
229.58276747507625
229.58015624724794
229.58193668669264
229.58046801890305
229.5816525788323
229.58112139046716
229.5812235264093
229.58109198292368
229.58146544839838
229.58111803021166
229.5812778214895
229.5811103372689
229.58124698197207
229.58129797072615
229.581277537618
229.58119264366542
229.58085692575696
229.5816351468311
229.58085913919058
229.58155227168027
229.5807069114162
229.58168716424552
229.58093903548433
229.58136411380838
229.5810229988565
229.58161662846396
229.58087275291473
229.58142505783326
229.58104204703704
229.58150912057317
229.58125867458875
229.58099650703662
229.58144950171118
229.58111983207345
229.58136701985495
229.58112187331426
229.5812199531647
229.5811248730315
229.58139295619912
229.5812277864752
229.5810326232604
229.58106782821415
229.58072577814164
229.58161555742845
229.5809433786926
229.58143210371782
229.5811667584494
229.58117688471975
229.58080338702712
229.5813586127333
229.5803698013042
229.5821154963778
229.5804743654735
229.5817339006462
229.58088556279836
229.5814319410565
229.58120290761872
229.5813352510304
229.5804712845711
229.5819435706071
229.58053271172685
229.5819411601551
229.58048226192477
229.58199958587647
229.5796216334129
229.58271244975913
229.5800444035558
229.58134866856562
229.58131484431215
229.58127450113534
229.5812826560432
229.58129515314067
229.5811300604255
229.5813760420424
229.58108756098954
229.58139362621296
229.58113322196004
229.5813173611532
229.58113931510889
229.5809736588708
229.5814291341958
229.58084521569253
229.5813370331889
229.58135061942448
229.58112729077402
229.58128437602136
229.58113700729155
229.58107541965728
229.58123131238972
229.58117492482415
229.580910903911
229.58173946867464
229.57982651644852
229.58247052092338
229.58035972142534
229.58174786136078
229.58077149691235
229.58139660065353
229.58129019310581
229.58113950723782
229.58043885983352
229.58151927210565
229.58052792865783
229.58181164691632
229.580996578341
229.58139873568143
229.58098510908894
229.5815104059002
229.58110186715203
229.58130534674274
229.58120064302057
229.58125067640503
229.5811918938416
229.5814794692269
229.58100230006676
229.581167184675
229.5813044650422
229.5813158316596
229.581063343634
229.58135008110548
229.58119591427385
229.58108561667905
229.5814906204323
229.58087458094815
229.58040024414368
229.58218232131912
229.58009346676408
229.5821206911496
229.58053692811518
229.58165841076698
229.58088389736076
229.5817068319593
229.58063640628825
229.5817798160424
