287.94967435019646
266.12027760267347
267.223424614441
267.1265543295531
267.1331767997335
267.13306085147633
267.1321781472893
267.13297043119655
267.13232778981455
267.1322571372002
267.13293418947615
267.1331742471939
267.1331715907918
267.13178638939735
267.13267857162464
267.1332905740883
267.13246561765664
267.13242599278783
267.13335447915233
267.13294643570407
267.133209934349
267.1329747919681
267.1335008007227
267.1328352687651
267.133001994016
267.1333967997907
267.1332846797013
267.1325760337113
267.13360232917876
267.13089194381064
267.13343816013185
267.13308376960777
267.13281947573705
267.1329695296736
267.13223579175246
267.1314490140903
267.13356724710684
267.1322505533608
267.13155380970056
267.1322570062548
267.1331878968558
267.1321156604863
267.13209336382715
267.1325785694062
267.131166441035
267.1334221176803
267.1324416779389
267.1331524548732
267.1327410119811
267.1332584920274
267.132251115283
267.13241286094853
267.1330019714478
267.1333048057677
267.13294796741684
267.1330374168283
267.1328655679099
267.13280379715434
267.13299088956774
267.13284682537414
267.133462809561
267.1316621343685
267.13193429321836
267.1323203678112
267.13250264125236
267.1330024422132
267.1327651104002
267.13299506539624
267.13292354057194
267.1328826256067
267.13167605276976
267.1328660637737
267.13263842269953
267.13348371406755
267.13232292414614
267.13332788300613
267.1328034338512
267.1310597025222
267.13271945567976
267.13334651789773
267.13278899683064
267.1326054880483
267.13247921920265
267.1333417639253
267.1334291586827
267.13330672447046
267.1328799038456
267.1333433992695
267.1325285177227
267.1329765650953
267.1334589102262
267.1316016398923
267.1330910234392
267.1326505383695
267.132903744583
267.13326537613466
267.1330128608315
267.1328346822338
267.1333874539996
267.1324472102642
267.1332248205654
267.1323426371382
267.1328621668654
267.13333620705816
267.13275086617796
267.1315380660453
267.1330976319805
267.1336049264937
267.1319895887573
267.1332473969087
267.13234497730446
267.1335045572123
267.1330053087877
267.13361216815974
267.1332265256133
267.1329526288973
267.133100581952
267.1320442336728
267.1336217057178
267.13349387225026
267.13307262303715
267.13323657946603
267.13290758767835
267.1326233398577
267.13227123317483
267.1330884125782
267.13267552321486
267.13293399142276
267.1322016595659
267.1329427242017
267.1326766306156
267.1326198360766
267.13234971325437
267.13359802357445
267.1316328027606
267.1334441892104
267.1330029741075
267.13281634294253
267.13335070898756
267.1325783176726
267.13331475180166
267.1331401597854
267.1328923598485
267.134207730036
267.13337605650304
267.1332895055384
267.13257787194743
267.1335300311184
267.132156841064
267.13319529210276
267.1324419651355
267.1336865225312
267.1331421516079
267.13294032248086
267.13292892838945
267.1332724112581
267.132801409025
267.1326847470773
267.132784977337
267.13267168347375
267.13266840507276
267.13261597347446
267.1324726320163
267.1333578810736
267.13113084937504
267.1328464507533
267.13313796817965
267.13225541851716
267.13300656665524
267.13234670808015
267.13205267017474
267.1325495987985
267.13105921611714
267.13338824667153
267.1319857459748
267.1332294144522
267.13272457694984
267.13338929975
267.1323883923469
267.1332286879042
267.1330186983978
267.1329650062544
267.1319918065128
267.1329904230661
267.13332772033755
267.13279422794585
267.13368420343613
