288.3274849132459
252.3686297036753
257.0577348854815
256.1134642480663
256.2682566922442
256.2393062224087
256.24460697437326
256.2426366998652
256.24357621327044
256.2438995873472
256.24402052782807
256.2433098772526
256.24396508664995
256.24351800813474
256.2434724031955
256.2436328499707
256.24367919927045
256.243296434086
256.2442587649084
256.2430154968406
256.2437891659574
256.2441904928546
256.2432483392731
256.2436346527775
256.24377658444064
256.243154044987
256.24372067174045
256.2429162158769
256.2434226166297
256.2443023615251
256.2434955191966
256.2440043135921
256.2440273338452
256.24384881204605
256.2429977683296
256.24386028364825
256.2436657928156
256.24377145727703
256.2428205199976
256.2439307432469
256.2439983776312
256.2434368489121
256.24379791864703
256.2436113032709
256.2431507112633
256.2440131936455
256.2432933564269
256.2423113515142
256.2442509063767
256.24364115681965
256.2438878543544
256.2438911939789
256.2431759635183
256.24318489139114
256.2439575634271
256.2438265227247
256.24418146007156
256.24312382086646
256.2436978305268
256.24284174766944
256.24259215707207
256.24298513333633
256.2435043637779
256.2439298612917
256.24304651050625
256.244149333932
256.2437520923668
256.2439908364722
256.24368063115253
256.2441269057126
256.24327813843774
256.244233925594
256.24380137286425
256.2433238315498
256.24382247860194
256.24446846934006
256.2429801261169
256.2438696640529
256.2428410933062
256.24383794171445
256.2431169049378
256.24321262937156
256.2439559989216
256.2434531801264
256.24365266597306
256.243581286064
256.2434779378309
256.2435597478179
256.24281954875187
256.2436937646635
256.24382998465444
256.2440399920888
256.2423900450158
256.2430862572801
256.2437698587455
256.24327076524787
256.2438457082826
256.24294022312824
256.2434007142874
256.2436337768959
256.2440336705622
256.24355497886427
256.2440742666731
256.2434467422645
256.24387420591665
256.2435272058283
256.24299406773207
256.243763000959
256.2436875645144
256.2430294420119
256.2441523802918
256.24369052002294
256.2438642638008
256.2441171726023
256.2439180464935
256.24297125198063
256.2428535316867
256.2437616932948
256.24392482443363
256.24258534100954
256.2434394825541
256.243675332611
256.243197611926
256.2427328126796
256.2442211689049
256.24348316612304
256.2431671667291
256.24414775262994
256.24366046657815
256.2443274822217
256.24246724018303
256.24294465590356
256.2436419973892
256.24329840751307
256.24368265359226
256.24366794252273
256.24354423616023
256.2438250703781
256.24349904880364
256.24347345658316
256.24399477394763
256.2437259503713
256.2429658411711
256.24326579298213
256.2428383334118
256.2442379778222
256.243773448492
256.243736054108
256.24399600540346
256.24364739753946
256.2437060217635
256.24414524923486
256.24354243892594
256.24347181439225
256.2441202101618
256.2436578302295
256.24379902925284
256.24387945047056
256.2428080258105
256.24402981276216
256.24387211677094
256.243595343316
256.24328066529415
256.2424728724436
256.24419268574275
256.242895316449
256.2437730435049
256.2432448643376
256.2436058856547
256.24381055129925
256.2436622015375
256.24339407910884
256.243916766005
256.2434254390828
256.2431258624565
256.24372184069944
256.24372707850125
256.24426851345925
256.24266686428746
256.24411394221534
256.24394308702904
256.2435748503194
256.2429044177552
256.24399542665924
256.2431209429924
256.24434052358265
256.2428714913549
256.24396696586336
256.2440110757743
256.24332451913506
256.2434382465435
256.24382562005485
256.2426614915603
256.2439462056791
256.2432273449085
256.2434729913366
256.24359701859066
256.243999313112
256.24403387443454
256.2435906646715
256.24393478941056
256.24371910639456
256.24396191067353
256.2436393300886
256.2430470293184
256.24346758204047
256.2431708713266
256.24348097946495
256.24366977173486
256.24351409458905
256.244124984034
256.2434962604166
256.2440263711469
256.24395870308217
256.2435114543623
256.2435445259616
256.24384134482534
256.24358446786937
256.2427640960377
256.2441477624816
256.24366955693404
256.243517645853
256.2428525115829
