288.03197407230857
237.07824740556543
249.56186839804536
245.91469036726585
246.7611340668418
246.54316087090274
246.59601360243323
246.5834411848341
246.58650715288968
246.5853994979907
246.58557508533522
246.5860951580944
246.58563007009707
246.58574407925335
246.58477211643185
246.58599931077515
246.58504873613947
246.5855882139067
246.58607928940637
246.58590008599185
246.58520251488062
246.5860045677182
246.5852805732884
246.58555679031087
246.5860976485983
246.58575285874213
246.58564185440991
246.5852569060189
246.58547115850524
246.5858119418681
246.58644454034038
246.58589408174885
246.58554469844967
246.58569222560254
246.58610967805362
246.58571691960242
246.5854898182206
246.5856324845081
246.5856109960987
246.58601153712334
246.58508679199804
246.5848552268726
246.58603252283865
246.5858913052034
246.58590120523877
246.58526332393376
246.58613929869534
246.58599972131924
246.58591312998396
246.5863088947117
246.5847527983242
246.58572573738638
246.58593006740557
246.58584811243418
246.58606873989265
246.58593546997145
246.58510418696096
246.58610155322822
246.58552877826878
246.58579094421657
246.58578590022444
246.58557287202711
246.58576227428057
246.58543232131342
246.58609181437714
246.5857180559724
246.58552767671426
246.58610226424935
246.58567993990437
246.58560517225487
246.58601238833216
246.58579025947256
246.58586292348627
246.5861736783154
246.5857698826694
246.5855684218841
246.58597215831833
246.58548048590455
246.58602877678277
246.5859947190147
246.58555811285623
246.58579003309205
246.58618427797046
246.58594967125828
246.58582721876155
246.5859649176782
246.5846760439963
246.58620676420833
246.5855769183254
246.5851359189037
246.58564436074084
246.5853976797298
246.58543679412105
246.58601796854782
246.5854125192418
246.58622137577186
246.58579173192993
246.58551869181974
246.58473902815604
246.58621326065622
246.58567647395103
246.58535478677368
246.58646628846327
246.58582508803374
246.5858398125638
246.58550862572156
246.58561348688818
246.58592884798418
246.58494086933933
246.58591683800478
246.58566978205636
246.58566714702465
246.58572982011538
246.5862558029403
246.5857755722318
246.58602480183617
246.58559380254155
246.58593937645492
246.58591214739135
246.58611769380514
246.58552183768916
246.5857970654033
246.58551953431743
246.58524394309643
246.58599764418614
246.5856866109607
246.5856121494362
246.58569648541015
246.58590096251282
246.58537936189532
246.58601308278594
246.58444745183806
246.58589873705932
246.58564335921983
246.5858902070613
246.58472802364122
246.5860914308505
246.58508219229407
246.5863926518432
246.58543661722797
246.5857177115322
246.58624029855855
246.58554248885775
246.58568105458835
246.58542853557447
246.58615726129938
246.5859156030274
246.58513640856108
246.58544159472513
246.58560731537727
246.58623024708504
246.5853388525793
246.5857644022035
246.58620704866917
246.58542610475706
246.58525893720798
246.5855440193336
246.58590637357702
246.58650584259158
246.5858746923841
246.58533035664732
246.58609559587057
246.58603351914644
246.58553873315395
246.58593203203782
246.58593406813452
246.58501372401952
246.58534062336548
246.58565622521564
246.5852859437582
246.58584150159732
246.58623550717311
246.5855871255626
246.5856631048082
246.58579228563758
246.585568309034
246.58549617529206
246.58579162605747
246.5860358765931
246.58556284097722
246.58494863644592
246.58601334328705
246.58584777987562
246.585675436334
246.58549811012927
246.585764430798
246.58514025533805
246.58697730321728
246.58556792594027
246.58576903080393
246.5859050276049
246.58622567840212
246.5846711122431
246.5863862043043
246.5857778016216
246.5855370335048
246.58588869377854
246.58588637587673
246.5853277537244
246.5846550668648
246.58587164385244
246.58574754458095
246.58463815956202
246.58634793995589
246.5857022478158
246.58583022558014
246.5846923133504
246.58605909904873
246.58542978168407
246.58550067876058
246.58594424546754
246.58532402403944
246.58596581566962
246.58578628137184
246.5846953204309
246.5862446428946
246.5852789338387
246.58586860387004
246.58541373554908
246.58580406529654
246.58596534667595
246.5852535510203
246.585066558604
246.5865560603561
246.58593635361467
246.5844842144288
246.58571757593018
246.58551831610384
246.58516823104583
246.58606632752344
246.58591073499701
246.58587857862585
246.58625457441667
246.5857661091286
246.58583738515154
246.58592299142038
246.5854333396128
246.58600417361595
246.5855300177791
246.58593779326475
246.58577222687018
246.5856550871831
246.58615819296392
246.58543374091096
246.58570921688806
246.58587651353446
246.58603211227455
246.5855707871524
246.5858707511943
246.58595108418376
246.58598694979446
246.5856345113716
