288.0110607440318
218.383425574184
247.80407796404359
236.31034302440048
240.313185792583
238.82970782288862
239.3554604463966
239.16488111398166
239.23318895436114
239.2094459136324
239.2178195814813
239.2141544324877
239.21622250669134
239.21460815434966
239.2152734943047
239.21528314024727
239.21510456431224
239.2142838493428
239.2152889766803
239.21526228503262
239.215779407612
239.21526626814466
239.21494765064017
239.2136635298466
239.21601853583525
239.21565560157978
239.21459170803428
239.21570337973753
239.21524456308907
239.21550218936682
239.2158691575969
239.21433964119387
239.21542069365023
239.21533976247702
239.21538543788483
239.2147061356991
239.21572518959147
239.2151089562376
239.21579408266007
239.21527308844452
239.2150031155379
239.2156388958665
239.2143208568359
239.21516056758264
239.2150057868912
239.21472632282894
239.21481227464756
239.21512166246976
239.2150166208594
239.2150753091737
239.21489585304516
239.2155264452922
239.21334176546588
239.21538264271658
239.21472165789964
239.21569838814685
239.21501545075807
239.21550169388138
239.21490309525325
239.2148869662451
239.2157081335863
239.2153895315314
239.21531994242832
239.2151213950856
239.21502318084458
239.2156037572022
239.2150327542986
239.21552862198223
239.21593918041253
239.21502674440853
239.21528370417218
239.21466360457634
239.2160924180571
239.2149530985189
239.2157060125537
239.214030054638
239.21592317166142
239.21472262177122
239.21554950366044
239.21533373324564
239.2151994781998
239.21548298105336
239.2154241602184
239.21596982082337
239.21493669504343
239.2150367287395
239.21477318674079
239.21529328090037
239.2146918276012
239.21614429639885
239.2147355023335
239.21550048886274
239.21567399537162
239.21466282609617
239.21545496470935
239.21515088032902
239.2148218458533
239.2158138881059
239.2151055198483
239.21564543721615
239.21559076128324
239.21479275164165
239.21528868236055
239.21534431810142
239.21547416551766
239.21558355265734
239.21479470425402
239.21578658339422
239.21535335327644
239.21426056774362
239.21593111710536
239.2147424716386
239.21488727785618
239.21585388830135
239.2148535165834
239.21560188761214
239.21495204379607
239.21517167833372
239.2154418973514
239.21507917496638
239.21582040339854
239.21541131189588
239.21517946758104
239.21505290126515
239.2149556542936
239.21564624072198
239.2152074751575
239.21481057286292
239.21384711576684
239.21597393037518
239.2151969914412
239.2152136165896
239.21581887943466
239.21437929184322
239.2159210575046
239.21532492296683
239.21509500884713
239.21518572070636
239.21566379135038
239.21489283924166
239.21585109205625
239.21518403400114
239.21552697889274
239.21535609199782
239.21529094863945
239.21480952926504
239.21558143750735
239.2154157312325
239.2146790420884
239.21569900488976
239.21554107055272
239.21456674989895
239.21500582806766
239.21553653547744
239.2147912946093
239.21632540219434
239.21416447267984
239.21619066733547
239.2152941070235
239.21536421217752
239.21542121166567
239.2154951165794
239.21509194323153
239.21374368856777
239.21561414008465
239.21510793110065
239.21545308725035
239.2150676221936
239.21590676241613
239.21438168442546
239.2158813080241
239.21458405224985
239.21555001079832
239.21496800563182
239.2134664890691
239.2163449387299
239.21511858369922
239.21507165284856
239.2147018254691
239.2161502941235
239.21535622808733
239.21511390880914
239.21452828036854
239.2150366997521
239.2151537368918
239.21486278479279
239.21492265866254
239.21549224297632
239.21485269379627
239.21527134327334
239.21397967473604
239.21584156580502
239.214784423908
239.21507426215976
239.21524261997547
239.21568447457685
239.21533164734137
239.2144772916945
239.21512875116605
239.21558046757127
239.21457696139987
239.21591932495357
239.21496958850184
239.21580530400388
239.21517853302066
239.21476411969343
239.2155209481134
239.21513220742054
239.2153497129766
239.21535424765898
239.2155375197035
239.2146784857905
239.21609308310144
239.21523687844456
239.21551631364855
239.21529138473852
239.21513025992317
239.21558437780186
239.21547751917387
239.21494305547094
239.21534786176926
239.21470029465854
239.2160607847036
239.21510829619365
239.21583147674392
239.2147434741637
239.215485727982
239.21501615406305
239.21572138137708
239.2154550858977
239.21341523207957
239.21598487407027
239.21473060542485
239.21576407826797
239.2150825431745
239.21520932791464
239.21386894486204
239.21620215581788
239.21517718698306
239.2155917432683
239.21557775654946
239.214582228582
239.21510543709155
239.2156205952051
239.21516519413854
239.2154085795337
239.21495019673603
239.2154135562305
239.21556073728425
239.21474687141017
239.21523036454164
239.21515673717659
239.21514808636857
239.21518620909774
239.2155297119898
239.21542460059572
239.21508394503326
239.21492996667803
239.21540523818112
239.2150795450434
239.21429010474822
239.21592678243178
239.21512877408531
239.21388612274313
239.21580443691346
239.21478625229793
239.2158536959032
239.2149213286757
239.2156195610005
239.21481693261012
239.21551108382118
239.21544532365806
239.2150331098237
