288.03264178734184
237.49516190289717
249.6853513586376
246.15846889152658
246.96670667514582
246.76138114852847
246.81053303459066
246.79733229391059
246.80064724906424
246.8011740477791
246.80070670611894
246.80138677444938
246.80080340475433
246.79988128152763
246.8017489644135
246.80104622641375
246.80064375578695
246.8015456946132
246.80105586704303
246.79906565912097
246.8013489209825
246.800530803961
246.80105543139507
246.8010494802329
246.7996368497843
246.80155793109589
246.8004933474731
246.80143687572308
246.80043182758163
246.8012052960221
246.80094264825857
246.800583055885
246.80056709455312
246.8006844087049
246.80119781864414
246.80068776336338
246.8011541200758
246.80122445835877
246.8011971174601
246.8012678402538
246.80049550641706
246.7997422005792
246.8012330952115
246.79934510171734
246.8016227340304
246.80097815793488
246.80095272172184
246.79959250262982
246.80171863957003
246.8000353869611
246.80106398296266
246.8005665610399
246.80096712567683
246.8006658806953
246.80066267720758
246.80131448006796
246.80061780878896
246.80097686025692
246.80109978655673
246.8010792596724
246.80117070680353
246.8013246015471
246.7999354889289
246.80102698100382
246.80088122353118
246.80118593599764
246.80136337651857
246.80061401809508
246.80085499732377
246.80118729957394
246.80002327102557
246.80179665283868
246.8008910665667
246.8010148553185
246.80092366324607
246.8007107131525
246.80002280174085
246.80073551180976
246.80048966598042
246.801737513415
246.800426964066
246.800548734911
246.80158217857024
246.80065695073426
246.8006400669983
246.80058287552674
246.8011603042396
246.80080393834214
246.80107736305217
246.80083224325062
246.8004156130046
246.80118535294605
246.80013213169877
246.8010096374055
246.8009849391383
246.80034260090906
246.8011903249644
246.8004805445089
246.8013612352952
246.80027581819013
246.80147135552397
246.80117684745346
246.79963565062644
246.80146052705095
246.8012512494388
246.80060333974689
246.80146694436553
246.8004841229049
246.8010536147267
246.80113093931868
246.801342695966
246.80131660521874
246.80079464253504
246.80114519043127
246.80121757237066
246.8007712567778
246.80052289914602
246.8016739441664
246.80057943253632
246.80104347464658
246.80146423791302
246.80108754145476
246.8012302638017
246.80093427273096
246.80090628346807
246.8009264930588
246.80048496520612
246.80082580247108
246.80142210733902
246.80004314719554
246.80127646759502
246.80053510946163
246.80083959014883
246.80089135462185
246.801133076915
246.800819638127
246.8001198230122
246.80131680329214
246.8006353509918
246.80098832133808
246.80108724021557
246.80140337810735
246.80092619579227
246.8007557560777
246.7999951364036
246.80036904010922
246.80035595650406
246.80132931036496
246.80052914792032
246.80141956035368
246.800963116606
246.80119902943989
246.80066060058743
246.80118856552872
246.80106708676612
246.8014537654526
246.8001571008208
246.8013736350913
246.8001768757531
246.80087796613225
246.80077641292883
246.80135802421864
246.80083569470298
246.8012025141943
246.80039017526724
246.8012725415756
246.80100264548673
246.8005007806205
246.8013848751143
246.801029083741
246.80113932323002
246.80112273788836
246.801204365358
246.80082241262426
246.8007195435348
246.8012365388422
246.80082603440678
246.8007204229216
246.80123625441047
246.80105032134452
246.80102868571703
246.8013448904385
246.801126459206
246.8011528164934
246.80075848207343
246.8014712658187
246.80037972649734
246.80011889073648
246.8012849676452
246.8005144783965
246.8010376299644
246.80084336198342
246.80096583389968
246.8007804123772
246.80000601540087
246.8009854998527
246.80073559975426
246.799900667771
246.7998611520161
246.79951854822866
246.80177768292197
246.80113975908898
246.80047336264397
246.80106054709177
246.8012044722127
246.80089686188148
246.80191708281927
246.80003007683263
246.80082374165067
246.80135301190603
246.80006220945506
246.80005941820855
246.80164598190458
246.80101775559888
246.80057902971748
246.8005130783422
246.80154420969484
246.8005954369437
246.80114845212665
246.8013928281871
246.80111888259125
246.80154564236
246.80002594269172
246.80170343570353
246.80059979580983
246.79927221382968
246.8020031611086
246.7998036754434
246.80164515480283
246.80104439104616
246.800840975935
246.80075916422356
246.80020184154273
246.80133612136706
246.80132407731435
246.80098401301075
246.80102191693732
246.80014872655738
246.8014696812752
246.80071511112328
246.80133458833734
246.8011630215915
246.80092181896907
246.80133850654238
246.80087847288814
246.800665736082
246.80125158381998
246.8005870203342
246.80127285838535
246.80063593469094
246.8008263187803
