287.38970914046604
200.31717374359465
227.3681932388547
141.1658618938626
252.60421589426005
68.13783443510488
225.03711449441926
188.3571385261357
222.40222231293365
245.56211472705309
80.36079260117776
228.2961583710212
132.51047832414497
19.20884122295729
262.44039104908416
51.23617092202949
239.34003800388382
96.49547213347887
207.31023552630268
204.532337074902
15.625481327431771
260.07261394879606
54.556551138301984
238.3717759206611
99.34354355412324
196.18953095155666
221.97805595186037
246.219175988831
79.39356314389988
228.9688516188653
129.21920313044757
27.07748142707169
260.94765574882786
53.095571172669224
238.51233955824864
100.74961854483445
183.79314470981626
235.7683474214482
132.26253765653564
208.683866364001
229.22183959138783
115.43720088091322
85.66398364215092
261.0314493473288
54.50371844494475
236.64182897995306
116.00854651890404
240.66597095295583
98.54597094771634
166.0427425971393
201.7712090736859
223.3972321986039
186.23434333994737
234.23132023785183
121.84456539337953
72.14328814571309
229.82156481616585
243.84557879298154
84.00657446804144
221.72599291780534
187.69133468464497
232.2980534229555
136.6668352656634
229.38434075889745
153.77280043660903
181.2806216523495
243.19506484583326
84.05757989210906
226.16699425522165
149.66537647971563
251.5289870162378
69.16750338492056
233.68746959568307
113.97681225734777
89.01182439235345
262.63399945707715
51.06530536006176
239.378424556744
97.3742249339557
203.4626308014158
214.52305154888745
247.63490825011831
76.8116496606599
230.36424056040414
124.21989235908768
51.46213400461784
253.78401292507988
72.52915358847167
262.5474003900308
51.01760630807985
239.33096038597796
96.7406233885522
206.3141775659169
207.25688539771
9.542644463021134
261.0955655108519
54.70434652892072
41.53714698380645
82.38785500329323
241.81196669126075
89.77751712423196
223.44474262345102
155.77199929269045
236.76688694100812
242.64644824654533
85.68261506195995
218.8639765130647
201.04056359264723
215.36413390981397
176.3959053814142
243.35750145219572
82.63553545956529
227.21227694793197
137.48438486819214
11.273026124352327
263.50902381684864
51.786058899273485
43.92613414540392
248.66526968562903
75.17978978994506
231.1403008503039
121.63952707118005
59.171926553186495
245.68106193423228
239.724798178333
90.88266693977857
219.97988535624245
163.8440454161282
248.05970754557347
75.15398383673892
231.265066651511
122.32487517291884
56.715314878576464
255.42087935812378
65.35090849765766
253.55889796862175
66.04940340295434
234.33611544163432
113.16616051078017
91.03838620177339
232.9322562061716
190.7225054272203
194.03908438621875
257.512832732049
59.17227567745431
19.497248014806246
170.4964336129051
269.15349627567775
43.67431120655965
58.461448851689056
245.35300012411608
82.04629754029884
227.6534365795742
135.12122855514463
15.20701817144436
262.8230805018975
50.997821217366436
239.29025103728782
96.54774471683777
206.94250395394192
206.04205939260282
12.143097394800861
260.83580917487416
54.32571951110731
46.87005768407107
53.172120824834565
251.96020309143933
70.2319972401092
219.84219683058473
260.1197466402082
56.09896777554968
36.06397552329145
250.49882809378323
71.67678497528686
231.97390178230125
121.34521913175558
58.71560303893784
259.5412598489711
57.01241565927921
40.37077166326344
75.495289335282
245.5524291836482
82.81175743923814
226.77115506042173
148.5736855086143
225.72572700990713
153.39135473853094
263.2992721643386
51.83053726595972
44.29277141742932
248.58536236200598
75.31734312568733
231.07468431881716
121.8850635445342
58.39493963262794
247.0580676585887
239.2637736597244
92.2963088109027
218.0475258478764
168.45273183130485
246.91641386172705
77.32043505971524
230.25294558073074
126.0702169121505
46.16116311823134
259.03523635926103
56.38007776901941
237.42630422152433
104.56531037647801
149.45893532935588
251.51230634930107
71.95389296398935
231.59968175640824
128.29761880948354
44.965759833583434
248.47559087242553
75.87098517063714
229.9611345448502
132.26871491172642
39.32346861908445
84.79514573752385
242.0304980929941
90.26019960032863
221.28955220586067
176.88289818027988
114.42227072235255
258.30972550874867
58.15084388427931
237.28783806459978
103.83913993352326
162.48037377354922
244.94289616044261
95.16407021770283
246.8924591768373
82.0461104419519
220.87953099505103
196.4835535292441
223.07078234581422
189.67384852735267
228.97337125478225
160.9660008302526
245.36319857765193
85.09694859371666
222.39662055807275
175.36508430018876
113.86859321414522
242.08308136529376
103.62431158719119
241.4366464124323
108.63907109836873
214.65718426916283
224.8525400522558
131.70583131366584
24.00930668239016
246.88543756035506
241.78325664227305
232.42839841878595
127.84205465357809
236.87421647063456
105.65471727952536
148.08804993548256
249.80423743067513
79.62619664715749
251.8858994507391
69.17449078430946
233.45690421142353
114.64645766825561
85.66027996152116
263.1671230581269
50.21503383651725
239.62298488664237
96.49545991487685
206.59941194688145
208.47009471760248
3.6883210926971515
246.4413073858159
81.75726186697284
205.0501548433167
15.29224984918983
259.24386556119134
55.14462378204189
237.87647889295476
102.20184706814325
173.60056265150342
240.99768102711096
108.15254449615895
242.3579285016167
97.44252437454998
247.42683264349762
78.39924125124526
228.72786897196784
134.9726806689141
12.587260456100921
251.80247825707193
69.13887500291457
233.48007307788066
115.80662432221288
79.09563236554095
241.26807956659468
240.87591928703478
88.80713723183726
221.1746292909811
165.00290425974526
171.69116428439156
247.06009371315304
78.07164911313157
216.26754380318744
260.30399516508623
54.620949913951335
45.58432932522555
57.576175322406925
251.0606560810993
72.4182463819161
218.2929858717398
260.18793312003254
54.51802800294536
238.26085341950238
98.7309598755819
199.28744398658455
218.34298675281752
246.7777690364892
78.29625633891555
229.42807043346693
128.82867069885833
28.23830652545439
261.52537043545453
52.34931387047982
238.99733527908393
98.00156733508629
201.56756073524593
216.3577394647873
247.27244011314178
77.40615446651645
230.05099779488228
125.48591882773326
47.75532074156217
256.6849095015641
62.30476518216892
254.43645108718192
64.32981873879908
235.21194094711973
108.9056961988681
121.43031462089857
256.14856689034787
63.80118901056994
232.46499902901996
140.3741373502271
193.22569491875765
257.59490855631884
61.19912856572773
253.64293964892568
66.21815163736755
218.1755965737102
261.0902638742991
56.600682544725714
12.844705799929216
253.23177600619965
66.99011970155698
234.15219740383327
112.12471007856948
98.82649737878819
261.14274405816104
53.53503975314379
238.6260158445948
100.02777977929509
190.3736113778432
229.93324136469164
169.68440184516658
239.49395014961192
112.49605920779868
240.10897605170612
107.48384279504535
242.39846025621227
96.80831144619151
247.6568040568236
77.7632524366054
229.1951501947333
132.34581977300695
18.51164878992131
248.89950143478927
79.22235380481288
250.26583241057233
73.59974791185232
228.9515292537253
149.11089489326696
215.0116533145483
212.16142572060926
191.12577598076314
59.540273255930515
264.550305053388
48.03601139168313
240.15614439621277
94.58152051594516
211.9237526516954
195.68291919515468
48.0195237898879
242.8701713389164
241.83434278676577
87.3970989024674
218.5227065186773
199.6081507288909
221.72656537377043
191.68966379124322
228.43448629506747
159.52972201642115
160.18782356200973
260.0560277302575
53.765302317639
231.76646688334586
156.60340782006097
244.03490226223948
94.93489864291041
247.74164966732496
78.23335788621625
228.40179965647985
138.9195480260678
253.05201982497238
67.80046650809527
222.20628099028545
245.4892089410132
79.7592387785262
228.90944175863115
128.37803457680275
29.471354191802675
258.97595159959747
57.2886636845069
255.74943371910194
62.379173514200374
235.86128697813547
106.23251008530497
144.56441620280384
