287.6482120876132
241.56782401758142
177.237369054086
67.3000027881966
116.54191823627366
247.51654687003906
149.7864218101413
213.5564002262497
225.0902590047358
219.05439715763077
219.47051965599167
222.3697765275383
216.7086709903897
224.3159602357946
214.75019048706554
225.85439356444294
212.82443316932677
227.4393055977398
210.47518989965192
229.33857787680518
207.22065938444393
231.8141209512769
202.19293812006435
235.28050740961226
193.26240636105467
240.5089005951677
175.20854882440472
74.87126314333727
253.8538390210024
127.57217759880405
233.75788441525037
197.35228230561006
238.72389317027955
180.75350936131144
59.126383052573146
151.86778148270605
260.12069780208367
100.8269650534512
246.43134048035063
148.1353290306488
215.95464515252752
222.0420216990533
222.40671693951845
215.0813882486782
226.59127663563777
210.47872345714313
229.75456132582985
205.70018013310982
233.07606477541412
198.777153953557
237.48806285699175
185.90401051919798
49.20673223513586
217.1792853423358
226.90307178739022
213.32130161105852
226.92392335818477
211.71520056236477
228.2281208596014
209.37045399520503
230.14817693450095
205.77766406013689
232.83000192520194
199.88337844618582
236.7343322175875
188.7719491301068
46.30675106176932
219.83045324258273
222.28277332755533
220.4343924783352
219.11522149824668
222.05233324288565
217.63826951763986
223.15424777763474
216.5273838856774
224.10150164136212
215.40311714442942
225.109006054754
214.06452440653447
226.30212125510297
212.3394781492534
227.7852858112892
209.99012408376075
229.69814929505083
206.58648789526706
232.26563788773637
201.1866627146046
235.92359043034958
191.33302250979614
48.48049439238093
209.21121066749765
230.83463635782755
212.3493622178794
226.09987979197467
214.84276639570817
224.78816501450638
215.3552275154616
224.7894744086443
214.87340852032503
225.43118813848196
213.778711554638
226.49086507788888
212.12815163547566
227.93777758838405
209.77042163543229
229.86123074397256
206.29139310363826
232.4740713271276
200.70873601401763
236.2241881846494
190.39950707416574
46.00441870097711
218.12168279867547
223.39985044574496
219.92785571673812
219.2501446814349
222.17960514613515
217.2813813169705
223.60614891423756
215.85443219860463
224.77826738629665
214.44056633744913
226.0008710128168
212.7522329085332
227.45003597692994
210.52588335419568
229.27819264715072
207.36581236279017
231.69917150121182
202.46777456936252
235.0984033862478
193.80672876776225
240.22712426081853
176.2145911751286
71.5311876337073
254.62813740094862
123.42109844255174
236.43973805522546
188.4151570032991
44.692350045384956
220.99051206911827
223.04863496687904
217.4067940089808
223.50009680083167
216.16086498796358
224.44243253939203
214.95865918709023
225.51178151766362
213.49504322494613
226.80146926468296
211.57324302561756
228.42404333287413
208.90405746489705
230.54196234107803
204.92706239484687
233.44019721102813
198.32822257530643
237.68279335724947
185.53885773293587
49.86957037833781
216.40891583871417
227.69406703340064
212.26316335278534
227.80324477919203
210.35763809178752
229.31999974156497
207.45805572801328
231.59059358789818
202.79686540989496
234.86444564758858
194.5355702907109
239.83321593142318
177.6991611034464
66.96962872302538
255.59259872152325
118.54398686280183
239.15563146940258
177.80201610767108
68.25340515709831
254.2376083025738
130.34052916678047
230.28973011015478
209.3117046307525
229.83391715311154
207.56540053401113
231.28252421940124
203.9654434505137
233.98333789235767
197.25187754922808
238.26688481254678
183.6874481556515
52.9674422353346
208.01948533557152
236.06999038018694
190.95924430340528
42.22216188295715
223.08425645637908
218.4803629550588
223.63787460418826
215.51959793885908
225.32748775211076
213.45374197370984
226.9543590997273
211.1872449614748
228.7858443069781
208.19519836869586
231.0984583129757
203.736127504686
234.26210547333903
196.14009595064272
238.95594235923636
180.93367942599434
58.58078789905994
154.59518351557927
222.46474141872022
212.29213145461836
259.62840396087995
107.55904193021706
243.18539956027234
166.43168073225388
116.69028360091761
225.6248567906223
257.5816397431845
110.8506316957355
242.12461749296926
168.4202476006394
107.55288387210749
223.89006230248197
247.40148786302598
193.71410449740506
234.01860057185695
209.92268688676995
226.68750742102566
215.40772938216105
223.64902446439373
217.3439471527381
222.6140506923548
217.8755392239109
222.4399972303363
217.79991986545792
222.66369391382614
217.41173434554366
223.11011446053453
216.8053225823969
223.72847247363825
215.99018456146587
224.51976426623878
214.92427602855605
225.51325431089208
213.52462526611635
226.76372761632956
211.64567002859258
228.35952101141447
209.0223011065682
230.44922538752144
205.11835172091378
233.30655585096974
198.66967376905086
237.4785997177678
186.24758522257616
48.87309460702818
217.93004068351001
225.708854461569
215.46259565222135
224.79776988689264
215.00496432297223
225.2839007636794
214.0276135787135
226.25718455814058
212.49837616794684
227.62069767729554
210.30568815932202
229.43646173353773
207.1007804909459
231.88616744836327
202.06566824374022
235.35712370114925
193.05717622824886
240.61076825257624
174.86650663602632
76.04474941286026
253.5735105106869
129.10150907542265
232.6649146804557
200.50413788108563
236.83634310626076
187.54253782631713
46.67369283661537
219.9683837123157
223.33990923906094
218.1934244926524
222.17506525455974
218.26213674370956
222.1489449768851
218.0810776041326
222.41629893766367
217.68583425827092
222.85128339777293
217.1202320160519
223.42705900444707
216.37600557114638
224.15411791722
215.4170837407728
225.06081027047185
214.16971107656718
226.19500372016046
212.51705992242205
227.63008259002527
210.25500596387428
229.48639921854192
206.99046459275996
231.97102861963504
201.86462666750595
235.4890429584484
192.6574166986975
240.8074319276202
174.2361380877992
78.2414940726303
253.04985288110038
131.93428073522227
230.46360083429317
206.03020538584678
233.1472707704088
198.67416128929472
237.57074192327855
185.58824986392574
49.65896447964769
216.32635384322202
227.99900399731996
211.37797732856416
228.66746146796504
208.70459125572233
230.66207416227553
204.76544336271763
233.53581560627208
198.12998647069617
237.79372691629396
185.18110923089262
50.421391571871936
215.39618174379575
228.88938396732556
210.13190798371215
229.62856942664075
207.04787942548865
231.87928825133713
202.2081605426356
235.2427090465062
193.4714576661063
240.39227984556055
175.65465158408915
