287.6988272688499
246.6773438617787
75.39493264962118
230.1474197742897
123.77404086090678
50.81835110468455
246.52187398775936
75.94307078631618
229.32293567501688
131.55021916904798
256.03799843739444
60.32556566171206
235.9774628511691
100.2336469765687
184.22289309486177
233.64975147490122
139.56100936631356
250.6949378118843
69.48782539144759
229.5494861863972
144.78084936617142
250.2045702280684
69.35614359311239
231.62933015020826
123.8922630395582
257.19631103095344
58.24985659487356
236.58525451650803
98.67089951526941
192.92434232304822
227.6489958643324
170.33427955233674
239.25290986740947
104.8324862540776
259.74198457601597
53.54474342387948
237.91946149247087
95.51201658153514
204.6165112016588
216.4399796865382
205.59454383423508
209.84245273051602
216.10980104592818
179.68884551933843
241.0436441294114
85.67068683834987
224.34757305059793
149.210125048814
251.7431290100776
65.23372831103552
234.4815404917499
107.17306421873764
117.73590942689589
260.35617676133006
52.76756234887398
238.31064731851984
94.53127614700315
207.59576995433417
211.80922884533356
213.96803340082442
189.23386211369325
235.46904336153966
100.11034554599246
189.97561894767932
225.54422488075943
190.83517723092154
218.3556558826167
209.14703636773265
181.00732877790142
242.31254278490815
82.03376230857975
227.25706142840136
132.9153438371286
17.031506889161392
251.33665074606324
66.37237927697424
232.85203520708092
119.08230521040969
258.04572066858964
57.204241995608754
236.83324806250675
97.91335847779919
196.76828545726312
224.03662708355478
186.5453827864476
229.35361760988962
155.8600908038643
245.74148541157774
81.40589244568764
203.03668130698497
230.23566830138589
108.3666319962067
122.0942258167197
251.85885421315106
75.14874433677687
262.66677211427304
48.079960901995946
239.3333784103561
92.70705722468483
209.78717611425236
211.52173344572293
210.9153464844203
205.01361505261957
219.47785312030464
176.48849135910132
241.21532251057943
86.67024519772531
222.45700123230563
159.47620740710772
249.450469191288
70.18945500965492
232.95796512871675
109.79901105515091
107.27990455017425
259.8078190783963
52.33014261144126
237.88338334163927
99.49459614359512
151.50957186065352
271.6830099166218
249.2379812602303
69.98458918188044
232.56243149494912
113.03915278892237
85.21389401383567
265.3963865607002
48.639133705350105
238.91026484497343
92.32198626675017
213.79659808612996
194.90162467900882
232.39377348968628
109.67016182369844
112.30358129110755
257.2252602370136
57.90746331697301
228.0178867686991
174.59857128332078
224.74456427529367
199.08495419270184
192.85223079279967
237.6406819079566
91.87198977688968
217.7475803506386
174.00944353003433
245.11928774490661
77.71165906017995
229.79273089974595
120.78905375534669
58.61346104466793
267.4987909228803
44.21383608862379
240.1833607953231
89.42420067251078
217.99195142724784
182.63152863609866
239.35250841970992
90.41144480896764
218.88854459946015
171.7915523867996
245.6165192049375
76.76254979068472
230.23951074524666
119.37390143737139
62.96900236840884
267.07384863487823
44.41337958157237
240.17693708832667
89.50464630900387
217.78385189249093
183.82298061576148
238.64155178247165
92.32819146678958
215.8648302507354
183.38870804757607
240.44278215734084
86.76115981348994
223.69514925965632
151.30935692134517
251.28144980013894
65.89768518647179
234.1248843147332
109.0932844386989
102.15414829018846
263.66568463583826
52.60442105666152
237.6606837752115
95.29078591215512
207.3803177285954
208.35851584780903
220.99384469648066
154.81051406717597
250.2452909203057
67.64041658403585
233.68782406842365
109.54062675045861
102.90845694475865
262.9164559499186
50.11129457465722
238.8340224686399
92.80817179055157
212.31706275386387
200.47507032955764
227.56025722639606
129.03967741264205
25.701112374241347
234.31200086210447
165.0634292773757
217.9707604147261
221.33561955987534
135.2286529534249
20.367698730595293
268.940835259491
40.44826459600881
241.3167136140837
87.18365179317334
219.97695500868576
178.22272220150626
240.79438264490454
87.77930512787134
221.37122867912694
164.6889591437066
247.70642038703954
73.00335834794532
231.8756939000814
113.73613931937143
84.7778362325189
264.05221823635657
46.325920002120256
239.88791979462258
91.14534440651187
213.53783815004135
202.5991552755877
223.25383816052636
158.1666703677256
248.95757024572958
70.61292773221794
232.72957506037346
111.38354495420208
95.85738090424275
262.6986527828485
48.20541335205053
239.42852915110416
92.45404169135145
210.59943733067485
209.70929179203085
214.13271209818777
196.37177130450436
228.45935927549726
131.61689893669973
38.9071760494262
249.16106847132323
70.1971210038173
232.78967900908174
112.16028704289783
89.92105150459247
264.5248941086684
47.90912289861444
239.34760470104084
91.51930200232164
214.72543844945176
193.91116629771568
232.5825569924782
110.19775205537735
107.25389628025732
258.89371255752485
54.221125627707806
236.34988132926082
109.03815942240908
259.30214286952105
54.68713246668631
237.5731124195736
96.16440164862433
203.07065719466482
217.69118496288138
203.96077064379642
211.17773689514433
214.98279320301663
181.08320863745757
240.69530378005584
86.2133694015647
224.00135148387926
150.48912091206876
251.49138366797706
65.57989040359098
234.28179295710288
108.2977630453097
107.99792173916649
262.68046122523083
53.133707380111446
237.68949996196898
95.31558521671104
207.14557262486778
209.1329912777437
219.90608218158013
158.9027998735546
249.35325676822686
69.409366488675
233.2170523548266
110.06175184254244
102.80589152878383
261.8177630659047
49.52825563384977
239.10560138324217
93.31053973259986
208.56421684205998
213.4180668006884
207.77938872002414
210.71426750441606
211.45242705194687
202.84895663318457
222.19118415169942
162.59647572682297
247.3501186517242
73.42415813636035
231.53145432227757
116.04265500954352
73.69104450692248
266.4953993727686
46.85238436792861
239.38459256710485
91.18872796940559
215.68841760516807
189.47072027732793
235.8294316664833
99.35841425243416
194.50085568148643
221.4240370808111
202.97424241152476
199.50952431667247
231.70615766149422
106.20432786794845
140.8371765313641
246.92971117743582
92.56724545620091
259.30016967530537
52.98098327558546
237.46118851183564
101.11723624700971
134.4079524093977
15.417978505167412
270.2607765572902
39.61750306903559
241.548492074784
86.340975408355
221.2773440321762
170.59554034208122
244.52074389766494
78.98880463992828
228.6763585305307
128.29511548356095
38.495247308543185
248.8896696280135
71.19253195459896
230.93378643208416
126.98736004566308
256.5816667856416
58.94562412564119
236.42888286465313
99.19988956136513
189.81907807463722
230.2709560982039
156.06820028125367
245.49001142461202
82.80828676515375
189.02595754683716
267.60594194877194
249.52562955586473
69.38737592601683
232.74978353705956
112.24747469442082
89.09405534579128
264.759334641014
48.245794631016906
239.18183368498285
91.80737662268803
214.4318899439677
194.05877350625815
232.6903726994933
109.34154242524528
113.93784067136585
257.19103795797855
57.814212486104225
231.6926411348977
145.9889861231204
246.52958733071864
82.9881170658191
262.80192191801325
50.59523977607023
238.50664486543974
93.50904255422938
210.9105378924869
203.42623802008166
225.04678371027694
139.21928820687754
6.299149415179272
251.71013703577046
65.26153316246928
234.01449450483778
110.86049465883116
90.00729572278215
230.59005123956013
127.12462780960777
41.900340805223095
246.85827405191958
78.02296029368881
263.67730746103916
51.417223280033795
238.01924063893966
94.4182915588899
209.41138773986313
204.96742414280016
224.2950860455603
139.93419772594643
8.796437027762295
250.56380312977126
67.56962612905772
