287.98466864924995
121.88184738441441
264.94253773039054
200.2932964655356
244.75831512098785
220.9873613266666
234.84069065827453
227.13732054542197
231.48245773188228
229.04734250817592
230.4154742066612
229.64792501580177
230.07940216362204
229.83687485951486
229.9734557034344
229.8968163057716
229.939325512888
229.91515401518245
229.92878780129286
229.92169809474944
229.92523123442606
229.92331755803843
229.92493182595808
229.92246071179488
229.92591726612682
229.92307970773072
229.92420525552916
229.92410685527466
229.92382084714336
229.92437582056482
229.9243287965637
229.92370111970922
229.92529417235892
229.92343831142898
229.9247835798269
229.92441272863653
229.92424740592287
229.92394161449374
229.92456910025794
229.9239369374227
229.92414500831183
229.9242357857529
229.92435799403393
229.92386397585506
229.92502563667222
229.92395793595279
229.92468207357524
229.92214614827026
229.92556686122043
229.9232337747053
229.92419695668286
229.92431962965202
229.92400944845576
229.92374285857295
229.9242859134647
229.9234904601508
229.92394255530962
229.9239943356697
229.9237506165482
229.92442632793245
229.92402417960693
229.9244611565482
229.92410981821376
229.92424908031535
229.92409644670988
229.92425045596246
229.92306391164675
229.92478258960546
229.924230789602
229.92406132265387
229.92359648903948
229.92472550658204
229.9238775614649
229.9245161687286
229.92430632171818
229.924086455223
229.92327827554618
229.9248697740295
229.92315569607308
229.9249021335745
229.92441196235086
229.9236755700149
229.92257826678178
229.9235487729129
229.924911111877
229.9237808345606
229.9245382579429
229.9239948878785
229.92405345044972
229.92455112692187
229.92418407836522
229.92425296134024
229.92285812663613
229.92390265709037
229.92495074385442
229.92365994867941
229.9245096918894
229.92404427166912
229.92396849884972
229.92352839317027
229.92488430019876
229.92401869224705
229.92508967958565
229.9225620839934
229.92277655407088
229.92442393197416
229.92372507329856
229.9248866480266
229.9231157126851
229.92419535438967
229.92401468717435
229.9241569539663
229.92415625175636
229.92407260141044
229.92376191223593
229.92410505647422
229.9237532314728
229.92419199768483
229.92353918420122
229.92453657565056
229.92320747063786
229.92294047787436
229.92513939690252
229.92390858505678
229.92397583184356
229.92398642028274
229.9235899171399
229.9241949598363
229.92447773025924
229.92428729100357
229.9242546154128
229.92418005805666
229.92390160263312
229.9244453361316
229.92403741279122
229.92393246239226
229.92385153393116
229.92432136096613
229.92400104903209
229.92379980385158
229.92426857788087
229.92368146649824
229.9245349870107
229.92436989813723
229.92406862792268
229.92444279989286
229.92343477853137
229.92484743327805
229.92411887674825
229.92414363508578
229.92444239001634
229.92375319030543
229.922765246396
229.92495481013611
229.92364329607517
229.92487082204025
229.92382545892906
229.9247214456118
229.92371570306568
229.92264436685218
229.92419196187984
229.92354850999254
229.92422755908046
229.9243942357789
229.92363417916204
229.92327946829755
229.92474910130113
229.92416401565424
229.92448893093388
229.92455471590802
229.92438699073682
229.92428483109688
229.92483663236635
229.9241450815971
229.9242696858273
229.9244358448268
229.92441279618652
229.92345643353474
229.92467392151593
229.92435981896415
229.92417464430764
229.9240938327057
229.92448310923646
229.92345475217007
229.9253324208621
229.92376878702635
229.9251164682064
229.92391353031417
229.92365969407547
229.9248720648975
229.9242347612526
229.9240675897454
229.92496874138305
229.9242110351115
229.92277768751956
229.92493793697213
229.9242881704049
229.92425557828392
229.92444340606744
229.9236351524596
229.9244545352267
229.924322248713
229.92423383273126
229.92439140818897
229.92374337877845
229.92479811396333
229.92351262936427
229.9243928796932
229.9244215760118
229.92425175663084
229.9233724733058
229.92483129333414
229.92466919275466
229.9235200699477
229.9240796098311
229.9241813915578
229.92391950481397
229.92419959987456
229.92427863791818
229.92409925510583
229.92278136911045
229.92485433221736
229.92412899316696
229.92378787029884
229.92282242893998
229.92536871269112
229.92332599240763
229.92449653275253
229.92371629690751
229.92436695336073
229.92432042377186
229.9245402122906
229.92351715030964
229.92449834317085
229.92313480867597
229.9250843248883
229.923500736375
229.92428687518986
229.92443504910625
229.9237524803466
229.92491494496062
229.9235913434386
229.92445624056563
229.92290030498407
229.92504904227098
229.92298712712363
229.92523742461344
229.92343013148638
229.925014218883
229.92416988701734
229.92394274110848
229.92387334058003
229.92478099071013
229.92388083554397
229.92429828669992
229.92455311949016
229.92420162269264
229.92352092837973
229.9238357287104
229.92428078970988
229.92380122136092
229.92458280893334
229.92414805814042
229.92445176583715
229.9242293608113
229.92370212438982
229.9241622487025
229.92294655959995
229.92443392053246
229.92258913686965
229.9252158363961
229.9224944582238
229.92493169513182
229.92360297002597
229.92396936206205
229.92203369589697
229.92536062751606
229.92269484551798
229.92540605577233
229.92289353614615
229.92461481133068
229.92396142182406
229.92410769039998
229.9244791224046
229.9237153060676
229.92421693424694
229.9245398248895
229.92355996913102
229.9241731869697
229.92435461541754
229.92350168304984
229.9247288214683
229.92395348809077
229.92435490702337
229.92236394081556
229.92511129181366
229.92310297550284
229.92495784479252
229.9236586351326
229.92423019315174
