288.0145519337436
221.01081695794323
247.64745883928344
237.51379417774342
240.8948455104944
239.68706600309292
240.0984473015169
239.95582462210496
240.00493090888176
239.98695761281033
239.99418671723652
239.99104763551804
239.99265369888144
239.99177775535827
239.99242900645095
239.99182111576465
239.99226053000075
239.99184676250297
239.9923139805178
239.99142895731984
239.99137582902858
239.99354968104853
239.9913426928524
239.9930735669368
239.99193287060552
239.99252103498657
239.9920403237793
239.99226995342178
239.99122194541633
239.99276924015612
239.99176082822123
239.99197540735986
239.99255678038026
239.99199858895008
239.9922169334568
239.99233925420594
239.99229099414333
239.99154533031106
239.9922870282753
239.9914557314205
239.99244570126575
239.99240572755298
239.99242955499903
239.99201044170695
239.99258018167166
239.9920577306184
239.9924292085052
239.9918955094763
239.9923250325337
239.99070748599843
239.9931916737587
239.9919693777556
239.99211435855977
239.99178859674794
239.9923970912787
239.9916825187065
239.99083243171845
239.99298717869533
239.99258428577014
239.99063997390112
239.9927339190508
239.99201558115237
239.99178615761048
239.99250570874938
239.99160757924255
239.99286511568062
239.99071422751877
239.9923036035034
239.99217405477975
239.9903998555601
239.99307558617147
239.99023319348635
239.99313483653896
239.991918945645
239.99221054758527
239.9912351951425
239.99266222268125
239.9922508040654
239.9921569740327
239.99205200311917
239.9923648178883
239.99211896053384
239.9918166149073
239.9925941447982
239.99194470702423
239.99168521094543
239.99210900358594
239.990831888088
239.992310395377
239.9919364725938
239.99216095325392
239.9912193043201
239.99177411713754
239.99197569469106
239.99207551782456
239.99243032541563
239.99182701841346
239.99257648448838
239.99206141381728
239.9916161738729
239.9918214900681
239.99247786762862
239.99238563149265
239.99211569091858
239.9919336003295
239.99215691952122
239.9911867830233
239.99268579131603
239.99224695569865
239.9920343533595
239.99153942381963
239.99234903342585
239.9915933246084
239.99264442169078
239.99173448214424
239.99161532928701
239.99264704088273
239.9925083645503
239.99223774233542
239.99189824536006
239.992323879349
239.99248859940417
239.99185369793122
239.99251017977076
239.99194961303874
239.99247867209488
239.9917616832172
239.99147144456947
239.99200657776964
239.99163863533613
239.9919747492022
239.99255446980533
239.99250033247517
239.99193644803017
239.99230477057426
239.9921670186959
239.9916086833764
239.99234139602777
239.99035991573328
239.9925723031556
239.9923919065841
239.99254943554115
239.9923483152088
239.99258347118302
239.992139910908
239.99137454062293
239.99180974058254
239.99210442508047
239.992585498454
239.99165294563863
239.99244554650795
239.9914931068488
239.99224972101365
239.99218166442733
239.99191691435408
239.99253745967144
239.9901629171436
239.9926479141941
239.99163292032608
239.9906864096556
239.99226870069106
239.9912943591844
239.9928573208672
239.99227979054558
239.99249273815076
239.9914121535403
239.99196227411448
239.99242162232986
239.99198466054077
239.991782752586
239.99235864754155
239.991785655453
239.99246065031912
239.99186779611773
239.99183316163544
239.99258117411955
239.99226619134424
239.99227917766984
239.9915094801254
239.99102586726076
239.99259835631528
239.99239003712137
239.99222385624307
239.99083738469926
239.99269780585018
239.99144510707993
239.99279313659645
239.99233275245933
239.99239849361766
239.9923519501026
239.99187539861305
239.99228065776697
239.99194648044067
239.99236298185133
239.99122179341794
239.9931834416202
239.99203621475317
239.9903971359745
239.99326121938066
239.99155912426068
239.99198752161465
239.99157656545867
239.9911890826479
239.99331472917402
239.99197299024672
239.99207928861142
239.9917780948308
239.99238107533893
239.9919006616692
239.99233503827418
239.99151327295112
239.99293450941332
239.9918196057406
239.99212142087345
239.99145115658757
239.9924491080601
239.9923534321424
239.99167590454454
239.99244537207414
239.9924258262763
239.992296236931
239.99261741529335
239.99095611574012
239.99294441749225
239.9914959140733
239.9923832682689
239.9924276515667
239.99153222926543
239.99247953925806
239.99239232641412
239.9925690810487
239.9927671411715
239.9927009282692
239.99212284214445
239.99255257063487
239.99166589271044
239.99206984390912
239.9922958809184
239.99274062740733
239.99235848382523
239.99188786659215
239.99147166407784
239.99258622420894
239.9923197857279
239.990966781319
239.99242707934172
239.99214430779102
239.9922628387576
239.99221343947283
239.9923260610376
239.99219846574124
239.99227180991147
239.99193550809287
239.99088281865988
239.99267420967226
239.99168257642305
239.9909976398485
239.99261294254393
239.99225999352348
239.99201466665545
239.9921033893188
239.99239286166267
239.99191609602713
239.99211093470512
239.99246097388095
239.99250362692692
239.99215123121394
239.99183581849502
239.99257917715295
239.99206883499573
239.99152226527804
