288.0832449272217
261.995164664586
263.86045696276665
263.6281952657682
263.6507255307142
263.6478622962195
263.6487322129915
263.6479759238932
263.64967170018645
263.64808801738945
263.6490643835132
263.64900526846486
263.6489357081755
263.64752706885247
263.64778794029553
263.6485273119333
263.64875043075426
263.64807422939157
263.6488706882719
263.6486891925033
263.6480338257825
263.64946480038816
263.6489779511412
263.6484130312474
263.6488265773769
263.64929815464893
263.6484969018329
263.64863104463075
263.64844729477954
263.6487393913194
263.64791604697893
263.6485733973441
263.6489180469871
263.6481002862056
263.6491308692421
263.6493524790021
263.6486546159613
263.6485848771554
263.64818422497774
263.64857409977776
263.64777207178486
263.64876439906584
263.6485739410273
263.6486434492799
263.6488680253824
263.6479427057675
263.6488052214445
263.64882754540304
263.6486336870512
263.64935389961465
263.64879355132143
263.64848524762056
263.64839299369123
263.64887256972725
263.6483982087193
263.6481665244646
263.6489684353073
263.64816944416816
263.64908336611916
263.64816195874664
263.64864098595353
263.64838848661384
263.64872164544795
263.6480853171015
263.6501354620232
263.64753752147953
263.6489736758449
263.6485994194154
263.64810610459244
263.6486797624166
263.64921662372217
263.64894305595953
263.64847628885036
263.64939275176584
263.6480835176699
263.64861719049804
263.6484915718902
263.64842654258246
263.650114168071
263.6484539183439
263.6488354204266
263.6483275207502
263.6488031786066
263.6490381331678
263.64883253483276
263.648719287281
263.64899603071535
263.64730292971944
263.64904639174347
263.64843354206096
263.6486605950122
263.6484861749559
263.64903723856696
263.6481400808043
263.6483473515618
263.64885523763223
263.6481717014685
263.64851603520947
263.64797979397554
263.64797965914477
263.6482515172247
263.64850565540837
263.64834460322163
263.64857717017003
263.6490872784416
263.6480984830123
263.6490355398564
263.6483088090754
263.64857802185725
263.64879409383866
263.64932126401254
263.6484422052745
263.64856442512973
263.64880524849286
263.6481478988717
263.64853499437595
263.6489623234811
263.6487999814708
263.64862842770526
263.6488396871573
263.64874983453774
263.64881143392995
263.64847619294596
263.64757447313605
263.64819689816795
263.64833683617326
263.6481638291734
263.6484963681578
263.6485575505503
263.6485589129661
263.6490377109876
263.6484466985712
263.6476644454815
263.64869040341
263.64863187482115
263.64856519922614
263.64944244940125
263.6480482258339
263.648583565795
263.64883667258255
263.6490039708442
263.64715421546134
263.64953983821033
263.64848017481563
263.6493753596005
263.64862368292233
263.6492963907658
263.6491494329093
263.64869403465127
263.6486383426527
263.64917892421363
263.64891141782573
263.6485663388012
263.64902461259044
263.6487708732602
263.6492354457441
263.6484803326748
263.64792800667055
263.6487442872458
263.64829988409474
263.64954607085383
263.6485358419013
263.6482753646851
263.64876253181137
263.64750609200564
263.6490499547799
263.64912345676566
263.6483883765177
263.6493220850534
263.648876096835
263.6491046236479
263.6487939394574
263.64795470684476
263.647871894922
263.6487570419122
263.648631069329
263.6479724428791
263.6491790229775
263.6485052028438
263.6486153713049
263.6488586496125
263.6486548033572
263.64805404400977
263.6495774400246
263.64892557862913
263.6489363454748
263.6478737235011
263.64914165856317
263.6488259522739
263.64870598417474
263.6491056056402
263.6487163222919
263.6485446571314
263.64821249677334
263.6489253656182
263.64900127415603
263.6476672064746
263.6491432162147
263.6485208350932
