287.8575587598141
65.03446870415706
242.3993603781213
181.79134344038835
247.43023874767619
166.3095446213474
252.34610876826991
148.14280537968716
257.10657552453677
129.55963372098313
73.01555152876244
245.38736818875987
175.9872466124375
249.33542519756702
160.4664238550522
253.95304639441383
142.1309927197326
258.42654593594943
124.75267288058785
89.1279176970047
239.00639280575888
197.0635369333031
240.41238914026962
191.42681216350502
242.54426725463782
186.11069090581532
244.84603942655303
179.06423136353897
247.69435362486456
168.70021466870094
251.33966561381203
153.78833424990262
255.63677876200563
135.82446078492103
259.6723395985573
120.60829303604805
109.68691386167484
220.25921882299917
226.50761431278806
220.6005889555472
222.25039339534305
222.0031117937342
221.31146406472362
222.43026121611183
221.09323044449957
222.52028452261766
221.0668958445658
222.51245747648863
221.09277971927622
222.4788426897867
221.13145799908852
222.43953347245224
221.17184506353624
222.40040000852423
221.21092816953023
222.36307090504852
221.2478699959447
222.32791878090939
221.28253694676096
222.29497969430304
221.31522623199635
222.26377258328648
221.34593686472363
222.23439886703636
221.37473738992776
222.20700030984153
221.40177704135567
222.181454740381
221.42665592868798
222.15748266231822
221.45018086361233
222.13501679441833
221.47201411015703
222.1141517176875
221.49245224606784
222.09440619924862
221.5118465589585
222.0760006574601
221.52985019671542
222.0585049998008
221.54690011945058
222.04227005736902
221.56272966314646
222.02702423763913
221.5776307932647
222.01277644947186
221.59150246967693
221.9994897234501
221.6045381599033
221.98698323238204
221.6166194285106
221.97522666291115
221.62834901873066
221.96371281114625
221.639453667809
221.953223914501
221.64962137144903
221.94335762513583
221.65907543628782
221.93436563003343
221.66764474461888
221.92599036914544
221.6762778115626
221.91781368703232
221.68379160227778
221.91061881141286
221.6910938662695
221.90331406588302
221.69819188075417
221.89651777233667
221.70476750428497
221.8904444633299
221.7101247515675
221.88527559684735
221.71557679238322
221.8797551179814
221.72104171288083
221.87478094239486
221.72566022139654
221.87003803168045
221.73038451422326
221.86550737435027
221.73486632534332
221.86114890416502
221.7389592979598
221.8573552296075
221.74278434426378
221.85363151394995
221.74644161399192
221.85003987990785
221.7497222193124
221.84681921469746
221.75283746291825
221.84377713515278
221.75586983988615
221.84098790234566
221.7585913410876
221.83833756845706
221.7607048363061
221.83645126334886
221.76280849527393
221.8345098342761
221.7647993283681
221.8325086794357
221.76685900417942
221.8303349564885
221.76877104390587
221.82859249941248
221.77061475200026
221.82673490634625
221.7721834275144
221.82516953352024
221.77388373156282
221.82362861150614
221.77537209730508
221.8221586604268
221.7767345497923
221.8208537125538
221.77814121316624
221.81945279634238
221.77953879938286
221.81802601039817
221.7809723339451
221.81698962664814
221.78187402823824
221.81579807958042
221.78289702257462
221.81490676242538
221.78382684993994
221.81392511443119
221.78478166916466
221.8130732862337
221.78564931275469
221.81222247685218
221.78662569078006
221.81120995136735
221.7872533864429
221.81056503694708
221.78797394681897
221.8098320334684
221.78865169714118
221.8092596071874
221.78937313851202
221.80855996201717
221.7900220091251
221.80771222823387
221.79087436397094
221.80708016877907
221.79135378894716
221.80674363067374
221.7918117881054
221.8062242912638
221.7920723854404
221.80577992094186
221.79282826207782
221.80524599221098
221.7931509906557
221.80486250761896
221.79355106515868
221.8044204773687
221.79396864886803
221.80418820047635
221.79417193119298
221.80403969370673
221.79427140294865
221.80375943371473
221.794652995246
221.80334309975296
221.79473159424379
221.803525888703
221.79482111230755
221.80314299094607
221.7953651939897
221.8027975226796
221.79542498984665
221.80280652455986
221.79560696815315
221.80266071198275
221.7955855003238
221.80252822799957
221.79598341793462
221.80230867760838
221.7959647641983
221.80215649851016
221.79606440401403
221.80201916812803
221.79635563296324
221.80197112124006
221.79619918703975
221.80205994714925
221.79626049207582
221.80195701454068
221.79591070869355
221.80227854482655
221.79604221474438
221.8019700506702
221.79616706375964
221.80205098308215
221.79603385961673
221.80232110703946
221.79609999604872
221.80180440327968
221.7966232541221
221.80172426914214
221.79656091362995
221.80167154558876
221.79646617926483
221.8015191891609
221.79672817976098
221.8014554993715
221.79673325753538
221.80136502320238
221.7968971252849
221.80134087218903
221.7969548961264
221.80114855157444
221.79713474783057
221.80104798014509
221.79736098898866
221.80073767485737
221.797597322191
221.80058180536435
221.7973927371204
221.80090417311294
221.7975199113862
221.80073273148446
221.7975874604308
221.80057081009727
221.79784995072987
221.8003233755153
221.79794678227336
221.8001673440449
221.79821287596133
221.80011840625957
221.79823233348725
221.79993408100563
221.79836444737157
221.79980855401664
221.79863604345883
221.7993974678393
221.7990123857162
221.79925637812994
221.79892678656324
221.79933347577753
221.79896523672505
221.79941075523675
221.798752157134
221.79932827560697
221.7990548478847
221.7992794397578
221.7989307136595
221.79913657288125
221.79904433901538
221.79912100623187
221.79883407385205
221.79946604938596
221.79886228591204
221.79946957361244
221.79889208151144
221.79937341126788
221.79881626099814
221.79936096907477
221.79884673969354
221.7992611973168
221.7988732912927
221.79949773741828
221.79847661829263
221.79986600657867
221.79859835970274
221.7996113710251
221.7986917985545
221.79952693161613
221.79854645644082
221.79999973117083
221.7979794882558
221.8002641867788
221.7980194252741
221.80040458097938
221.79782057007833
221.80043197951454
221.7978594081651
221.80051052517956
221.79778188790078
221.80046573572326
221.79781836313487
221.80044470535358
