288.01866783165974
263.6483992794906
265.1810030944655
265.0109979045085
265.02599643939493
265.0241176075083
265.02466399454624
265.0239120848364
265.0247987872781
265.02322875175105
265.02412113667197
265.02383137372453
265.0243011022458
265.0247889885768
265.0244139964634
265.0243504349546
265.02428442382734
265.0232172412452
265.0237470429511
265.02492423273543
265.0243831255193
265.0241077268565
265.0241676023179
265.0252171090451
265.02449800187424
265.02351655660095
265.0246523192691
265.02442761551174
265.02403543027503
265.0249610203664
265.02436106303867
265.0244332279435
265.02434470350636
265.0242667392995
265.024285444375
265.02508993909214
265.02474660595544
265.02439106224847
265.02418995498374
265.02483331229814
265.0243113106226
265.02427757683836
265.0236811668401
265.024838342626
265.02448060779716
265.02363893662186
265.0248778023233
265.0245320604299
265.02481030053605
265.0247651529535
265.0233288524323
265.02397721801026
265.0244656294417
265.02458581219616
265.0246841952321
265.02512955776183
265.02491142713916
265.0244827608403
265.02451060680323
265.0255107418416
265.0244137936061
265.0248058119723
265.024499668918
265.0245867242884
265.0244471004553
265.02384731645725
265.02481600705505
265.02417059106665
265.0252735349495
265.0244546641625
265.02442664658156
265.02375921481143
265.02476162109815
265.02423761731916
265.0242153298459
265.0238485241207
265.02484020628617
265.02448304739664
265.02430323141743
265.02485760433774
265.02497638675413
265.0243861795825
265.0240901648576
265.02434971254115
265.0238183085021
265.0243985942652
265.02436186240084
265.02418330190267
265.02418759344437
265.02395190513926
265.0232882952114
265.02460111105756
265.0244616526834
265.0245505867206
265.0237032816367
265.0246794317354
265.02479315779055
265.0246287275804
265.024661049938
265.02392091923684
265.0247535617236
265.0245981372427
265.0247425588532
265.0243139061495
265.02480192493385
265.02456714757136
265.0241313687875
265.02474763473583
265.024792757722
265.02463379844994
265.02455797474977
265.0242628737469
265.0241897245942
265.02463248360436
265.0248303327753
265.02463093423285
265.02444394112536
265.0246323596002
265.0245373147118
265.02507421306655
265.0239935179052
265.0247557586408
265.0247049922764
265.0247165090259
265.0234251852962
265.02444726340764
265.02452449378325
265.02423310401355
265.0238104379823
265.0250662717299
265.0246807440999
265.0238777742197
265.02465438145737
265.02340420034307
265.0253752807039
265.02438448977773
265.0242836556281
265.024194254991
265.0242710435268
265.0247824322869
265.02468537390814
265.0246851826814
265.0239398676349
265.02497225232946
265.0241195973358
265.02440667712654
265.02475911828515
265.02254382117826
265.02473225886934
265.0254135354626
265.0244470467587
265.0231515788473
265.0253442340909
265.0249346984201
265.0244551578944
265.02497552712157
265.0242260964442
265.02492333599366
265.0240791167016
265.02421340634464
265.0244025221764
265.0239633743331
265.02494733377534
265.02464557530766
265.0248114109272
265.024649601939
265.0243107711867
265.0238328159612
265.02467857195006
265.0233705864375
265.02451634648605
265.0246443860524
265.0248499651061
265.0243562422693
265.023347938637
265.0245608036348
265.02461822250916
265.02502784336684
265.02441270966665
265.0243291293882
265.0248460750154
265.02369255652593
265.02382977004163
265.02446962149406
265.0245645158575
265.02394761607866
265.02494666910206
265.02448949481186
265.0240635580267
265.02463946442003
265.0248729468731
265.02421066250827
265.0237236843968
265.0243899606576
