287.27836626329633
151.52267848834748
56.00990001414311
260.4570831634045
55.90175873581143
217.32932852562112
204.9101849291667
217.34984311885023
203.49926547710425
218.52840249953897
200.38611025726414
222.3253200112331
187.25082825318304
102.70954274587393
18.051230498962923
265.3020406326077
48.26029775929692
225.01204163715192
167.32928750644078
214.4848221356724
198.00989590940299
77.79314961065575
254.87358869716263
66.36353274049452
184.05417266439417
255.30735271494268
63.43688703911084
245.82350224099264
82.9840214154301
95.03993688091487
253.10826852665832
71.41064239366915
243.03522632350632
91.57382022258753
63.33443968497886
230.36614862247552
141.06944316804766
100.74924404762896
259.8665790575269
58.162579071777145
182.90909341551924
187.72794963905653
205.16679145242233
74.08578197672978
258.68648176067654
63.051420057856376
256.8449978679255
62.06884265824374
209.78313093520956
217.08627898915438
197.61233409786473
72.73162906005018
186.6605614607979
238.7849818766008
110.75956741831396
224.5096850298105
170.46287548061264
210.2836693206118
205.095273706409
57.61115649239946
234.61429793531352
169.55635322145645
218.30191107388418
219.5919611513691
183.49564774123428
125.05763430444131
259.13455079932646
59.52632859229743
216.0569972310841
190.55359902920827
121.17391938450237
253.86637815246286
72.26231573564291
241.0837265438604
103.5905263791974
209.0125584340276
249.15947506919838
87.02532146538942
51.27622680052809
254.91887280069932
227.46065238133815
131.47669764134116
241.77024586415428
94.41512114567377
235.55984960329806
113.67120731834075
224.31001102674054
153.37795478698172
51.927262158158555
246.57268704823218
120.97494532057317
246.81130295899493
231.49142514351115
124.25785476878445
206.730878645747
204.90765819876833
228.76233833130755
128.03566617922843
257.2132227645052
61.995675247515464
212.73708926276595
202.16996045010455
65.23591738805044
257.38395672048136
61.18012176245247
211.58939359464785
214.13800819413882
205.4406731207746
220.5516909346734
181.62548781252553
162.40473601255871
245.5073711252444
90.85820393312315
236.20586469474074
115.18406875837536
220.3612908631767
181.5576090875329
175.2061218408271
235.32170129316
235.46317981334505
109.91628859036064
246.49124582629884
82.39359775055345
95.26709342515824
241.78973269890048
95.86244735212313
52.433205346875184
236.98780640570476
112.14194900732036
226.5184153258051
145.78618152203853
79.452925954276
262.0998197853478
53.9356749373037
196.16599755601783
236.35242381623902
102.22625918179983
20.85008092814678
264.32183502479893
50.01387092330697
224.02242043006117
170.07564389948675
210.95721763996698
202.0173803517464
67.24427366229793
254.75841784285876
67.90151417766174
243.28267436358146
92.25125353795738
236.3634720232585
109.90662617326598
247.03314867273002
80.98053168480692
106.70988506918366
249.98706356229377
80.1533478287165
237.74248067227745
120.65460547670955
240.47282941729645
114.40631022637535
239.95116908443742
233.37832138277736
113.72992361325305
241.06618250338215
109.41652691786294
224.19465815855074
162.23279361132882
15.575940282455122
252.78133777228504
72.49719651318446
254.2187478806227
67.36252732967114
161.7477502441834
231.90989921215805
125.18858691194328
256.86656516589574
61.26893556168943
196.41683818242745
234.80194410739932
107.26616342259513
13.773773846092809
254.11843938633683
69.56946306904865
254.9607262537029
65.66487243863958
182.36029233296722
255.04528813912475
63.40654077335785
198.67735290385463
75.7800090027522
243.1771691948161
133.77510396282742
241.88935845743254
252.2228446553927
70.05247145616886
188.41353153046657
231.54715275089256
165.22449455697642
242.04041593838338
104.36557242395065
205.02200708039163
250.1880744769078
72.08248596696649
179.1416799255967
237.31535090754915
133.86902584028576
218.1117500292312
246.86532363154402
81.15073476213001
97.30582814728405
260.3345054858364
57.17461879989423
187.75135131599382
156.91035603229102
225.32974596542772
216.14777173240873
161.51600370168308
230.522672626219
125.88017435643997
257.91490048392734
61.227293229276256
213.73116193319584
199.36184218307608
74.72991006488155
253.86535420447035
69.96695107074629
242.68114693173993
94.21492434749962
235.3243208929489
114.24904304990923
223.83243765289808
154.7615914959897
47.13177894643741
250.28964839007676
231.78135140375525
121.35536977661832
238.5402137390265
233.26447672052018
114.83620270862593
223.30271666348563
154.3288012417106
48.64884102722135
243.0748258538515
145.12708163697243
230.64340510311013
200.65233902928594
224.10157340049045
161.591558718741
16.793169289325306
254.03236168727744
67.73854166325327
243.46971874463634
91.22200858526776
236.98478987434646
107.15477616010321
9.735388162771414
246.63579400184972
82.2854183517411
96.14887017503497
240.4868256332411
102.89623072411632
231.2074241809969
132.90926935775497
154.3516691419136
247.6518612803702
89.52341981408244
216.63890367288695
246.92187219152402
81.91391707045113
89.74812683211348
261.5300294889166
54.80869672519475
201.25237921287044
251.48876003111945
218.95901903459162
193.98094642031356
228.94247104738315
149.56251629785402
66.73440706748806
219.21393466208247
184.18558992736507
263.7047207275318
51.69339229227626
223.17548992755474
166.67332116363104
3.650477389266598
242.16554287887993
96.33790487005899
233.90330071930657
123.57534946591477
204.0798190281348
220.035244001323
201.93895301986777
217.81532495783176
37.97281112958444
230.41728218518256
130.19561730476562
181.7455509598949
228.83812075122842
1.4724339307722403
252.2032546587143
69.91175172181102
159.61924771626946
21.623857339771348
251.25805293743906
97.15198955959931
254.20693199710513
75.15473536962236
252.24241254094522
74.30136023921659
238.43405475297186
121.76011333923088
221.88516013446497
215.75378348719096
157.92192565584264
231.31478396384045
130.756528500453
141.81751462389366
243.1552019736555
89.79760547539627
62.588926868658746
251.42740357428556
229.7284541367262
126.70215293300862
201.33451284165494
205.38664554123534
225.04907774021558
238.87822738962132
97.8995571439882
32.40627692117414
263.27557820895163
51.46961667187861
222.70159433517256
179.36728448874783
167.66191438744136
196.71060984839278
235.32166351635533
106.6890250058932
14.022596565657295
256.6136041800928
62.097735395786
180.2348350945249
199.5629440065386
187.95991999274702
173.06573225569446
236.2349867287994
235.80691792673315
110.87528056932206
226.73735118260083
142.86788585799513
94.38066088559572
259.2211892803607
60.327584583632415
245.59221462070127
85.86378879135009
82.37931105328607
119.26542777457507
258.1426580793632
62.66748325883236
244.99377590502263
87.74852875448414
238.41432390440605
102.66389279640862
24.375491633734782
244.4591532129707
89.30607393119135
238.0452033503243
104.03019842455979
18.97755019957549
245.53736460894288
85.77911851914541
81.53915459741256
133.13470560852147
255.63337040611077
68.44637631652586
242.80652961542364
96.23425536388822
232.49874160670151
135.9197479966533
238.80479440721683
104.318613877389
43.22579419212707
239.46946728843614
99.65770472087024
30.944731232026243
256.21685694225016
63.06578507735685
202.8350146938028
60.59987685740634
189.16510197341267
148.58000749639177
230.4049399120122
244.6035916571418
85.18053373260773
78.86560938615003
240.83089846510848
260.00160982595116
55.316327409411315
247.22675270642503
80.03816522973648
111.7874049507227
249.31884705481934
80.37716448790161
240.18130576949625
100.72877131357382
232.58801203462644
122.88469145864656
212.21276321235928
190.73859179133433
253.41395910027495
67.26677901753283
201.3070390257053
222.76693231749232
194.59087049226218
225.67973788011295
181.27047691837652
235.86703928938368
124.08622918128094
160.20325361107825
233.42304723139387
125.7956227069808
