287.93849211010274
271.03671609762546
56.93292927260609
267.1505242321098
59.96857446779086
266.8408815941202
59.88571520648338
266.82676742755166
59.75060920818578
266.8311827468219
59.695337533843485
266.8335632099356
59.67687509894904
266.8346043117863
59.670889979610365
266.83512696583693
59.66797305498858
266.835022368763
59.66798170641141
266.8345026682764
59.66800379871984
266.8349364827045
59.66755058704257
266.83495667513307
59.6677461420295
266.83455402164054
59.66827233031836
266.83448134908576
59.66836600964052
266.83469702027287
59.667987030325094
266.8336333001316
59.668914653158936
266.83513315330856
59.66722844317701
266.8354662971251
59.66731118629468
266.8344887182011
59.6683680464339
266.83524233159915
59.66740813363322
266.8351719262173
59.66720719063778
266.8351261362932
59.66760726321263
266.83432356217963
59.66857583001365
266.83476484363746
59.667979182704585
266.83370186826687
59.66873140791358
266.83455201367724
59.66809284321971
266.83420534871766
59.668802333086205
266.83347333491474
59.66886656492352
266.8344402166913
59.668750437314884
266.83422857818005
59.668197019906074
266.8336135318277
59.6686620929795
266.83528644083344
59.66707280134506
266.83473603008315
59.66838906915291
266.8344453738573
59.668316334922565
266.8352269270181
59.667391112401674
266.8341459044532
59.66835258983701
266.8342392551458
59.66835687333878
266.83502175374815
59.66745234057089
266.8348564209373
59.66787630921317
266.8349603724091
59.66770287573672
266.8349725433254
59.66787662903516
266.83432594760234
59.66835614736192
266.83382392660496
59.668562360871874
266.83464564993847
59.66791903172634
266.83426704231897
59.66828067944516
266.8351233691792
59.667633548866434
266.8354062379367
59.667479526666284
266.8343950571543
59.66805852445759
266.83493944252405
59.66760047450953
266.83464826246563
59.66780570561241
266.8347849761849
59.66788914866265
266.83507252189156
59.66757115735891
266.83421320760317
59.668494923753315
266.8342965231459
59.668393975047366
266.8351558424365
59.667213426604576
266.8344398128829
59.6684235631983
266.83483870475175
59.667861641755735
266.83451030397555
59.66911455269292
266.8341131067864
59.668356521950045
266.8350966567814
59.667460577824386
266.83502169314306
59.66759531606658
266.833980555748
59.66925659244589
266.8350009130518
59.66757556036464
266.83506026887335
59.667763967350766
266.83450818446
59.66822864825372
266.83496806058247
59.66755422177084
266.8348193240745
59.667772999404406
266.8351139069564
59.66753864736529
266.8345101505038
59.66825667733792
266.83391289690917
59.66872139901534
266.8332573824373
59.66981262472109
266.83502314586076
59.66745009779697
266.8342920200157
59.668245894659776
266.8350976638976
59.66726811933768
266.8350775604413
59.667640025501896
266.8350921881283
59.66765351485083
266.83418443158735
59.66857025496574
266.83421917907253
59.66807000982226
266.8344726594878
59.66783108076925
266.83530337471893
59.667100783248316
266.83533268177416
59.66711068854056
266.83390345454245
59.66891499585472
266.8346232707263
59.66825580386649
266.83444490165857
59.668342482022126
266.8351802739926
59.66736165376642
266.8348842829291
59.66718548193603
266.8349373324454
59.66793322814192
266.8349188826178
59.66802039890899
266.8344315205104
59.66867119932431
266.8343359980572
59.667912859637
266.83515702602745
59.667287477212085
266.83468714050105
59.668152603415365
266.8351552666354
59.66758049037162
266.8352896574215
59.66724791369052
266.8343691718692
59.66863943709177
266.8351604989439
59.667463804158615
266.8348640015174
59.66789054264518
266.8348560880986
59.66758119721635
266.8349812964807
59.66765105872764
266.8345054175443
59.66821974307095
266.8343525036544
59.66780630557332
266.8348121340023
59.66780951862165
266.8344632390945
59.66814076244191
266.83396292683756
59.668474948150106
266.8355254311464
59.66686995775672
266.83486547350185
59.66766246865882
266.83439160502166
59.66885490826826
266.8348889804911
59.66679545372608
266.83509830247203
59.66755614254362
266.8348040833007
59.66804097828572
266.8349822159871
59.667671137314755
266.83489760151133
59.6678433293273
266.83439964143327
59.66818625909218
266.83495295169996
59.66749181773048
266.8351148711663
59.66773039700638
266.83446546664345
59.66784683948208
266.83480489875365
59.667825432203244
266.8345253925363
59.66831229747913
266.83497635913955
59.66717507079011
266.83399342605844
59.66902703541564
266.8349404636101
59.66763188998448
266.8342077915149
59.66831325853127
266.8348018883844
59.66760923733818
266.83507251406263
59.667562967559206
266.83520772364864
59.667471229084185
266.8353322654002
59.66726344852941
266.83457293221727
59.66824658770929
266.83505557090393
59.66773173547699
266.83493813058885
59.667654672884964
266.8347800975316
59.667802610754734
266.83506468300766
59.667635679623345
266.83509318486904
59.667816370361834
266.83459438926366
59.66802911691775
266.83477641777426
59.667979639722034
266.83388164477947
59.66779558836424
266.8350655227696
59.66741571921739
266.8352542688517
59.66742044549028
266.8348792185716
59.668064295794466
266.8353887941048
59.66764627874363
266.83510763032245
59.66644396627089
266.83461776093463
59.66814656299539
266.83451844185765
59.66837775663589
266.83449364105763
59.668468566116644
266.8346570079884
59.66807017290557
266.8349285226868
59.66824012364668
266.83499180170475
59.66761191285332
266.8343218305963
59.66822448190942
266.8341053521435
59.66861352130945
266.83465940342285
59.667889891628874
266.8352551134012
59.66740802361164
266.83536456903676
59.667033241377794
266.83517643259256
59.6686036886822
266.83512826875085
59.66777820274001
266.8338946569711
59.67130744660972
266.8341724769707
59.66829210451397
266.83481978444615
59.667791099709575
266.8352496669104
59.667304676098865
266.83479434845503
59.66834380112414
266.8347620242712
59.667971229035174
266.83393931013416
59.668626230733935
266.8347601201385
59.66744432161795
266.83450239666854
59.66790553377359
266.83469104152755
59.667857270134846
266.8345274318999
59.668457720501465
266.83497289475054
59.66754657251295
266.83478350644873
59.66776882708655
266.83569657130283
59.66691561297921
266.8344487863069
59.667380307771964
266.8348106883059
59.66836282746226
266.83433128944307
59.66841655665485
