287.98906166200845
142.48649955503822
262.1250150853939
210.23823534672874
241.77731066078877
225.48781106949218
234.20602054143728
229.60851752026747
232.0345988835743
230.75225155662247
231.42937109270042
231.07194971110084
231.26120305677796
231.1594354976669
231.2134808986002
231.18565515567025
231.20030005780882
231.19295583315397
231.1967642247646
231.1946672879676
231.1960604605947
231.19546166130567
231.19511319218236
231.19575581755817
231.19495645067218
231.19621341886705
231.19439029370005
231.1958203357899
231.19590163186876
231.1946491965682
231.196110443605
231.1943871960666
231.19527426635977
231.1955992085568
231.19509081779506
231.1961644735784
231.19458682746335
231.19611202818305
231.1954511979493
231.19537803296225
231.1955954513396
231.1951030531145
231.19577551042858
231.1952640251675
231.19534657070471
231.19571913393884
231.19611071569489
231.1953245430759
231.19515378892538
231.195705154998
231.19575562323007
231.19512641812616
231.19484480777464
231.19330955266923
231.19699839894747
231.19450967853118
231.19581165598356
231.19520237929464
231.19648457081712
231.19439935157789
231.19600487626303
231.1952022026926
231.19627791966923
231.19528425785757
231.1952555424723
231.19506098435522
231.19544007459626
231.19537306176062
231.19528346622246
231.195895556717
231.19540989217785
231.19533498166857
231.1953819026785
231.19601686374153
231.19467003231694
231.1960021182822
231.1950374635926
231.19524757271938
231.19514133680423
231.19641793547635
231.19457951032382
231.19565265240453
231.1945072325907
231.19570764625678
231.19535354738764
231.1951904961643
231.19557096335848
231.19551282983957
231.19397272557399
231.19608706363942
231.19533747953392
231.1960493006918
231.19546772939066
231.195302528522
231.1956210946155
231.19543929845895
231.19578490423737
231.1954748785356
231.19411964004394
231.19687081997836
231.195068088462
231.19527806847327
231.19568944766797
231.1953648835988
231.19547326617612
231.1957252124339
231.1952833861942
231.19402775789058
231.19664066663245
231.19486669501202
231.1964558237014
231.19496922258986
231.1951081291336
231.19449504616932
231.1965928632053
231.1946304311714
231.19512035041407
231.19599989599374
231.19493857357156
231.1959509215667
231.19539792114665
231.19589188155805
231.19466137165728
231.19536449076259
231.195073953284
231.1954814130877
231.19518965195311
231.19519428510102
231.1956788354364
231.1960470936101
231.19497350219171
231.1960180426322
231.19475059812976
231.19539949943282
231.1949315500533
231.19577249294525
231.19514662797883
231.19517654977244
231.19536220569717
231.19578904443188
231.19622025092394
231.19539694936975
231.19596174061735
231.1953142894272
231.1949933597498
231.19562266482535
231.19573210943054
231.19613357093476
231.19490970200422
231.19539226426423
231.19554069906007
231.1960901297134
231.1943858552986
231.19589506599732
231.19416491742595
231.1960608456866
231.19398118500976
231.19550774878735
231.1954350306405
231.19560930000443
231.19534272710735
231.19619770214922
231.19536162862642
231.19490653454704
231.19535851514956
231.19601824047277
231.19548822470824
231.19575072399311
231.1954356736751
231.19545271266543
231.1954283022278
231.19560563385312
231.19553467686637
231.1949531117425
231.1957434509095
231.19500117927964
231.19498874084093
231.1949893753408
231.19454287309054
231.19625437942886
231.195709660773
231.1938686833746
231.1963141422748
231.19483078692429
231.1961927933662
231.19450355816662
231.19519001439767
231.19629604147485
231.19502710065717
231.195651611044
231.1956096464637
231.19555786625278
231.1956524158304
231.195601019077
231.19607564080798
231.1953474452166
231.1954154021223
231.19559263785777
231.19561796112976
231.19511122415133
231.19549542368622
231.19552325281256
231.19488532777177
231.19631569556077
231.19497511329246
231.19551799738838
231.1954465443414
231.19565012773091
231.1948792161711
231.19588557937823
231.19403895425785
231.19600449870632
231.19372880109586
231.1965749519877
231.19278040109202
231.19713146334107
231.19319431007898
231.196492903764
231.1949635050696
231.19594641856384
231.19356669773697
231.1962815008883
231.19483356592536
231.19535881411866
231.19596300723788
231.19465770130046
231.19386311429844
231.19658729070215
231.19541877195297
231.19570572688826
231.19473044175538
231.19398051399912
231.19655084949045
231.19309449479624
231.1966845849238
231.19504864976625
231.19547860699822
231.19538898812607
231.19558829048765
231.1956878899946
231.19561299638008
231.19551837990002
231.1955277040688
231.19551228119235
231.19523898263287
231.19541585390107
231.19551241623412
231.19491547587677
231.19592006198945
231.1951636205922
231.19547046304797
231.19477045952226
231.19598110341758
231.19517267181072
231.1961089794495
231.1939573527925
231.1957547897764
231.1946249652392
231.19584502768703
231.1960499083507
231.1933429692872
231.19653350477165
231.1943107144907
231.1962694326212
231.19515868053713
231.19572633662028
231.19479387374304
231.19610667535744
231.19504995198804
231.19510636218183
231.19563564597047
231.19492220776738
231.19609632169886
231.1957199588942
231.19456663538585
231.19616724093794
231.19511815432634
231.1955361146247
231.19423816014023
231.1958719532704
231.19458358979318
231.19590288832842
231.19512641277106
231.19573507385212
231.1954111134546
231.19563319146982
231.19438910098688
231.1953738108714
231.19492046510277
231.19580517795112
231.19390997373557
231.1964038653532
231.19564954597445
231.19486163041438
231.19565270976454
231.19512741280778
