288.3308470780805
251.91728686155545
256.7825921535682
255.78616690597823
255.95193660020777
255.92097752533118
255.92600554612454
255.92476352417543
255.9258193766932
255.92580432592422
255.92476686735063
255.9253501458743
255.92570028897262
255.92510750406473
255.92562165877916
255.92603715215137
255.92514984706486
255.9255090611714
255.9256902103216
255.9259943357174
255.9251912499676
255.92595877105123
255.92569467629255
255.92571631743522
255.92599151608192
255.92498623900428
255.92576832407394
255.9255244485139
255.92502078785765
255.9255262822753
255.92506965248504
255.9259333721402
255.92541808206988
255.9255436836138
255.92560680849238
255.92568553597448
255.92427687303098
255.92510071774086
255.9252011916833
255.92565912231294
255.92512860839634
255.9253388574507
255.92553182793927
255.92594669233586
255.92503440432483
255.92538976437208
255.9254276325919
255.92525588136778
255.92489563978597
255.92562489997
255.92520772149874
255.92573195431396
255.92528967416365
255.92478795382704
255.92609947290111
255.9253016301409
255.92587685025137
255.9254237922396
255.92576789608938
255.92576384529093
255.92504535209446
255.92483416721734
255.92610936311394
255.92465003742836
255.92544736617492
255.9252391400114
255.92541028858614
255.92590122015463
255.92437915088885
255.9258038188018
255.92597596199994
255.92455924984824
255.92477247556963
255.92537420921508
255.92523619889107
255.92497334255313
255.92565673084027
255.92378018118325
255.92632161902293
255.92491993791919
255.92483959101082
255.9259318907134
255.9252869124466
255.92525806390768
255.92530573401746
255.92584212309157
255.9245755129159
255.92563948666793
255.92531045525539
255.9250170690575
255.92512434053788
255.92525912812562
255.9257228031056
255.92460122171906
255.92613287369022
255.92478822523117
255.9252847947355
255.92557004970877
255.92605842497142
255.9249112525431
255.92538462638913
255.92570085432817
255.9242763062648
255.9248364539817
255.92541572268965
255.92549992842396
255.92509427605546
255.92543975006265
255.92516316306137
255.92582382391265
255.92507314746763
255.92502390818117
255.92558100088354
255.9256627194991
255.92571175350167
255.92498781668837
255.92615112008934
255.92564247265545
255.92571815710107
255.92556720168068
255.92572667625063
255.9245466714856
255.92591121570877
255.926083769853
255.9256777371047
255.9255343286277
255.925265556878
255.92464798541187
255.9255261320577
255.92514193738316
255.92641410017677
255.92533781188104
255.92539478559047
255.92502581204462
255.92544333513797
255.92564523092733
255.9254955289216
255.92589113352005
255.9251572577632
255.9253967584009
255.92588303583761
255.9248013212491
255.92587954072224
255.9247420876054
255.92538628268085
255.92539716257306
255.92557497617963
255.92493506710161
255.925203183986
255.9253625019046
255.9258695832832
255.92515866768372
255.92531513402355
255.92489617873798
255.9247550463333
255.92435535861296
255.92549571834388
255.92515249403368
255.9254410629801
255.92573992174584
255.92533214621653
255.92485605979164
255.92582687095273
255.92488052713452
255.92613695062755
255.92469688145502
255.92498456286557
255.92512302321848
255.92471045663115
255.9252207694226
255.92490587641078
255.92504087809357
255.9259895937721
255.92500433145324
255.9254944477725
255.92504286920303
255.92532846033282
255.9254462201352
255.92535144685826
255.92523961617553
255.92456812318414
255.92505037299998
255.92600859240338
255.9250487077661
255.9254943102278
255.9249372651975
255.92501412148704
255.9251679287845
255.9251820527861
255.92529683596513
255.92520189165953
255.92494625094696
255.92541928928404
255.92527099592553
255.9250690189656
255.92515208176337
255.92482932741405
255.92551270342665
255.9252801850962
255.9252341096726
255.92539030972694
255.92550037907495
255.92519628039736
255.92589916384895
255.9254143328726
255.92520387502736
255.92579861455306
255.92509530654934
255.92553077951015
255.9255962636671
255.92550255454262
255.9254467018618
255.92534726363374
255.92514333264262
255.92554263060447
255.92537729770993
255.92545536268153
255.92443543631816
255.92589861968008
255.92578010623401
255.92543856766133
255.92480863157834
255.9246572123957
255.92501209696638
