287.68731015845367
83.50401585419866
69.24855437534882
256.2505975653826
204.82999107032356
238.7995427490007
218.865330291472
231.988018510634
223.17901687043877
229.4572770161053
224.93726039304102
228.2901330232653
225.80110065536292
227.67558755365735
226.26763183279036
227.33203962533753
226.52901608539287
227.13685780054584
226.6777301403281
227.02508486594525
226.7615539110975
226.9621520847977
226.8104620246404
226.92492025435877
226.83832688506118
226.90390487222612
226.85369975354752
226.8918947888069
226.86324622031498
226.88459811393477
226.86861273595605
226.8810517490747
226.8710470326987
226.87887130388117
226.87347568244513
226.87728111325305
226.87460035506774
226.87652277780217
226.87438450318768
226.87539569481123
226.87487697670986
226.87632993928491
226.87510850073704
226.8761718602691
226.87565277940666
226.87584534620692
226.87494905386666
226.87568016770274
226.87477764519826
226.8761461417689
226.87481027795548
226.87625343996842
226.87560663873228
226.87465133246224
226.87559711727226
226.8756568619392
226.8757562245264
226.8752096511089
226.8758090267147
226.87561606029703
226.87550502661543
226.87457833585722
226.87586415576152
226.8754527636156
226.87504225720113
226.8757931711698
226.8750338175305
226.87587202528448
226.87490848160087
226.8756179277916
226.87438708228729
226.87554383352472
226.87461848883686
226.87568109358472
226.8757370063795
226.8754026974384
226.87524926756305
226.87503788106915
226.87607239170393
226.8749004475103
226.87544951568998
226.875537619213
226.87505738237815
226.87539424858915
226.87517018555081
226.8749526820975
226.8761117345748
226.8754452954381
226.8754011492856
226.8754100933147
226.87562406407233
226.87563211805536
226.87587498088396
226.87515218154294
226.8757659372459
226.87506666201443
226.87612120053382
226.87543735539293
226.87529505876228
226.87567744228
226.87571263581776
226.8751802312363
226.87596053266316
226.87478700177599
226.87607975177525
226.87480087269796
226.87556913124718
226.87553138580552
226.8760204388018
226.87543790482596
226.8757973976244
226.87489100063976
226.87512296003842
226.87596883512015
226.87581271234376
226.87559316826082
226.87524996053253
226.87592332052736
226.87582331893645
226.87514572864893
226.875904379056
226.87558468706266
226.87517246775678
226.87571831198147
226.87573062466254
226.8757431053382
226.87541601165867
226.87584972562036
226.87567096630664
226.87514463333355
226.8758242307158
226.87506748299347
226.87548043208517
226.8755441919202
226.8761782273432
226.87551562843873
226.8753199893181
226.8758160762518
226.87518367054872
226.87603925607254
226.8754712300215
226.87585919292906
226.87566086470179
226.87523765232618
226.875519211746
226.87555072133546
226.8755603541358
226.87561702461971
226.8759993190397
226.87485004606424
226.8754064019813
226.87509829246846
226.87605435091973
226.8756596123494
226.87482776063553
226.8754050355492
226.87559089884599
226.87610077263525
226.87485768000624
226.87536342172825
226.87530034879455
226.87531561755168
226.87547590350005
226.87515962827456
226.87614521600335
226.87480935839994
226.87620478509052
226.8747056668799
226.87635104780202
226.87473336701078
226.87631502738805
226.87503221677616
226.87601076063584
226.87528799552092
226.87541637977847
226.87571279618714
226.87573394605715
226.87532963681588
226.87534820773726
226.87582285326062
226.87555713298934
226.87544037517364
226.8754457788309
226.87587627171888
226.87531798704003
226.87547264320892
226.8756525832141
226.87513672167552
226.87609036880167
226.87503605862003
226.8753252338065
226.8752983343802
226.87573524842446
226.87511072605412
226.87555799012625
226.87526108244492
226.8758088545219
226.87579350427404
226.87575644005847
226.87521988190565
226.87595419104036
226.8746283672226
226.8764564062294
226.87532071294117
226.87538944174594
226.8757190688193
226.87512028616038
226.87532789351826
226.87532456606277
226.87565423367778
226.87528374700923
226.87560674994893
226.8758363668021
226.87540583817463
226.87615547039604
226.87493299938797
226.87622878148977
226.8749282433273
226.8758287117671
226.8754410239053
226.87562117763446
226.8752900184627
226.87588515410607
226.8754658856633
226.8755077168462
226.875134888076
226.8759505179769
226.87558017883566
226.87593108454894
226.87532099356758
226.87579082188313
226.87542645710346
226.87604132149136
226.87493244904908
226.87544325632916
226.8752577221603
226.8763092412264
226.87557929182367
226.87541623842844
226.87558428157354
226.8753496457939
226.87503094809654
226.87585935526295
226.87479352102673
226.87558200903004
226.8752766265534
226.87525549206475
226.8751173637429
226.87583837455895
226.87536945656757
226.87577577507182
226.87549535701692
226.87588741842774
226.875304080997
226.87522904897924
226.87531186219712
226.8756054733676
226.8752276203013
226.87539171265962
226.87545854393102
226.87549429833598
226.87515290152805
226.87586845133046
226.87539442484558
226.87539202376502
226.87509161814523
226.87593875266612
226.87520558817778
226.87569550458284
226.87553012215358
226.8759089823143
226.87455491771107
226.87567371685873
226.8757073603192
226.87545160589798
226.875156043694
226.8752973657829
226.87553717850824
226.87519543194503
226.87521326626302
226.87525981520594
226.87495899524947
226.8746678076277
226.87613296568452
226.87547518473002
226.87582378805382
226.8750640924991
226.87592450344528
226.87533958401764
226.87537279598473
226.87594478465326
226.87553274718812
226.87596154413768
226.87474277844012
226.87551853145123
226.8750844834285
226.87555461775628
226.87582718486374
226.8750296250073
226.87593208088947
226.87496882923006
226.87578747481166
226.87513211063924
226.87543107989768
226.8755705421354
226.87510861059127
226.87633817754977
226.87468095190707
226.87589316598314
