288.0125363575967
219.29495875632517
247.73739096082136
236.72317981010337
240.50273447526752
239.1196535063068
239.60289388241608
239.43083774863635
239.49169967759963
239.47033673319947
239.47776031597778
239.47555250674395
239.47434029498163
239.47619698172184
239.47573628080318
239.4755020803841
239.47620053110313
239.47616114682205
239.47558547787412
239.47629864935334
239.47553522323415
239.47627556789666
239.4761395321657
239.47608290915014
239.47585050500675
239.47590768089685
239.4761676348353
239.47594804372966
239.4756034294951
239.47569067134827
239.4755338503128
239.47594782061424
239.4746063669645
239.4764648708442
239.47535922600036
239.4764234680406
239.47560955905283
239.47587954841038
239.47624022750824
239.47606238302797
239.4759663617915
239.476009444601
239.47631615795945
239.47611748308555
239.47558348276834
239.47558143536662
239.4762418198734
239.47671095532496
239.4756116268327
239.47574992098453
239.47637420640967
239.47568431278341
239.47601391609714
239.47590917081106
239.47594927907267
239.47568605689594
239.4756596732841
239.47613056106275
239.47556895936214
239.47600133739616
239.47495944286857
239.47650726541178
239.47535260613222
239.47560925827202
239.4761712744148
239.47544830940387
239.4758009261277
239.47619295942422
239.47556313481255
239.47541649639243
239.47567167407033
239.4755164018461
239.47578765154685
239.47554992469668
239.47625401806
239.47571307382532
239.47591020355685
239.47611754478567
239.47586236956704
239.47563016911954
239.4759105394587
239.47598507460862
239.47628278643242
239.47532514881095
239.4763615179436
239.47556318457646
239.47541649284176
239.47572476904315
239.47520089582395
239.47588501961582
239.47621927512228
239.4750389982146
239.47568768355995
239.47611136213527
239.47547337454307
239.4761686260972
239.47568194820633
239.4756901787623
239.47581922730024
239.47530788519362
239.47618786684325
239.47552072730468
239.4745304848766
239.47585597649595
239.47574063858337
239.47632304644503
239.47550403422792
239.47630493718316
239.47603707324015
239.47507196373044
239.47655234876584
239.47454009380453
239.47650560938928
239.47552351877675
239.4762752594761
239.47660844781058
239.47610978801822
239.47574247373268
239.4757662724296
239.476183263665
239.47574411076494
239.475411375759
239.47629597312334
239.47593750175292
239.4751612377222
239.4764546178194
239.47447026451846
239.4762713035525
239.47532773916464
239.47621130738844
239.47549213160528
239.47597253566346
239.47633990261238
239.475032708433
239.4763489718389
239.47619700361975
239.47585882181738
239.47501456741156
239.4758785844897
239.47474500411045
239.47642329186783
239.47606504044234
239.4759920645738
239.47629677838268
239.475180751062
239.4749080664842
239.47596674986562
239.47535607608006
239.47585114165122
239.47635780606652
239.4754944247179
239.4758829012062
239.4759316763957
239.47601925338677
239.4758301089023
239.47576039343403
239.4759607283995
239.47530923915474
239.4766064154319
239.47537730019394
239.4763167583369
239.47504720393044
239.47644612154545
239.4757066541206
239.4750992554982
239.47649804215325
239.47620964233647
239.47517554271326
239.4759163796043
239.4754158822543
239.47632381188305
239.47520692047692
239.4759796088838
239.47527063346934
239.4765540180597
239.47566048171575
239.47590067586862
239.47627039822692
239.47549552940472
239.4764289939485
239.47544745077903
239.4759352182591
239.47580827932688
239.47517564502778
239.47612384961394
239.47633192634385
239.47608180464886
239.47604973599664
239.47649903874844
239.47539713633887
239.47624992967758
239.47611924287048
239.4759055787872
239.4757418143854
239.47522357788694
239.4756963311229
239.47631030100456
239.47571272143978
239.47588890770567
239.47627010299766
239.4750944429834
239.4761585774104
239.47536482076976
239.4756224087323
239.4760871546896
239.475813820216
239.47585176942812
239.47622215977754
239.47587053419556
239.47594050460611
239.47515261510853
239.47579689780832
239.47606658286531
239.4758548924874
239.4758537376183
239.47591071701027
239.47613816663215
239.47592787182657
239.4755494796991
239.47619535382546
239.47533518254932
239.47613618755713
239.47534402595193
239.47575834004965
239.47604715898342
239.47595735709183
239.47560193162644
239.47600406376296
239.47590980742825
239.47607742616674
239.47551831160672
239.47579861716076
239.4742205785151
239.4765292766242
239.4752255587955
239.47675975774473
239.47517495739157
239.47639123514818
239.47584436589386
239.47572878640494
239.47451277668006
239.476392631419
239.47559551111772
239.47592509177048
239.47621580335544
239.47589085741492
239.47617648742744
239.47461248896434
239.47640523689915
239.47526802490756
239.47622632520506
239.47538412033464
239.47604385104205
239.47581261488085
239.47575350364787
239.47529967261653
239.47659812007623
239.47553385076753
239.4761187890981
239.4751284425729
239.47559180605458
239.47564008133486
239.47535311142565
239.4765399483731
239.47540810430655
239.47627405790263
239.47654994872573
239.47589593334123
239.47617948651896
239.47545077605173
239.47567473132221
239.4756585417199
239.47594934413792
