287.4947576259392
192.65824680739547
220.66791139325676
96.90166826433835
232.01853224152296
73.36538741620893
259.2895207860347
221.87350871068452
96.90994628307317
237.72009240617854
234.9334397154712
64.07585960851884
56.820148219687326
253.38909572040302
227.75305653948544
77.68404530888802
12.62897297025711
211.5555331252326
265.37061820109284
220.28895297094004
98.050258633868
238.36883932302499
234.16480923111067
65.29656184870692
55.032012767974265
254.19141914240572
226.8883209393216
79.77404795832172
5.731230400223467
234.87010562067735
64.55847839656599
244.49860518108744
46.74602660659093
118.15978420858119
231.94006994613665
237.83717584863007
59.31078901267938
70.06469833773008
250.7392036163401
229.11960028092471
74.80815112878008
22.727786115843628
259.132290082538
224.1041536142966
87.00330668593051
239.4838318162656
58.25605333668136
67.09933186706803
245.2189039862733
45.008327511874086
234.29894015308673
243.52677096022308
229.774665397832
73.92583010099588
46.28103524180733
187.5429019011699
213.52964733831868
251.17951996265947
226.93409951894137
80.26370856734684
40.74378492501637
208.17027751881142
151.1343735079554
90.22305681022954
244.17251032350032
242.88069672214806
230.70277454055213
71.9442528484742
47.02991785944687
185.54770072463907
232.59602986686514
69.53323611433734
48.35087534541162
256.6276873982097
225.22407428516453
84.13424523861977
239.37532194555388
56.849711091974314
75.24848831979034
246.5796898703702
43.48543335383147
130.70097108885966
215.03899488696698
245.89280497423533
48.33199880197208
108.46916321949175
207.97167419021935
266.0409463607284
219.91454603778038
99.46796404569977
237.76606461636766
234.490343918671
64.75019621409956
56.146515280084714
253.9239495685979
227.09697813464663
79.26418680285497
7.970356501249626
231.63633928933632
77.66625288927025
257.899506319809
220.48251053510467
108.8984244027888
196.85656461312828
266.79418069972235
220.54182983012288
96.5527493438276
239.02279839776384
233.95672023654697
65.70585041654704
53.820926407723164
254.32059462821417
226.9004991300826
79.71323486182519
5.690139194954099
233.52418114248576
69.58238476376937
261.0936425465625
224.36846631851586
85.55671857030029
237.19400545788812
57.95565970382086
248.54864745967643
229.12057131277834
74.80462576262289
38.22669144380052
195.65894893912628
266.6926939745754
221.54375430808795
93.18343560638095
238.32666841098398
57.54790159863478
74.72361722586356
247.76374205515094
43.468512104052934
139.0148216451962
122.4068009782386
259.6508714760421
222.78415445249266
92.0005005878229
240.16566593560492
233.35326624818845
66.71458091481327
51.90494738557754
254.77275553679647
226.52892749854072
80.64427948812227
237.00011715968867
58.70132968854887
248.6097104641376
229.03180276115017
75.0133184370934
38.43553238049208
198.05866707708628
267.14190655437415
220.0541498990424
98.40293407837453
238.4206482816444
234.134349680593
65.34880162107584
54.9705874022402
254.22527341847308
226.84961280121934
79.87252439166332
5.2585588423971785
235.35193838187115
62.997074997801974
246.50985747879895
52.98132927734696
70.03272074328561
263.84078723085986
222.6359029601008
90.62507518754865
239.37523011960002
58.071725174704625
68.06372036894754
241.54949274518003
54.06605174011929
260.914341115953
223.09052515005897
91.021427738895
240.50265455540648
233.28427620491857
66.86175369523698
51.42187536040001
254.80902066861745
226.55571278903517
80.56034622954758
236.6324490106199
59.52092165919021
248.33335598712438
229.33484689495526
74.34611084579228
38.885823562784935
192.64666253115865
266.648573080558
222.31364475100418
90.927942141745
235.67735506181634
61.14373183880525
247.02850878766913
230.7584380547778
71.58597649350122
40.99823315642425
256.4906454181473
225.70558652608452
82.60037886052305
238.51620446006564
56.17559908653493
82.24990577199787
249.01444319480652
229.0861376697285
75.08801158214192
39.60449248923396
204.63407140963682
254.34115991490398
225.38106967559725
84.32996702220407
242.57707932528137
232.0553553205391
69.02661415560578
47.72687231939199
255.65852378667478
225.8303189343278
82.4647311626104
238.9123044255175
56.22705226817925
80.53846565321874
248.12198938371876
230.6438213841684
71.87412052916625
40.956956955029455
256.6251534052135
225.52542854591593
83.1126149004267
238.97954349614156
55.918287478350976
81.88252217094123
247.9287802460385
230.5775034306207
71.97507710699574
41.25710711931606
256.6473408820675
225.41634380437608
83.4451948816859
239.20980101867463
55.98098830003437
80.73247477169934
247.28760505351966
48.82746122673416
95.00829601869191
260.000955106967
225.31618614491163
83.2476567259946
229.20223591048125
90.91350584797328
245.8976996623387
47.49592633926659
261.84250150446314
223.35324106666667
89.44984978535649
241.26681400094822
232.7829694614411
67.72243400089064
50.05326102413528
255.1879709954228
226.19524244584318
81.50406962012494
238.21462265838636
56.71636255523481
80.79113037122443
249.64971687116486
228.61469655687688
76.16470417033997
38.919792821827286
218.07847507236147
142.769459506133
242.87280569802533
50.71352093121095
248.0666553307019
45.64058272307739
116.97874817126285
255.51251412486454
227.78966066153225
77.5531753617397
12.14789354117238
259.8203554777283
223.74930158846837
87.99963287306309
240.1771697149088
71.21791586725158
258.5518981584173
225.85105255260714
81.74719143856782
212.8809568603465
265.396734866139
219.70981403857877
100.64896741267876
237.068753083935
234.88600263277476
64.10736193397315
57.40069402947847
253.5696138190542
227.40150793043722
78.52942193277704
10.492779909691308
222.6383235677058
247.696421834582
228.0083112547145
77.88699524509138
47.628896647074725
119.13400120660663
253.06825438218948
16.738892939843936
253.89548901286616
227.45637597046152
78.31188487415784
10.311274800478714
213.00765236938605
265.24691247312876
220.04223160655238
99.2379197418195
237.76880417314533
234.49947997077834
64.7401167536882
56.12034033554664
253.90941112038854
227.12257334387687
79.19819260772783
8.190453285016702
230.8028352620313
81.72086817305535
256.04712732395274
200.35766743346176
237.32162445702124
242.27733640104998
230.1899643791985
73.08540513596381
48.27000297376071
162.9079421829956
236.9195600630337
67.84157604341453
259.8647404922376
222.26528146938654
95.74222727083543
238.02168962865835
234.79876967167365
64.17514613163075
56.82024577501579
253.4769496775698
227.62548345941468
77.98154890086153
11.875242785623414
214.62417369600735
235.11471053808054
242.4278381334152
229.9840729162097
73.56440058592125
49.411283573368564
136.4180841109919
248.59170650626766
40.88142812876322
249.8704438311397
44.2259775542625
119.85232316721522
254.23202250516624
40.43437503797759
136.36649396979192
249.7947408013424
42.1285701590823
144.86337246924813
249.48963173602533
229.95049076434225
73.19091934207245
39.54570680100005
257.10284729454725
225.01161643487285
84.58059094508644
239.50266743826796
56.63008995089331
75.89550557403709
246.00164891210443
44.0315060300054
250.4529867182573
228.03961454585078
77.18897627355182
18.80417446458887
228.5149403985415
91.31017528873053
253.2866531656764
15.160170635019313
253.9883650914271
227.00994258253195
79.41855110698089
6.9740030822576955
230.58149947605853
82.94549641017511
255.26479552661476
4.707706704182783
192.31442741592764
266.82820814149454
220.5982281766337
96.35955525550526
238.93499575342867
234.1085001900501
65.48950956553745
53.97065414566896
254.16667681647232
227.10604431266256
79.1953238168353
7.7796393610478844
226.97454248793656
103.68152296250628
237.96390544052701
244.03965609394072
230.0242252471944
73.3004713330156
45.08106069515634
200.69182504760101
210.0825209457107
182.84004524114425
213.95679393794853
177.40622554860602
196.7092733834288
266.6262167314708
221.45288666103443
93.64625733133289
238.69062731183658
58.78913549207209
66.72991348562937
