287.92902450362976
267.87009191236007
268.72427662924383
268.6644080154822
268.6669673739402
268.66650939481406
268.66670624390144
268.6667963101886
268.66579845174965
268.6667538004267
268.66601982706106
268.66707924039565
268.66702178643845
268.66633418186575
268.66711737360947
268.66549792925434
268.66688863303534
268.66702749908654
268.6656711086616
268.6656409829957
268.666888545471
268.6662404915005
268.6673014932876
268.66679460384694
268.6662035672125
268.6670434045882
268.66669119846665
268.66666895338676
268.6667185466813
268.6657810081924
268.6665278732871
268.6663081947263
268.6664273742899
268.6674880192695
268.66624331701314
268.66696182696614
268.6673011126004
268.66655083182195
268.6671476786869
268.6667421023958
268.66623315801917
268.66579560846003
268.6671984257191
268.6662216490877
268.666341360713
268.66649106902696
268.6666277049371
268.6671831485364
268.6662303213634
268.6663848966273
268.6661946962886
268.6669606721189
268.66709919926507
268.6672221012923
268.6672086982544
268.6667078478931
268.6662221593724
268.6659714055386
268.66663155691276
268.66675086873875
268.6663999055745
268.6669132090683
268.66620593143307
268.66633501209435
268.6668466481351
268.66697680801735
268.66658210533205
268.66670087600505
268.66571260888304
268.6670206024064
268.66678306101676
268.665269181045
268.66745437527425
268.6657838771134
268.6672243042922
268.66596803858556
268.6663486488178
268.6670371291766
268.6661566973562
268.66621119874617
268.6665061326348
268.66646964807296
268.6666991602033
268.66705706142966
268.6672853998607
268.6670541053609
268.6667744110018
268.66665627787006
268.66590235900367
268.66712523859314
268.6666842681152
268.66711616291286
268.6670810785945
268.6670628477368
268.6665931566822
268.6674857238031
268.6667668224036
268.6668097238944
268.66562697445625
268.6667780451753
268.6663107309214
268.66658647749136
268.6668831128918
268.6669369276133
268.66653172962106
268.66749243640515
268.66686500785727
268.66649711508944
268.6658676961597
268.66686935188045
268.66706500690634
268.6663092422241
268.6670034918934
268.66644407325657
268.66653532789496
268.6667912572011
268.6670670285821
268.6667219205701
268.6662333085769
268.6658987691335
268.66722445089545
268.6657415766531
268.6664765712194
268.6674945741979
268.66681699143373
268.666903332356
268.6663494871027
268.6668074820918
268.6662222936866
268.667010989142
268.666423748582
268.6676781490096
268.66564987876336
268.6669438797253
268.6660923499585
268.66708917418146
268.66689173615305
268.6664121595095
268.6665619009873
268.66702084707504
268.6666464364971
268.66657700658834
268.66668223608576
268.66663735033944
268.6664017030125
268.66672715716413
268.66722951910924
268.66694617392204
268.66618165279215
268.66672287214897
268.66629557372653
268.6665948187001
268.66773488666513
268.6661808275094
268.6666954126413
268.6667018314911
268.66564170423953
268.6660622679774
268.666847779823
268.6666961884621
268.66603960705106
268.6665675051481
268.666896273382
268.66739500136464
268.6670454225532
268.66623644460924
268.66711064185074
268.6660201614577
268.66633514800924
268.66567941188987
268.6672794759361
268.6668021972582
268.6663809597376
268.6674685576727
268.6656621101429
268.66688347524905
268.666881569603
268.66604454349726
268.6666391130566
268.6660082890012
268.66661840221786
268.6656426521513
