287.52347723405336
215.3070704800033
172.4913945512592
239.1183096827789
72.79672125649381
46.09979293951869
256.9781850120655
232.2265585349951
87.56980479566937
240.0521629123923
69.95030442570669
54.277027156266286
139.5361171705622
259.03238160475803
230.5187016132204
93.61729249753716
241.3153660278399
70.21346131907103
45.71273541955816
254.85031622840052
45.457074179622396
147.61346823550684
130.388051184098
248.71466405883166
59.19317714169847
263.5970593335169
230.2066976031283
92.87652522320695
241.5611403296307
68.00568800165365
53.84729431129563
253.90556434624432
47.2856127632831
140.9352727211426
163.18228951028323
52.88012243726098
150.97233090302962
135.3428408467389
256.41912410627265
234.57289299119475
81.76880341533251
11.834760344660026
230.76864925293194
120.37909532469894
243.73488058787734
75.87592265890999
258.637240669912
40.08431526684217
156.2654733645668
85.16961564088706
250.15785789867368
60.72733009258445
261.32738154196704
37.86690746104978
182.49360905330286
259.3739373945664
230.89791746735136
91.55964457344999
242.1486652052663
69.36697282424757
46.33307628383409
254.28815673755162
45.74662428715237
139.0897566972635
205.2486174478745
162.07109673142622
250.93391221283855
233.90971388901198
84.16061850386905
44.62332545460595
178.97244114932255
222.4226800612596
251.52712091063768
233.43253657052264
84.82295234112098
15.690247992522927
237.9512190955902
74.74513685613056
46.325928771479084
206.91178727739316
220.58211773938456
118.80574065404289
208.67005759117092
252.3276990745435
48.36999616835237
138.80153402862925
251.157878796148
51.708683605207625
114.75625576977109
237.8670757973814
81.50858465476267
6.477561962201435
259.77272809226633
42.78210256457169
159.3185183290043
244.1496503550079
64.26024409035017
248.7267317378646
234.84179503834457
81.28479413939931
39.40264697099701
225.7386677715076
113.67137018081121
235.51145127744894
82.16293381300784
8.93021814230815
259.8675678770778
43.861412008973275
146.8492016850796
248.47367242769542
56.090554646893
99.84806607602513
263.0504906549031
229.3957762424834
96.10497644143834
240.66498397826217
71.5538681785838
41.525687152156024
255.73547231574776
44.52876912157808
155.33890040915503
73.6184260095979
252.4194051318118
234.38184786479178
82.22915067153735
14.51744960137512
237.71031243799735
76.12834473939074
246.53687242575688
235.65583866691668
79.41846557543613
40.92667569940386
223.95152660945314
124.39693226541931
227.5580364269299
101.80915493887733
260.6031186979926
230.5296569990678
92.52303049474358
241.87002174248119
69.76840403148526
45.56290415968397
254.54125006937102
45.50591968893423
142.1184058671388
186.94652520168893
201.34913396412594
268.2708444511991
228.46614519312425
97.95365441022295
240.3268837687283
72.14872335179098
31.015735635934107
257.11800569468323
42.833832797405194
164.94370722096937
50.6057421873702
179.81558397982008
238.78075075495144
77.59044686266861
245.87223789551354
61.35328270478203
72.04466928396141
247.97436090337578
56.07887945965922
249.4484664082629
56.465858340859995
86.93312137947942
221.0560975774133
251.07030516858504
50.8625361478189
121.66725661951205
255.7733741872289
45.84564473849605
150.98855034897133
249.97111383101583
57.50475738852401
79.85781039187714
224.01188168361114
251.004019428241
55.097140413439774
84.77784973802773
261.7854209682919
39.48126157953811
181.41235878102452
234.14221280757192
86.9367023365703
243.65521356013778
66.28209208100452
55.128586375009036
252.267201254901
48.44385697692633
251.1077737865562
233.98785721854074
83.19763072170463
12.63385128328082
238.37753335955495
74.00293187091302
61.466920779690554
61.21515716569411
267.37184620369953
224.9950054402434
119.8570881156702
223.6362332130302
126.76837899525708
217.7691213040307
155.52841258652916
74.05003979366302
250.45726099734748
53.913972723821644
103.9035122660498
213.5192616991044
267.07097719792364
227.7514781578284
100.87085234517872
238.97842718901666
74.13324366246525
25.077148837357527
258.19398125597945
42.70040099954349
167.35583168912854
242.48295815866004
66.6923896188382
61.74811404051434
254.9468543766925
232.74949727659987
86.4427131587945
239.47416710125253
71.2889994504003
51.80862274564424
151.40731748050894
127.98848008264031
231.5194567173894
249.95710799463995
51.25612222863856
121.5771650890456
229.68782557076338
97.94851716179255
241.59165203696466
72.76663128141081
21.6844387819001
257.8353329477759
41.68614093748329
169.07051191576465
40.53536273393547
195.54011974415334
268.30166816902056
228.59368925627496
97.18407583174849
240.56345619850617
70.84818818514759
45.028197395011375
255.15338908016565
45.28859441529494
150.87902963797387
95.97376142872236
220.2163710848763
243.69241211893677
66.67699057675782
259.85739461990306
38.963303335498495
170.72848631238594
19.86021371604147
267.8430440564407
226.2544612759375
111.56239291407837
232.21453197731898
87.87421656859078
240.06381067826442
69.781596147237
247.8196843933183
235.15784470117796
80.47726257638715
38.63853439565719
227.0608390535417
110.6970246134224
235.9169483916703
79.71871409440791
13.714614099575556
260.0570077781085
231.43535258500197
89.53395414687839
239.68347027894197
70.77485631555464
51.64587546189432
256.5297599343103
232.11284277474624
88.08467148755881
5.8077284712926485
238.83806764140172
72.67718585659895
48.30738887589541
168.59408807555883
30.57059055253194
268.3727861873631
229.27720507177582
95.22124783296749
239.96710205314594
69.96975947240571
52.18046079920168
255.86965897212212
232.72497405931063
86.22902952016739
239.86124047680642
70.3630323667021
54.702652482970734
136.3102291545365
225.88159930043912
115.04127401474398
259.3126302210585
231.26583129291248
90.24848311617097
240.8921824327408
68.46765677561052
55.15300935698906
255.10414655350905
232.82889930195233
86.31719539557525
243.59988625952974
67.32679465306865
50.29617454139225
252.85971273411997
47.43617722365889
251.23788617143873
233.95251837943215
83.27606178542192
12.134960905706976
238.4526132246101
73.8161832618789
59.28704149619443
75.27830509915657
265.19803533861705
223.17964446135738
138.4793428654666
250.1017686615087
53.88140623779327
105.14897368413222
238.55430939370126
75.59030358112068
246.43063645139046
62.24097950507712
64.79280259351071
243.37893047410762
73.44970846096112
258.6870896210021
39.917080111277755
155.975576324563
86.11293916980503
250.78811517996655
58.35007185697032
261.7093062354252
37.78653835950536
185.9406582693191
234.46221309859538
82.2869002163352
9.166637649352197
260.24850955529837
231.31293381465366
89.81616866403783
240.1813818065857
69.64847335161176
54.03778387160855
256.0659713559289
232.331591892289
87.47758241674455
239.54115259253012
71.12638238801446
51.574100534198806
155.86038920820283
254.70287909528997
232.12586287337763
89.27884590592294
242.65424809277465
68.4876026228012
48.54754654275894
253.76666294924507
46.37317550595617
134.61628086143173
219.09499683945614
126.5914866621606
257.76127107768843
231.673310918879
89.31124283409736
242.65018266101833
66.83144176611677
55.24285489898466
252.7635537886963
47.96666657560854
128.40089397081465
228.25261728977785
105.2183799349732
259.5687021363847
231.3408050902217
89.79461027515936
240.19346566710738
69.62787997894338
54.002744061348494
256.04450634760724
232.3580196374387
87.39283919273294
239.64061257941648
70.90431534334493
52.084255597466836
152.67900872320752
255.66592891895561
231.76876131119207
90.21048107286333
242.37867793737678
68.82936798046285
48.006016727667884
253.9921660742839
46.15252244596195
136.8440242328943
213.56845613045152
249.3422501320165
54.763024070634856
100.93846827965172
243.8243687537033
67.56509676214773
49.991849997706595
253.06455187946267
47.06626509486523
251.30045396159403
233.95271521704854
83.26172725940705
11.94697277090745
238.4645699113462
73.79875468423415
246.90546094925958
62.05203856667504
63.33203336127917
239.24678372788185
95.2980975634564
256.59569991410535
43.21006297344866
152.3648107603076
104.38367069297237
246.38125276759092
73.40028764594172
259.1642071841634
39.39851715587429
158.12623333495867
75.74598251163843
254.3648376813071
48.21403062646277
264.13239396321296
41.04453370337433
151.58815201412654
246.13493252382614
60.94885720736056
249.1203380665247
59.925871898420155
67.30344610073371
233.89092511398485
248.08178583822155
