287.95563448315147
273.1626410992468
74.60470086419946
267.26167816480984
88.99431654306477
265.24725147862455
95.85225237348459
264.12741978596296
100.20162524083753
263.3861931889651
103.20847467553722
262.8655081261645
105.35710590931558
262.49008334188056
106.91799917752996
262.2148459786604
108.06799925788346
262.0112202050159
108.920936411404
261.8600883117397
109.55642815079045
261.74651382842785
110.03449016105333
261.66118906284646
110.39413527983561
261.59706167400964
110.66498207495897
261.5483180232659
110.87125534736515
261.51114357837105
111.02862960825951
261.48326101452585
111.14640604329543
261.46200694019717
111.2365846287612
261.44566355286224
111.30577338436524
261.43276606967993
111.36030138453316
261.423484060997
111.39852643567974
261.4166664240274
111.42800346815602
261.41089845492024
111.45292006163254
261.4067753385534
111.47055774513137
261.4031577896676
111.48605474249962
261.4008268398611
111.4959305607299
261.39875894051875
111.50457922424539
261.3971075087211
111.51110241332208
261.39625290404365
111.51532003729153
261.3955146420849
111.5178317792379
261.3946173121367
111.52245054687955
261.39390854878
111.52482335392779
261.39355248020365
111.52686531702784
261.39320818049964
111.52802848632928
261.3926469860053
111.53025634882215
261.39241986503475
111.53301289230512
261.3919104462984
111.53308868276144
261.39199238570654
111.53319726885093
261.3918085525838
111.53477546319482
261.3919822660828
111.53276539663057
261.3920123942953
111.53287662019648
261.3922824960064
111.53234711301047
261.3918915837712
111.53310137741573
261.39170350625864
111.53470246751385
261.39187217310246
111.53375926340959
261.3919747063992
111.53253448127361
261.392307183698
111.53129854601502
261.3922664208658
111.53164707680116
261.39201804352706
111.53304187207323
261.3920616228752
111.53285569096988
261.39204645188875
111.53234176461774
261.3917419725585
111.53458788510761
261.39178520133646
111.53574416543779
261.39124113591606
111.53651562679443
261.39169621469046
111.5345460951794
261.39158931942075
111.53489419457765
261.3916263843639
111.53519426308776
261.3916280510384
111.53370516974246
261.39181942516007
111.53459040684538
261.3918779229425
111.53317205501662
261.3916839726953
111.53516268968815
261.3916464291324
111.53438275594817
261.3917304039278
111.53395096942404
261.3918573736373
111.53341588864714
261.3919091780117
111.53275316462532
261.3921533637258
111.53203484004189
261.3921824774443
111.53214832220692
261.3919708880567
111.53369999994902
261.39229559548403
111.53102198777196
261.39251325753867
111.53121264304355
261.39223516522907
111.53245886719378
261.3925159367209
111.53073904635676
261.3928311193231
111.52898694807664
261.3927496531978
111.52972101192427
261.3921995517667
111.53250804189884
261.3919867972145
111.53317717824393
261.3922067189851
111.53191169910133
261.39218057681865
111.53249548775784
261.3923937196014
111.53113909578678
261.39231262255635
111.53167829064478
261.3920927625877
111.53348044270388
261.39177263286547
111.5350321997903
261.39190405476984
111.53337909637776
261.3916737272739
111.53456328091852
261.39164380695
111.53391926269978
261.3916280243793
111.53417351384269
261.3918112766405
111.5337755357541
261.3918390839899
111.53419460498844
261.39207018492743
111.5322618571663
261.39230863846024
111.5315490091889
261.3927009764375
111.5296611246522
261.3924383243648
111.53098280306585
261.3924668797554
111.53027655184269
261.39268811322836
111.5309803359196
261.3922954091104
111.53122815668758
261.39232205705775
111.53075225069188
261.3920532594566
111.53190076880128
261.3916434681378
111.53700226211367
261.3912804039719
111.53579659783281
261.3914464289992
111.53543705741322
261.3917667880378
111.53315749698959
261.39217812424613
111.53257735945954
261.39210017363075
111.53252217824047
261.3924277769547
111.53109880461125
261.39206526015187
111.53225708612445
261.39238094634493
111.53142175379617
261.3926664453902
111.52979080986552
261.39239809713035
111.53252401779173
261.39210166275734
111.53191193030216
261.3922310057533
111.53171438026766
261.3927216732409
111.53028698072012
261.39233672355476
111.53199827313074
261.3924346068234
111.53052522806684
261.39268696172803
111.53018831329246
261.3924819566455
111.53141606245481
261.39223387418315
111.53272242360981
261.39182129515393
111.53381521017582
261.3921834251232
111.53257426845084
261.392150937274
111.53184503504599
261.3924912264192
111.53107209276641
261.3923628780176
111.53058318332478
261.3923781868507
111.53156470089743
261.39222099032486
111.53208750882186
261.39216010861855
111.53182685947104
261.3921791991452
111.5330816750793
261.39230854369816
111.53080165447318
261.39252342986583
111.53200025408296
261.3922843806213
111.53126102827082
261.39266851764114
111.53039328381419
261.3927584511257
111.52951154600305
261.39256366269547
111.5305710814282
261.39238321640005
111.53173584783508
261.39260559623654
111.53150824578188
261.39240071845416
111.53106739529176
261.3925734028453
111.5306047845661
261.39238321872836
111.53107618144713
261.3924302272644
111.53066670951375
261.3923369510303
111.53234122344293
261.3923048697179
111.5314890658774
261.39196961749985
111.5325445735798
261.39227397562354
111.53231681302714
261.3924999916926
111.5307451968547
261.39261366617575
111.53075990871002
261.39255026436877
111.53066558671708
261.3927338483045
111.52987890184158
261.39274476603896
111.53080049889104
261.3923540469259
111.53032573999371
261.39244164858246
111.5314103232231
261.3920092097833
111.5337655430194
261.39203893966624
111.53289242842584
261.3921605388314
111.53234100593545
261.3924254034355
111.53083590546157
261.3923865847901
111.53153471494443
261.39187466360454
111.53450537461322
261.3914421762893
111.53580063332629
261.39138089124754
111.5352099583688
261.39147653580585
111.53486718746717
261.3919406690402
111.53282762832532
261.3920319851168
111.53302843535494
261.39185774586804
111.53412498127727
261.39144953251525
111.53568903428095
261.3914260986203
111.53559567513003
261.3918627115054
111.53282263608708
