287.90536535503753
70.15543390621758
243.63730912143217
201.29616034374658
240.62840658649588
206.90115683890008
237.2254469110594
212.03560660672292
234.02979487963557
215.9436989868418
231.4205472654694
218.72509752204496
229.4529476154339
220.64479548250983
228.03169998151043
221.95687956284473
227.02751439440817
222.85087309903793
226.326944112835
223.4600743300698
225.84160907082878
223.87527855457574
225.50680417689546
224.15867916489788
225.27649744554856
224.35234056391255
225.11804228566143
224.4849506810042
225.00934653490367
224.57551175894878
224.93485689014415
224.63742389225445
224.88359399003275
224.68008071466284
224.84854187113342
224.70903921249192
224.8246203253475
224.7291492154236
224.80802835693794
224.7428331008923
224.7966594537993
224.7520860233126
224.78892461686337
224.75868800400713
224.78356474223438
224.76302306731668
224.77995226056737
224.76595812458618
224.7776644286041
224.76792313593796
224.77583295513978
224.76942036812216
224.77458877889512
224.77034420852942
224.7738915395821
224.7709749583919
224.77338142410736
224.771445807306
224.7729373375223
224.77176294734818
224.77259718493588
224.77224309197845
224.77248001774205
224.7721388256905
224.77219567359134
224.7723800815911
224.77223663363839
224.77245569497245
224.7721172420679
224.77259861877246
224.77205116451296
224.77270397136817
224.77207620501213
224.77234633000262
224.77239866117088
224.7722929676529
224.77231056761957
224.77228773357638
224.77220976156968
224.7717592193876
224.77320304946625
224.7704771329154
224.7744247371229
224.77023371286487
224.77403147651057
224.77091328865936
224.77351457365876
224.77123107058287
224.77313266728743
224.77168596536285
224.7727466442193
224.77180730443797
224.7727594789103
224.7718034955069
224.77272556161188
224.77205695914745
224.77248173743283
224.7721872123475
224.77241457874698
224.7722492215471
224.77197137855183
224.77269544080627
224.7720649459261
224.77244391410932
224.77214765935787
224.77222640921536
224.77226369026175
224.77246297539386
224.77221806064335
224.77241661880544
224.77223578029952
224.77240689277824
224.77215144826187
224.77254681107297
224.77210939637735
224.77234307498293
224.7723513684832
224.7722760441684
224.77237468551903
224.77231790607038
224.77225970882137
224.7723231982527
224.7723673102082
224.77221910360822
224.7724517057577
224.77198473858152
224.77250386903324
224.772269394256
224.7722969675233
224.77242238897452
224.7722200070566
224.77250594721409
224.77208255974256
224.77244546417205
224.7722014066385
224.77230856694223
224.7722650393116
224.77236404390715
224.77236988991353
224.77224999502505
224.772305361279
224.77233949174843
224.77224293557083
224.7723736406042
224.7723023751896
224.77227491527447
224.77222637825616
224.77234269584733
224.7723578767036
224.77233949757647
224.77225045538944
224.77248484416486
224.77213019338524
224.77246435703273
224.77216367416986
224.77239979209844
224.77218559970788
224.7724612141319
224.77213617609232
224.7725749248275
224.77187095013505
224.7727579516868
224.7718046746886
224.77286913697026
224.77183737985615
224.77280295827222
224.77189330680267
224.772289905879
224.77240905221697
224.77211860082025
224.77267045993358
224.77188970994757
224.77275471182656
224.7719416436812
224.77261539981555
224.77195023698005
224.77262031839928
224.7720600883913
224.77256231106003
224.77216948546265
224.77249917487643
224.7721379609211
224.77249645125266
224.77191483780916
224.77261516545695
224.77204805777728
224.77249189984286
224.77205160546873
224.7723764693801
224.77232590232597
224.77234659786336
224.77212214320753
224.77263151912484
224.77195747021324
224.77266066063748
224.7720013013386
224.77260396005295
224.77200584359525
224.77262458053883
224.7721047451705
224.7724748518449
224.77228508502594
224.7723035688541
224.7723517733175
224.7722239773284
224.77252213534666
224.77205318410415
224.7724900911271
224.7722059996886
224.77236323527177
224.77238642891461
224.77221707356512
224.77224852387735
224.7722820815543
224.77233626702218
224.77200910709507
224.7726842014672
224.77187894609233
224.77267950598616
224.77185214868223
224.7727416298003
224.77195548296731
224.77270425127062
224.77182954314048
224.7729472557403
224.77174528963224
224.7726110027579
224.77216554472398
224.77244310450624
224.77218590404664
224.77248401423276
224.7720907170733
224.77224131247203
224.77225866775552
224.77240919524047
224.7722150074842
224.77241591134225
224.77206980102346
224.77271092073352
224.77203963178908
224.77249029684754
224.7721660939278
224.772407726472
224.7721856553253
224.7719577820535
224.7720795427158
224.77277118893107
224.77173673764628
224.7729095814575
224.7718918958999
224.77250783222553
224.77221982355695
224.7723443448631
224.77230062018498
224.77259041482466
224.77213253737136
224.77234965238313
224.77216765328194
224.77237367133785
224.77209145828965
224.77251838280063
224.77217417889915
224.772447857511
224.77217968323384
224.77134441265662
224.7734206647583
224.77119127110927
224.77325386977463
224.77160024712794
224.7729328867863
224.7717744754773
224.77263243038033
224.77198387913813
224.77258945455833
224.77206312517228
224.77258204706595
224.77190236955357
224.77255818610138
224.77214106995962
224.77239138432196
224.77208364334365
224.7725620763522
224.77219538140344
224.77229010872543
224.77216530797887
224.7723623689817
224.7721833507967
224.77247103865375
224.77209903893527
224.7724045895011
224.77224438940175
224.77233094818075
224.77228269184707
224.7724488220556
224.77212780163973
224.77249830310757
224.77207568916492
224.77241418199264
224.77238311238762
224.77218858069682
224.7724301845883
224.77222120498482
224.77202954854874
224.7726861826377
224.7719753344427
224.77254046571034
224.77221739421657
224.7722824364464
224.77236714832543
224.77224855244276
224.7724343239679
224.77226862455427
224.77238410242717
224.77224149422545
