288.02880588663095
235.33685115665298
249.0864711160882
244.91336256901513
245.92970477555536
245.65614061884662
245.72580527003765
245.70773669990513
245.71294101261856
245.71157191190878
245.7104078307084
245.71201974131054
245.71035714854497
245.71268238727316
245.71179120526267
245.7117183176024
245.7106028892349
245.71244203876086
245.71114883790779
245.71184754268597
245.7115320199191
245.7122883184402
245.71085945420236
245.71173679032108
245.71177328193153
245.71202269981404
245.71054802244907
245.71230867260783
245.71236381548624
245.711998013443
245.7118428186859
245.71100679630035
245.71201033001125
245.71116348631222
245.71149527926718
245.7116641699722
245.71174500442066
245.71145927243924
245.7120832975088
245.71214195811626
245.71024157336433
245.71220032661404
245.71186872759063
245.71226039090106
245.7116806430131
245.71215326458332
245.71101736848868
245.71149385340686
245.7122202635619
245.7114423439125
245.71122270448177
245.71226651536927
245.7108006362978
245.71242060230725
245.71134966594036
245.71209284132783
245.71132505899732
245.7113592485075
245.71203534035885
245.71154237735755
245.71158456570993
245.7116569224454
245.71192609782884
245.71202526483103
245.7116219482159
245.71212291053962
245.71199103335675
245.7116600721747
245.71234201862535
245.71138182259529
245.7116630833989
245.71158182763975
245.71201352628486
245.71061428147732
245.71135263590622
245.71167172872447
245.71096820367893
245.71204837635742
245.7112355032441
245.71155373056536
245.71208710943756
245.7122248076157
245.7115831548399
245.71195747021193
245.71066982667253
245.71200769981078
245.71208621722326
245.71182427088206
245.71015701476426
245.71165069373092
245.71163123961742
245.71142099458666
245.71127650447306
245.71227572431962
245.7105960314584
245.71205570447637
245.7116635079292
245.7111686798744
245.7116171760572
245.711829652304
245.71159424504003
245.71118109738018
245.7118955228798
245.71174922030332
245.712034879587
245.7114851305305
245.71189637370844
245.71164445029717
245.71196620285627
245.71148076704412
245.7107763913009
245.71192367024923
245.71187015350006
245.7118280501454
245.7121927011758
245.711232714144
245.71133406557055
245.7115490645956
245.711797016731
245.71228922909359
245.71164971313556
245.71152832458029
245.71184238990827
245.71148910456395
245.71180009453383
245.71160926873563
245.71155791630008
245.71196089254227
245.71189444462652
245.71168968233542
245.71188839197566
245.7111420092624
245.71159058354533
245.71236822889477
245.71092078326183
245.71195858874125
245.710923582752
245.71184325898503
245.7117843208398
245.71195181953226
245.71166172380617
245.71102424240962
245.71104675940296
245.71229154150205
245.7118993312979
245.71225955837144
245.71130939562863
245.7126379446563
245.71162517250195
245.71147535648925
245.71219349411695
245.71246479175898
245.7111735317012
245.71189256833895
245.71155765238655
245.71187494835613
245.71126807951805
245.71243932536163
245.7113089586055
245.7120573704815
245.7105290062027
245.71224027563585
245.71214829468227
245.7107221993574
245.71217722185247
245.71116676495149
245.71263013747375
245.71142940629215
245.71212488712627
245.71188883615832
245.71090531403024
245.7114686112909
245.71155867665948
245.71147981843387
245.71167383683496
245.7120041340968
245.71179561442113
245.7117246935377
245.71096347513958
245.7116707317473
245.71112591917336
245.7117974548455
245.711113989586
245.71179343141557
245.71114387866692
245.71175855347246
245.71178931446047
245.71129253311665
245.71226062130881
245.7117747993325
245.71211685898015
245.71168392550317
245.71157689786924
245.70996833220124
245.7125221525057
245.71170255049947
245.7115386136138
245.7117097312439
245.71250615462486
245.71182490413776
245.71210787787277
245.71196073663305
245.71124115155544
245.71175768435933
245.71188417408848
245.71145532171067
245.71181150045595
245.7114101585321
245.7115031286521
245.71130639425246
245.71181871020235
245.71117402327945
245.71236216209945
245.7115680182469
245.7125276197039
245.71124064798641
245.7107926893368
245.71203300093475
245.71179015647795
245.71164245301043
245.71196441135544
245.71096032722562
245.71239438930934
245.7105194619653
245.7115507144772
245.71123784761585
245.71162939628994
245.71072937527788
245.71128641731048
245.71223096834728
245.71143618076167
245.71176670510613
245.71113498152408
245.71236610293272
245.71203103888547
245.71119877057208
245.71190656856925
245.71216128485685
245.7119957593386
245.71121604630025
245.71182366655557
245.71127590854303
245.71140513264982
245.71206200394954
245.71114289131947
245.71189191217127
245.7121300081053
245.71227280829044
245.71141507434368
245.71052702974703
245.71119364847254
245.71194827844738
245.71164479387517
245.71233588251926
