287.66638314949245
242.86704530252018
67.53632019325767
231.66993904276228
91.1409605731319
209.18954143876158
182.86838381474217
238.57156670629865
80.84976559635106
222.16160977505797
119.08918657434924
50.6192026709964
265.41765535375544
245.4822565268446
62.32124587392764
233.07472945355994
87.88180506769368
214.5082069274731
167.23345799118852
244.97551414889858
250.80658193460022
55.6063456021875
234.9286970333178
82.39083873519758
222.45662378538145
123.8235639008808
29.353718892964935
269.8810894731823
246.50757066149436
61.95688694909677
233.2796882190496
86.36152685960678
218.25098451646136
147.1750374428093
250.8917799699193
53.80679001903263
236.08760125479057
79.92819263447564
224.43425542422847
116.05722016769505
60.882320107837586
266.9443717864815
247.18696276520677
61.090526072594
233.4818852724875
85.80274415330496
218.9937102548738
146.7550763527106
250.95095376920472
52.8027317167016
236.37387246138314
79.45665272733822
224.552075473679
116.34968801024479
59.70186085464047
267.52207581168295
246.91069377042186
61.43017662792954
233.3940724951808
86.0432298764481
218.67515531009485
146.63198655472115
250.9646372077441
53.16772631146523
236.27971558470563
79.58590465146881
224.5731607504913
115.87464055939745
61.30133663439483
267.1123314082579
247.08537083094416
61.235864742851845
233.43956833362608
85.91296793087531
218.85484367889148
146.66131457016309
250.95346552592673
52.937853883569915
236.3421750209418
79.4944711887656
224.57151846198394
116.11051278234663
60.481142892524076
267.3446904574339
246.98456497240477
61.351722322404385
233.41159553151738
85.99174597325691
218.74813430456925
146.62771838085973
250.96108952048235
53.066385746602464
236.30821478443613
79.54155887076558
224.57777701883242
115.94866478501353
61.0324815421809
267.20048645875795
247.0458876254197
61.282829329476954
233.42771750589236
85.9454566497152
218.8115209308271
146.64194286963175
250.9567722354186
52.987302014542365
236.3294078826766
79.51133991956522
224.57580153223898
116.03848738754095
60.722781788939756
267.284526184827
247.0096262165025
61.32380781030952
233.41786131123808
85.9736036833965
218.77338306793172
146.6314880512473
250.95935381102026
53.03411330666859
236.31706181622212
79.52878628620238
224.57740226803435
115.98198828209206
60.91657057309567
267.2332182833925
247.03243470959205
61.29847481361139
233.42393669709418
85.95603951628436
218.79707348535158
146.63712194573964
250.95781337918743
53.00498972553032
236.32490176097417
79.51735279490458
224.577172494337
116.01384746142139
60.80615967003541
267.26349768073123
247.0189229345997
61.31363468382915
233.42025268228463
85.96672950519132
218.7825583265003
146.63376127135416
250.9583918545759
53.02242986397323
236.32020788173395
79.52432060307183
224.57710354822484
115.99632190473494
60.86721462421701
267.2460517595682
247.0265297609003
61.30503581039375
233.42249933861603
85.96005766085
218.7917330896671
146.63551296635706
250.95819989556912
53.01116018460016
236.3232855482711
79.51966465662554
224.57742418666749
116.00685426854034
60.830155145209574
267.256860272224
247.02198321085598
61.31029796247458
233.42117731288454
85.96398355049314
218.78653693436354
146.6343110362941
250.95847172106005
53.01735807744262
236.32169037043786
79.5222808577164
224.5769924145352
116.00127227551275
60.85019289384218
267.25119881339924
247.02435377931397
61.30762927471369
233.42170194757637
85.96243922788562
218.78855196356017
146.63505488065857
250.95829598344426
53.01491859751695
236.32227149363462
79.5209809733642
224.57756483995036
116.00133431770519
60.84889701655629
267.2524917103656
247.02289812806703
61.30868931252189
233.42162521457794
85.96313528956671
218.78757086055703
146.6344329777785
250.95838823875238
53.016780880447186
236.32171473815106
79.52202141701855
224.57727392900415
116.00177255633753
60.84833175949461
267.25147507437214
247.0241860940805
61.307651364324556
233.42166969822574
85.96291797130107
218.78799768268073
146.63465619527415
250.9586556543145
53.01561360705091
236.3219970953869
79.52172698444338
224.57715323043521
116.00268745757057
60.84499992165365
267.2528623567123
247.0237144213097
61.30830018448614
233.42151350998756
85.96312704136653
218.78751603132696
146.634624995575
250.95835265383357
53.016460504855786
236.322007562434
79.52158973420592
224.57742299931851
116.00075183167792
60.85127433324669
267.2516161818785
247.02408415024547
61.30789922688564
233.42177559928678
85.96235315800004
218.7886184238887
146.63554112693237
250.9579682298936
53.01500651475362
236.32207897520857
79.52183022425743
224.57676171785715
116.00542296462663
60.83609709429584
267.2547083282043
247.0229180673341
61.30918309883418
233.42135672675795
85.96339661753154
218.7871652460235
146.63434920583677
250.9584529372005
53.01703231047577
236.3207765019688
79.52405655135954
224.57578533209744
116.00700097247318
60.832259042064834
267.2539105361284
247.02346240985207
61.30853907921846
233.42153686156234
85.96282478370267
218.78824704240105
146.6347277557361
250.95854622132174
53.0154192294649
236.32199770965235
79.52173279240378
224.57719998333778
116.00279030104866
60.84485848800978
267.2522299779084
247.02393409253273
61.30799121505697
233.42161736870185
85.96334849736013
218.7869831528078
146.63499276497168
250.95834664034192
53.01652758724231
236.32176425789658
79.52208096765389
224.5770168207091
116.00309160060715
60.843887026421726
267.2526329859393
247.02377554043778
61.30834367284842
233.42172655111062
85.96266587381251
218.78803727542982
146.6350283214124
250.95837898444734
53.01545917779731
236.32214600720908
79.52141725058027
224.57689450288308
116.0034873062541
60.842560921257245
267.2526657277922
247.02364804547688
61.30823311278073
233.42160334132495
85.96280476092943
218.78793742958806
146.63476435031043
250.9580447220651
53.016496229029144
236.32201605360024
79.52163800374547
224.57735764575773
116.00178446511563
60.847976563090924
267.2517210635706
247.02398049666954
61.30799553007819
233.42191639372322
85.96200122931623
218.78926520995446
146.634879304067
250.95821203186642
53.01422045583604
236.3225207304058
79.52115488755226
224.5768524284067
116.00566610356327
60.83515033648291
267.2548047721066
247.0222448567365
61.30966239821282
233.4211887120473
85.96403218741762
218.78630087523197
146.63473988123587
250.95842584758066
53.01768157616607
236.3216137629497
79.5219581923302
224.57768256828422
115.99941603577463
60.85579402955773
267.2498328947404
247.0247459034581
61.307174342276994
233.4216470112442
85.96271635169978
218.78812392395048
146.63533113713493
250.9581464855437
53.01569641265087
236.3220698693185
79.52166945526551
224.57694254184025
116.00401444046292
60.840719332627486
267.2535986291623
247.02268083284434
61.30924459696689
233.4202910453023
85.96594464864756
218.7834891698294
146.63434245849203
250.95846892111877
53.02085981259006
236.32077067060163
79.5235619286832
224.57703370058152
115.99795288199675
60.86166208879149
267.2477041532693
247.02580589706486
61.30586136618513
233.4222897739237
85.96055285219336
218.7909463510441
146.63552069962316
250.95786432056047
53.01263250023476
236.32307794626104
79.51999148292816
224.57763454254018
116.00499631043931
60.83649908419466
267.2555892695964
247.02249942577328
61.30959720896499
233.4211883598473
85.96394332297496
218.7863984949072
146.63465397029358
250.958067596599
53.01828914467478
236.32137391364085
79.52272613519744
224.57704649295192
116.00112282892223
60.85065259941621
267.25068913375435
247.02395575903938
61.30765848235751
233.42175199245685
85.96192623113166
218.78917448878929
146.6345429623907
250.95863524303422
53.01455577967863
236.32237841559981
79.52104503192822
224.5773464518279
116.00320154984365
60.84305965663225
267.2534214393527
247.02374238605262
61.308185324363876
233.42148668646405
85.96326074143872
