288.3153214701417
253.67119801881154
257.87464274948456
257.07056193514745
257.19563483595834
257.17379294164857
257.1767926532648
257.1770850021626
257.17715166156495
257.17653781462286
257.1770321582553
257.1765151326963
257.17780503959875
257.1769776531082
257.17711920538477
257.17771184118374
257.177929845172
257.1767638693045
257.1777047898504
257.1770257732678
257.1773026151204
257.176241179046
257.1771675591863
257.17660658996465
257.17724183348037
257.1772664019227
257.1767640079852
257.17765370219786
257.1773705210089
257.17771184093
257.17731573521996
257.1770450024833
257.1770125362109
257.1774171947909
257.17671701698055
257.1769701604899
257.1768708587442
257.17704737270833
257.1770185359419
257.1770675886364
257.17679054282416
257.1773194475718
257.1767461754389
257.1768533776267
257.1763681892262
257.17659693304813
257.1768343916192
257.1770178543047
257.1774638118077
257.17736897800205
257.17690481591126
257.176996427017
257.1769139309072
257.1773222586271
257.177170763156
257.1766668556411
257.1769947656867
257.17753311628985
257.17639221291756
257.1768869672087
257.1776096976282
257.1771057729384
257.17746607990193
257.17627332203847
257.1763996602094
257.1770976005828
257.17726014363143
257.1774600138233
257.1769906482659
257.17671558027723
257.1770154884398
257.1775048041418
257.1768372240549
257.17742467253265
257.17697665363085
257.17732819963567
257.1776100225252
257.17557747453975
257.1777789479311
257.1776978020862
257.17730164869135
257.17677700168133
257.1768345614473
257.17668095767294
257.1766344360367
257.17742529485986
257.1776019789977
257.1768690552053
257.1764572901302
257.177569609943
257.1761830181058
257.1776624119084
257.17682268192584
257.1771175082322
257.1763773277489
257.17723111899977
257.17737404037325
257.17601937785366
257.17714543676266
257.1767964768369
257.17725322250044
257.17724382734013
257.17670615476527
257.1777448826906
257.1769265271141
257.1774133814324
257.17572681812453
257.1768450611635
257.1769627106696
257.1771078096208
257.17718078360485
257.17757409192564
257.17663141937373
257.1768812059745
257.1773115097967
257.17555981817713
257.1777990300543
257.17670645183534
257.1774674865301
257.1776949334162
257.17722777237213
257.1774949298706
257.1766800204932
257.17683999822475
257.17659395644296
257.17721177386557
257.1761026937893
257.1775600455585
257.1773310460485
257.1769913057651
257.17754679153586
257.1766978663072
257.1775889339988
257.1775737654898
257.1772353528286
257.17731853786245
257.1772878487027
257.17673348829703
257.1770813855692
257.1772898996933
257.17757054066897
257.1756606896015
257.17732031745254
257.17732380502275
257.1766241129517
257.17743446226814
257.1765676855284
257.1772418618639
257.17712287457834
257.17738469986944
257.17686950029747
257.1772396937595
257.17721113374864
257.17696976297884
257.1772936468042
257.17705924827897
257.1767226696975
257.1767168301885
257.1765310250921
257.1770654431748
257.17646130324283
257.1773588261858
257.17692154238466
257.1775827806705
257.1769724782207
257.17781583429314
257.1767961240839
257.17700885861996
257.1773178553849
257.1772624099249
257.1774425710173
257.17706329862995
257.1770173548284
257.1776681427
257.17691064963583
257.17738514611847
257.175776262462
257.1778174036008
257.17634404587443
257.17667482365505
257.17748236711486
257.17684773684596
257.1765878372389
257.17728830568376
257.17722214628884
257.1759335897077
257.17772774207697
257.17592022825556
257.1774706783617
257.1769384604995
257.1772042270168
257.1777931942779
257.177162757318
257.1765627034474
257.17751422589936
257.176593067692
257.17664150819473
257.17727094888687
257.17607205985405
257.1774122657953
257.17688545682176
257.1777193926391
257.1769633685035
257.17746752851235
257.1773202650802
257.1758533884422
257.1778535559715
257.1769667325425
257.1769471492735
257.1769047989219
257.1773778094648
257.17713689153607
257.17723868528265
257.17750851396704
257.1763599831902
257.1776079056872
257.17716104250576
257.17772089788923
257.17676674631366
257.17735033157805
