287.92801291371256
269.06590172608605
269.77298150815955
269.73133794067076
269.7319492278925
269.73411705447506
269.73315158449714
269.7329538865474
269.7333882926705
269.7336529313952
269.7322194718563
269.7328255587727
269.73307367624875
269.7337897597454
269.7325924716188
269.7334419335184
269.7329899975084
269.7332539583567
269.7339375105348
269.7327453887774
269.73333014976924
269.7319370355035
269.73262945079114
269.7330995510165
269.7338267496689
269.7327891795521
269.73250652623574
269.7325205748293
269.73357797348217
269.7331347958534
269.7327634586727
269.733316972015
269.7327354265144
269.7331392575652
269.7326654467215
269.7333570364317
269.7333743120689
269.73335165818935
269.73301966712097
269.7327068505401
269.7340771089184
269.73335207356286
269.7330892292375
269.7326672854251
269.7331237706385
269.73321191374635
269.7327356236201
269.7326413251467
269.7329157028944
269.73269865163456
269.73326052398625
269.7333388838488
269.7330365187263
269.73362108328365
269.7333574926888
269.7326003057133
269.7329490064367
269.73345685137247
269.7331090088628
269.73267036707693
269.7331376223956
269.73298669300857
269.73360948982736
269.73272389371414
269.73345864652947
269.7336566347949
269.733317916769
269.73348860761325
269.73243568067846
269.7328464525417
269.73292850988946
269.73327751213947
269.73142769470724
269.73254145895044
269.7340884382502
269.73316734107357
269.7330491786779
269.73269527981756
269.73342293492897
269.73262467916356
269.7332622563554
269.73356892655283
269.73291721164424
269.7334727091584
269.7328614209764
269.733572684243
269.73347725416534
269.7330004852338
269.7331018012992
269.73323433574114
269.73326152571826
269.7330965834626
269.73290794703644
269.73335762825445
269.73177486364875
269.73275189831475
269.73340381543676
269.73363085505116
269.73248137149494
269.73276521236403
269.73305974751565
269.73259205418435
269.7338830682347
269.7335076365489
269.7328464495149
269.7333113446366
269.7333597118268
269.73300847144856
269.73320463471464
269.732525089159
269.7336208669003
269.73143837504176
269.73346937064343
269.73202423140174
269.732439920248
269.7329767695919
269.7328762533725
269.7334458244586
269.7322231078724
269.733060855011
269.7324519885442
269.7324752044515
269.7324308979296
269.7331862902065
269.73314639511227
269.73309575163876
269.73353598543326
269.73304891967564
269.733215613669
269.73363271559356
269.73287720764347
269.7316246107948
269.7336919985537
269.7336941430258
269.7323039007315
269.7331127652724
269.7337060086138
269.73254897948937
269.73369037816883
269.7330014362233
269.7330439407524
269.7328101394378
269.7329831504612
269.7331614022696
269.7323873095156
269.7331380133837
269.73318413279776
269.7332861999894
269.7328427985485
269.7329703310679
269.7331069303764
269.73298566682206
269.7327920313837
269.7329848086083
269.7329325128085
269.7322178705508
269.7330056849314
269.7335430618841
269.73263919765304
269.73314208412194
269.73315306215954
269.73208897233417
269.73318424553145
269.7328629304393
269.7320162012329
269.7334676540195
269.73333751715836
269.73351552840904
269.73318217057385
269.73312695017376
269.7325485326437
269.7335113204754
269.73252999715623
269.7333101896511
269.7331486176845
269.73334666443407
269.7331165802316
269.73304865672253
