287.96322122665185
265.41365595841626
266.63103792339643
266.5156466655185
266.5234945722714
266.5241134607745
266.522836746979
266.52421162346036
266.52331993500684
266.52308821587667
266.52404152655436
266.5235706027652
266.5238000409827
266.52292313732596
266.52291581980444
266.52360126174153
266.5237753808524
266.5240733145092
266.5237436778589
266.5236890810902
266.5234112153139
266.522943861115
266.52267298690094
266.52265293512755
266.52427644784075
266.52351808511594
266.52368859769376
266.5215880897995
266.5241462911017
266.5230882719716
266.5240801111486
266.5222868843448
266.5238473725076
266.5231341614599
266.52390129265405
266.52354486705735
266.5233140901619
266.5240240808198
266.52353893697
266.5228084350747
266.5225865361026
266.52272913789784
266.5240296088559
266.5239899692242
266.52386030292473
266.5235257994973
266.52414413310544
266.52321698112064
266.5231467396916
266.5235858897795
266.5234426258321
266.5235729560918
266.5230034209635
266.52288583782865
266.523672371728
266.5235377388635
266.5234242437109
266.5243668495459
266.5236931157706
266.52389289202983
266.5220065813701
266.52344383682794
266.5230573646986
266.5237301056259
266.5223947820923
266.52409270176577
266.52391746040666
266.5230589501225
266.5229244182483
266.5223968854625
266.52379951588955
266.5239123504798
266.52352159298607
266.52383428125904
266.5231915817276
266.52373048350273
266.52359638305643
266.5224668770825
266.5227535232334
266.5231793207131
266.52398995585827
266.52353278611554
266.5242447886849
266.52306499545375
266.5226285154349
266.52338425542985
266.52349516040704
266.52382800848864
266.5222584503572
266.5240053924208
266.5231785271317
266.5234379713147
266.52318102937716
266.5238236321529
266.52281697592116
266.52277166392014
266.5235160470038
266.5239284147101
266.52342905375554
266.5235998303615
266.52342362175114
266.5238625379643
266.52321757884783
266.52369742748124
266.5228904148098
266.52372538069176
266.5236615029062
266.5234023933808
266.52357390850375
266.5237100292725
266.5233726551087
266.52419021471724
266.5221165065086
266.5237578578235
266.5229677328971
266.52334523492755
266.5231997896626
266.52353276187205
266.5226348776341
266.5241142605155
266.5233959221514
266.5236290773173
266.52296432383446
266.5228772459741
266.52301597943006
266.5230945345829
266.52318695282156
266.5225444880343
266.52293134792126
266.5239063252375
266.52334205128136
266.522916619695
266.5227578863123
266.5228370323166
266.52412465115776
266.5233594525198
266.5218739216507
266.52324445582053
266.5235697741591
266.52281972828496
266.5239052599791
266.523724176237
266.5221990617574
266.5239661426167
266.52309472771594
266.5244325724343
266.52317768131616
266.5235017415107
266.5218443704798
266.5226302573574
266.5236704751442
266.5237114289921
266.5233975463343
266.5237334058038
266.52255724882707
266.5238174887636
266.52362443461607
266.5226729017595
266.5235537580593
266.5226822982222
266.52274082523945
266.5238440032408
266.52256715192925
266.52384399330185
266.52333561926207
266.52374602535565
266.5234177411767
266.52236267449916
266.5237669384369
266.5239196766779
266.5237678724661
266.5239101599582
266.5237528889411
266.5229508958437
266.52265615762735
266.52352894633077
266.5232997086423
266.52374121689354
266.5236600940261
266.5233328543254
266.5230645688134
266.52290157928655
266.52222670638
266.52314342043246
266.524072206812
266.52321047947044
266.5227593199379
266.5235515700042
266.5235933908698
