288.00463297080665
204.4581342683839
249.97086161323728
230.6731588859725
238.64670354045143
235.25925233280054
236.64633631633706
236.06859184709174
236.30680510059256
236.20800216521093
236.24904651982433
236.23108065177757
236.23930255065534
236.23561942739707
236.2373779289601
236.23679090472888
236.23698651301493
236.23533600220435
236.23765692120924
236.2370337393304
236.23690506920047
236.23626186802903
236.23735820370075
236.23709699212122
236.23741104975124
236.23649088596358
236.2367956486487
236.23622598971815
236.23717934942943
236.23706539353043
236.2367913266262
236.2366693802487
236.23654954034646
236.23655933535338
236.23692485173706
236.23692364362068
236.23686139121492
236.2363934536461
236.23741083145615
236.2362178313142
236.23715946656193
236.23666449166376
236.23678473422842
236.23714307507544
236.23589217534573
236.2370903733372
236.23714964669853
236.23683413541585
236.23741357590916
236.23527532871594
236.23748404656362
236.23686073829595
236.23690002536023
236.23701643777895
236.23688793249676
236.23685090286745
236.23673075426268
236.23608636115387
236.23625575785263
236.23697632218682
236.2371064750514
236.2354259267595
236.23728386808943
236.23639581924363
236.23584212941205
236.23731924845197
236.23693505816118
236.23642250982812
236.23692445622146
236.23683195331614
236.2367751787133
236.23581700749492
236.23731742848395
236.23541248328547
236.23695482162293
236.23669741587946
236.23652123860666
236.23668990295482
236.23707112211923
236.23687638846968
236.2367356488321
236.2361964695083
236.23688946900802
236.23692753470823
236.23711099595675
236.23703154085888
236.23652695513374
236.23641434760066
236.23732818356802
236.23607739988802
236.2366906669049
236.2369625844367
236.23705271002473
236.23661341157276
236.2372262667559
236.23688435832446
236.2358576606057
236.23733444749087
236.23634910862165
236.2371342716724
236.23694905280718
236.23664693312458
236.23630550473172
236.23693785065552
236.23609713592305
236.2368207483887
236.23670171828417
236.23727939777018
236.2364498972529
236.23709538138064
236.23610271233338
236.2372879825998
236.23638545280846
236.2367858979269
236.23526262532687
236.23743819885567
236.23654853159678
236.2374398648608
236.23652070244134
236.23677198452788
236.23574589677446
236.23727586460154
236.23691312222945
236.23701899743173
236.23681658732676
236.2364794201494
236.2365958279479
236.23647603019344
236.2368340350804
236.23666615115508
236.23691147356294
236.23717050466803
236.2364027932781
236.2367427822537
236.23653277127596
236.23697096748947
236.23693703287427
236.23679962465394
236.2365531967298
236.23612519797462
236.2376667595745
236.23677302882425
236.23652582466457
236.23720168135333
236.23673536111892
236.23650419003388
236.23741117397003
236.23659431272972
236.23681674792897
236.23700766222464
236.23703512438078
236.2371081247984
236.2362669396607
236.23747438105784
236.23651347904524
236.23647797801823
236.2363954624234
236.23744794952654
236.23620486957225
236.2368428059999
236.23611793186137
236.23692528362153
236.23611033049383
236.2368790555629
236.23690162323328
236.23731621853221
236.23594653857435
236.2374386202864
236.2363739192224
236.2368164141226
236.2369811019671
236.23626714473357
236.23685918855335
236.237297106396
236.23700260577607
236.23646434418333
236.23610494294553
236.23681845067767
236.23638114816276
236.23674084506638
236.23633814256755
236.23704819943669
236.2367535581434
236.23704884592735
236.23642274707527
236.2368962632463
236.2361165821494
236.23705004043586
236.23699205105368
236.23720411430986
236.23743525799364
236.23598158205277
236.23723168030847
236.23670357289666
236.23680318471452
236.23690682086453
236.23710402767756
236.23693662899313
236.2370779109333
236.23652532647247
236.23663053134806
236.23672626522603
236.23650736839045
236.23620061035035
236.23710867039335
236.23709365953982
236.23693305568304
236.23661840791465
236.23698883960606
236.2365984699427
236.23703629958618
236.2369600746606
236.23665999203513
236.23693027795525
236.23750583364745
236.2362239670474
236.2373871251475
236.23636939073913
236.23713253581082
236.23720681322447
236.23628958390327
236.23671327093325
236.23707938284497
236.2362877259293
236.2370738376194
236.23694444987632
236.23638031877636
236.2369323841267
236.23669705350767
236.23708029667614
236.23678540499532
236.2367528741015
236.23721237837162
236.23675527410524
236.23584350032615
236.23769501010247
236.23665319020802
236.2367289206304
236.23740281623031
236.2364641312015
236.23640557211183
236.23639415681828
236.23713472097006
236.23744525530492
236.23666528149624
236.2368844103621
236.23676273868477
236.2354014103621
236.2375973897433
236.23689058289165
236.23649618198397
236.23715889993764
236.23692468978697
236.23663453487097
236.2369876162411
236.23696161294356
236.23662680093548
236.2371039361169
236.23634220917302
236.23650779975287
236.23742064385442
236.23690250677464
236.23682753145113
236.23719165673538
236.23652579658665
236.23623328399844
236.23731087558554
236.2371548915835
236.23755029622407
236.23598247604968
236.23714701095014
236.23690189920308
236.2373472136387
236.2369134331384
236.2367767723772
236.23708098453062
236.23702400460024
236.2374555648421
236.23677266540471
236.23685779729567
236.23706217689323
236.2365647121187
