287.69154431779907
91.35966216084967
49.12578210952336
262.8212926841875
186.36669972638106
78.62079958504887
93.37707295562427
267.9220577593617
178.7452443695065
101.28099041772202
14.939504628955092
263.4113680725359
195.984524468794
244.28248479513468
216.17697855415554
235.15303704039252
222.69785331430467
231.3862811327117
225.39064872626022
229.647417800551
226.6481947023758
228.78978730212293
227.26888984068955
228.3561898130165
227.58164266579843
228.13530618550976
227.73960251956214
228.0228193475432
227.82062186516214
227.9652025553678
227.8609786327379
227.93608179592047
227.88220628864474
227.9205765321458
227.8936769407428
227.91253655533728
227.89831537743157
227.9089528931545
227.90120599833972
227.90676425001038
227.9032739502236
227.90607540450765
227.90418859512465
227.9057241406881
227.90446346314093
227.90477009286042
227.90444555838803
227.90506860640562
227.90492250395437
227.9045164787094
227.9049112533885
227.9047612830509
227.9051218819768
227.9048190133526
227.90469666827994
227.90445359388468
227.90495687150178
227.90501824450257
227.9044904964976
227.90494324162864
227.90379695269075
227.9054330488034
227.90450308358413
227.90433325228878
227.90477845720307
227.9036658744917
227.90506492624627
227.90446310232437
227.904896480999
227.90474823042678
227.90433325478807
227.9045582973922
227.9041528456437
227.904768604767
227.90481000250657
227.9049107541141
227.90479873353615
227.90480684133217
227.90503012223417
227.90443719791438
227.90495062937043
227.90521694158815
227.90427667728
227.90459827388258
227.90493374448852
227.90443859514926
227.904190676898
227.9043107260295
227.90481766898665
227.90478499856908
227.90371691201653
227.90544292272898
227.9047444612188
227.9050953846454
227.90428621760293
227.90531498631026
227.90424988399536
227.90427364945208
227.90453659691048
227.90504201259319
227.90401748250952
227.90512307526296
227.90463739603
227.90512068190583
227.90443360571226
227.90467891030858
227.9047981618496
227.90444179897167
227.90412657706474
227.90540104750107
227.90416866798478
227.90545622917125
227.9041734059938
227.9046680113679
227.90506032638223
227.90491736190597
227.90483110479545
227.90444104908966
227.90461711853277
227.90445972813177
227.90406090121542
227.90474731005816
227.90491709920752
227.90526558768033
227.90456663776422
227.9045237303144
227.90526469265023
227.90429033998953
227.9040584160757
227.90476991319156
227.9049282797423
227.90510044080293
227.9047391412969
227.90509819164436
227.90474778070347
227.90521590690332
227.90463300319243
227.9045043468359
227.90513920258672
227.90440275789297
227.90463479576283
227.90455519643
227.9054638566231
227.90453205730591
227.90535485380678
227.90457733683434
227.90454288438195
227.90422802379908
227.90509837026184
227.90467750166135
227.90439921386132
227.90410600721225
227.90526096898247
227.904194913448
227.90487069908704
227.90466095480951
227.9044170266061
227.90487092638068
227.90444464229222
227.90522486106784
227.90437217161525
227.90507139781403
227.90423376914987
227.9042078381608
227.90546981781517
227.90405182662653
227.90452624775935
227.90449232963874
227.9046604615287
227.90523508992192
227.90418595255323
227.9050931140664
227.90474579328293
227.90462229109835
227.9046061854824
227.90468999434233
227.9040877823063
227.90480068985198
227.90438613492734
227.9045277323239
227.9043060160111
227.9046994719829
227.90483150681393
227.90440566174948
227.90440115231468
227.90468724732636
227.90490530668467
227.90482534404873
227.9045074904061
227.9044171708665
227.9050374972503
227.90443176351255
227.9050060122172
227.90435877713753
227.9043922517085
227.90497541887453
227.9051044543885
227.90431318861374
227.9051069726629
227.90480137375562
227.90497894037253
227.904397523409
227.90496042871382
227.9048607894074
227.9044659265055
227.90444573182322
227.90502877774998
227.9052322962525
227.90369314943382
227.90483088648762
227.9041870506917
227.9045718111447
227.90492113132495
227.904970378484
227.9052648742654
227.90410280486685
227.90525814895227
227.90428135158436
227.90531763300532
227.90448894543806
227.90459889057092
227.90432055547717
227.90520924066368
227.90469104674412
227.90444190433482
227.9046465244901
227.9045846478257
227.90466914104763
227.90432416096155
227.90442309051286
227.90500764441094
227.90515247052826
227.9048089623684
227.90489620658627
227.904707764028
227.90513371406996
227.90412386669777
227.90517855013604
227.90422878389654
227.90424337878358
227.9049385661492
227.90434017307416
227.90470059850486
227.904421225423
227.9046015732165
227.90445250167977
227.90463305402955
227.9047201318026
227.90529275535664
227.904284000615
227.90506329928758
227.90404351509642
227.90537228241737
227.9041948558006
227.90493974504352
227.90485953212192
227.9048189564055
227.90443377089105
227.90439707940095
227.90479870230774
227.90441726917925
227.90483956989192
227.9041342100827
227.9054454172874
227.90406257366703
227.9054198043741
227.90479788316588
227.90508271682484
227.9041302538826
227.90538678554003
227.9041663131793
227.90467270514637
227.9041365978337
227.90502568217926
227.9047105456557
227.9050058609282
227.90501275469433
227.90431852082838
227.90485935134348
227.9049506999727
227.90420443494804
227.9054355831031
227.90459091046068
227.90460113847803
227.90516696446866
227.9047631057183
227.90426464272605
227.90473126510915
227.90528063839884
227.9045635790244
227.90395055367844
227.904751398979
227.90489491642802
227.90442791898386
227.90418935075286
227.90511353558395
227.90422346632113
227.90522104491538
227.9042678539554
227.90528759977315
227.90418889051944
227.90497921549832
227.90426177445624
227.90517890868068
227.9044804447767
227.90519198145194
227.90476022542862
227.90443773771403
227.90490398192196
