287.99397791617423
168.095570411209
257.7572885368885
219.00513819215826
239.4959701313992
229.44999449830243
234.36288046663367
231.94607840104072
233.12591976540398
232.54721335051454
232.8302101418426
232.69203663049757
232.7592840209345
232.72635039664237
232.74135443365503
232.73490158558434
232.7380532268253
232.73637505471834
232.73751889097184
232.73661915353023
232.73747818148968
232.73730881329902
232.73694720992808
232.73735982657763
232.737452487072
232.73745768398294
232.73759593465002
232.73754187132
232.7366870526621
232.73790536037814
232.73726061541493
232.73770914814304
232.7365711512466
232.73794481351797
232.7366841193052
232.73725137597467
232.73642333328826
232.7379033992147
232.73694348340905
232.7378884260106
232.73730383690963
232.7366249055667
232.73734561515266
232.73567328694662
232.73849780035198
232.7367060973229
232.73720737497206
232.73746522889087
232.73595770362226
232.73843509420476
232.73728647891403
232.73763165361015
232.73648668480382
232.73731534760736
232.73729213728075
232.73750698907315
232.73661571480625
232.73780274227101
232.73723332767622
232.73698238064753
232.73711498914417
232.73758600849396
232.73785546837098
232.73771214157387
232.7373401523837
232.7378269006549
232.73723698763933
232.73748945860643
232.73721975627996
232.7372822505131
232.7377275175204
232.73712814352257
232.7366998728212
232.73771837989625
232.7373326334491
232.7371877474252
232.7368942844223
232.73758808614366
232.73660725803347
232.7370112851895
232.73725931920853
232.73691942689766
232.73637206303465
232.7371259035208
232.73702602582853
232.73687383271317
232.73752941738712
232.73779546114747
232.7370747031091
232.73752715852606
232.73759034750037
232.7368820963129
232.73746069233675
232.73711656403248
232.7377222066607
232.7371170284605
232.73709581456933
232.7378648018639
232.7369669684631
232.73693855923193
232.73724748560926
232.73672793262813
232.73763949926797
232.73778607841814
232.7374351500257
232.73692695974023
232.73787832981907
232.73693143221317
232.73697873347555
232.73780332420574
232.73739966486028
232.7373113368012
232.7373802144284
232.73763011652773
232.73696266473416
232.73693304578774
232.73741801461438
232.73768091684906
232.73661808855832
232.7370661203313
232.73571769538103
232.7378813809555
232.73610389392707
232.73792462925485
232.73618917010026
232.73721320727782
232.73731844189751
232.73714245462907
232.73751757499122
232.73751840287878
232.7377332413671
232.7374655115782
232.7366739142817
232.73760112230957
232.73666089159815
232.73789630713873
232.73667458498676
232.73737952193187
232.73564228939358
232.73789202104672
232.73728798954107
232.73750422184094
232.73725099930743
232.7373642491366
232.73706347650295
232.7376219392536
232.73686596841435
232.73658709210576
232.73671917482716
232.73716742968827
232.73741341185814
232.7371160855837
232.73724069719174
232.73694950760546
232.73770958325622
232.73705155117932
232.7371875684039
232.73574329968687
232.7389543803729
232.73679511918453
232.73765004845336
232.7370036869106
232.73682021800778
232.7369727526966
232.7373670074885
232.73736265001207
232.73707433767413
232.73742285128537
232.73710421866417
232.7362988446621
232.73797046154505
232.7371170951228
232.73733235526015
232.73585944729712
232.73732570392895
232.73696590097097
232.7382632182198
232.73657712205022
232.7368819906842
232.73736158131214
232.73719954460103
232.73683140929643
232.73727796586172
232.7374183378488
232.73783145834022
232.73700018323143
232.73743760211073
232.73714966706757
232.7372439039027
232.73690679187712
232.73678297211154
232.73702197793318
232.73754670827475
232.73666213240358
232.73747559808544
232.73721713005216
232.73718784371158
232.73759532923577
232.7366835016437
232.7376387477707
232.7366630882898
232.7375792828534
232.73680070284172
232.7369441126648
232.73727299399616
232.73755399379297
232.7369576179335
232.7373805147654
232.73745188229077
232.7366764381004
232.73741111865093
232.7368840118288
232.73685481859138
232.73725267630653
232.73670611529087
232.73808946022473
232.73725621865015
232.73738903779304
232.7360910216812
232.73782872376614
232.73632187963813
232.73799729671737
232.73702630521439
232.73724042593676
232.73690549691673
232.73777622291527
232.73733724845806
232.73696417629253
232.7371973926347
232.73704011978407
232.73737925263413
232.73693905843538
232.73681535408832
232.73769733480003
232.73622808908112
232.73767512649647
232.7367229320662
232.73773594498925
232.73707443884632
232.73760576623317
232.73706422980467
232.7378179168445
232.73706633601978
232.73730531157344
232.73683070053812
232.73798871699546
232.73727254476398
232.73746534142992
232.73781414906261
232.73740491272474
232.73746200876485
232.73688322848466
232.7373133256333
232.7374778619851
232.737302337453
232.73751371480466
232.73740040685516
232.7366478042677
232.7378228702146
232.7369693989167
232.73761932320485
232.73718024363916
232.73745303426404
232.737089243863
232.73747637755878
232.7371191203274
232.73734187253285
232.7369484927185
232.7374080280424
232.73799559181498
232.7371901320439
232.73732705556904
232.7369644401915
232.73743341689988
232.73668891613488
232.73691937027615
232.73750684467086
232.73753301157558
232.7369317474513
232.73814521251188
232.73650778332376
232.7380297165946
232.73716846914613
232.73692379244312
232.73763583261461
232.73685323297104
232.7369290463248
232.73720775217225
232.7374716908089
232.73758901086694
232.7373595576064
232.73710974752612
