288.2642217458523
231.58729007564006
249.12387871080477
243.03623891063262
244.8600691161016
244.26586854355378
244.45334177620816
244.39355059480522
244.4123736047004
244.40593017613082
244.40805204259595
244.40766167152196
244.4076570626621
244.40762370837274
244.40826347709117
244.40726147563055
244.40805630880095
244.40791706731125
244.40783790652222
244.40632508784984
244.4085672555284
244.40753247701468
244.40755565578365
244.4080319339464
244.40787662227558
244.40769891618947
244.4082708514252
244.40774635511116
244.4078265230237
244.40757524886976
244.40772964667303
244.40756248810067
244.4078155156276
244.40742011531984
244.40822974464936
244.40772422395275
244.40785006047008
244.40793271510847
244.40810537847574
244.40778630453133
244.40733085287684
244.4075102879633
244.4077804375247
244.40763320037877
244.4076946401001
244.4073590430453
244.40833745390773
244.40750993120673
244.40722800095318
244.40842453507503
244.40806766227615
244.40761951470267
244.40752397981123
244.40754536558597
244.40800360158028
244.4066657173753
244.40779179824676
244.40822034694065
244.40739109426795
244.40781038595378
244.40775363831926
244.4077123673087
244.4077107526282
244.40729937879587
244.40837517151522
244.4071189517599
244.40814362392484
244.40747198725512
244.407383547903
244.40797773058512
244.40782100390425
244.40799626925582
244.40797968476545
244.40677067826982
244.4079279905127
244.40798046064083
244.40787411532074
244.40776212957644
244.40768368990393
244.4080623519949
244.40757193110403
244.40784574831923
244.40782706846585
244.40744911619913
244.40721165886134
244.40831784333568
244.40779983794346
244.4076798714741
244.4072141908764
244.4080420188111
244.40808296098112
244.40762153242395
244.40795000601065
244.40775361638953
244.4075271776528
244.40812101008487
244.4079052642628
244.40764617120294
244.4073768667149
244.40793405714794
244.40800849013613
244.4074921075735
244.40812708086742
244.40702876269643
244.4079605978768
244.4076356043297
244.4075298982716
244.4080196570285
244.40767980426608
244.40805497013207
244.4069699918109
244.40798609732155
244.40782177884103
244.40817366197734
244.40734298928146
244.40825483323715
244.4079912156085
244.4072127414256
244.40812335217197
244.4073159833133
244.40826039171225
244.40754698790988
244.4072810616999
244.4081309385292
244.40758683901367
244.40711210619338
244.4077705883319
244.4079924632606
244.40766654557956
244.40737569843623
244.40768156607373
244.40759361802338
244.40811868361197
244.40714599772764
244.40784542141046
244.4076909335854
244.40800060036418
244.40757275796932
244.4078743846403
244.40772164086957
244.40751081881172
244.4075626855265
244.40736821899918
244.40804356259468
244.4069125797614
244.40841858968633
244.40791815303237
244.40783617815032
244.40752445846738
244.40822256230604
244.40745749879716
244.40769741858094
244.40665550048288
244.4083325822503
244.40756700281054
244.40815098745225
244.407798706452
244.4075922090924
244.4076139408062
244.40796776513162
244.40794299708068
244.4078046310824
244.4080284833617
244.40778058135038
244.40770574475755
244.40803957817116
244.40787257098418
244.4077072789005
244.4079233762386
244.40745463174244
244.40841789256956
244.40732836259122
244.40814276582387
244.40775591041893
244.40811683339416
244.40766097760934
244.40783575648675
244.40780908087618
244.4080852228799
244.40729425134487
244.40808562966413
244.4073377448076
244.40802181219624
244.4066372037487
244.40854107799532
244.407337975048
244.40811609679076
244.4078375328536
244.40779640163237
244.40788347482157
244.40798044463736
244.40815069625387
244.40783612178348
244.40799387423613
244.40747054743406
244.40766371651262
244.4077768195857
244.40792152748327
244.407546281931
244.40791685995646
244.40807511439198
244.40757914791175
244.40802649471152
244.40789651811065
244.40690943601658
244.40774798610073
244.40734771007556
244.40803001038148
244.40796550610685
244.40772108119563
244.4077563563187
244.40798026681296
244.4075644792756
244.4082016661996
244.4078414182295
244.40784511888342
244.4076300309098
244.40784992316912
244.40800576527545
244.40807454932656
244.4077097773261
244.4078713718336
244.40801620759885
244.4082163915009
244.4078042449255
244.4071185724024
244.40853835534654
244.4077250794071
244.40808112009836
244.4075492512784
244.4078084465873
244.40771303493239
244.40788350068033
244.40791075925517
244.40716206340585
244.40836480802682
244.4076940990053
244.40794347279007
244.4073622340802
244.40830569775426
244.40784890680516
244.40759999536385
244.40748478831665
244.4080906817835
244.40782045351807
244.40777278906899
244.40748554235324
244.4078185811377
244.40745540069474
244.40728223817132
244.4081326432206
244.40749262330064
244.40688625798794
244.40840033380664
244.40783817174088
244.4082650464843
244.40771059453255
244.4079605370207
244.40774681027688
