288.341927697713
249.00539331852622
255.11387953454062
253.72671017994094
253.9833695102966
253.9301187712772
253.94002212847317
253.93799406559128
253.93933161617906
253.9378930625735
253.93889214436058
253.93835770828264
253.93878750529439
253.93809633774072
253.93919000028473
253.93924369303022
253.93891187406098
253.9389181217084
253.93842810275055
253.93922217080762
253.93872559286683
253.93899614146903
253.93859754870755
253.93880409294798
253.93864385392044
253.93799116652917
253.9386307395107
253.93753680467125
253.9393231289123
253.93809656423218
253.9390170683182
253.93895150108983
253.9387217539297
253.93839307767303
253.93808425613133
253.93903261212108
253.93892050104841
253.93895905790305
253.93859834233444
253.93919632198958
253.93868557871247
253.9381397199395
253.9394380623271
253.9383810346808
253.93847140301295
253.9395512648298
253.93906068041542
253.93918543024847
253.9381744334023
253.93920926296778
253.9392435642585
253.93845527446683
253.9386862514657
253.93940259178999
253.93824919565304
253.9385139372789
253.9389143108856
253.93894018953506
253.93905805168833
253.9390079041841
253.9381580519621
253.93844954096858
253.93886467067568
253.93854745807766
253.93832330324585
253.93914715908613
253.9387101985849
253.93848938287556
253.9388626404325
253.93857055802437
253.9390007022521
253.938315228821
253.93826166908548
253.93935513779434
253.9390211826394
253.9382954794164
253.93944069861755
253.9374841572062
253.9388638241944
253.93774826877052
253.9388306545443
253.9382833120908
253.93922329551424
253.93872867172468
253.93918346234568
253.93896845962445
253.9384480900917
253.937956987902
253.9391693764992
253.93871695805865
253.93888722027623
253.9383442311082
253.9392112997739
253.93828089846647
253.93909921870363
253.9379801469695
253.93884270791023
253.93832905415184
253.93868305497745
253.93918435092928
253.938248874103
253.9389091694975
253.93904218022362
253.93827729778423
253.93803170500905
253.93901466936222
253.9389105663504
253.93854265999835
253.93857070024387
253.93947745053447
253.93862560152775
253.93819632370287
253.93871888291324
253.938624577655
253.93874871559092
253.93796849830687
253.93907540335204
253.9388165624623
253.93886868867412
253.93759757943917
253.9392515036452
253.93847483964055
253.93856883692933
253.93885632004094
253.9379420724872
253.93908056081273
253.9386264886125
253.93809353611869
253.93911787011893
253.93891252278263
253.9382565658816
253.93744615488686
253.9387138541424
253.93952710542362
253.93756500398013
253.9390107364161
253.93834291965322
253.93912440239365
253.93894395188545
253.93934057771548
253.93754675926175
253.93847923337307
253.93875154920534
253.93926756121073
253.93839172790467
253.9392330110495
253.93896597464482
253.9388803685506
253.9382250501003
253.93973129664664
253.93859170976793
253.9392392479058
253.9385595771746
253.93869587322115
253.93882913229754
253.93765683709353
253.93903416745889
253.93778160570946
253.9395338588365
253.93882359619602
253.93815361252928
253.93905675393762
253.9386880016391
253.9387343393173
253.9396152099216
253.9388910799753
253.9389466275752
253.93890817349893
253.93832423836284
253.93909189349506
253.93854836106766
253.93878717727785
253.93798913147475
253.93859367544064
253.93924754144973
253.93879150600696
253.93898422532948
253.93909216752218
253.9391244763683
253.93891130929114
253.93907726398902
253.93844266870292
253.93797241296852
253.93862373907177
253.93894317903323
253.9389680562599
253.93911201551964
253.9386935954244
253.93817355344072
253.93757191031182
253.93871926715656
253.9388559074432
253.9388266999449
253.9389131077769
253.9391769527283
253.93916728827753
253.93866980753955
253.93931352179789
253.93886990501778
253.93894195431494
253.93889932782622
253.93806733925885
253.93807979668782
253.9385078384803
253.93812610015448
253.93884114123648
253.93871907734137
253.93892792906263
253.93862193824316
253.939312849383
253.9379983395629
253.93923428589187
253.93818616238423
253.93855445332883
253.93896147100895
253.93887078792613
253.93891828646883
253.93848809195333
253.93941028737754
253.9389393616584
253.9388285025052
253.93823982196045
253.93924080078432
253.93849807840888
253.93912842746067
253.93857937636494
253.93917959149985
253.93828676747216
253.93914623977616
253.9384073897818
