288.02406750600994
230.36270635873007
248.1019700099862
242.17840527913722
243.81571301532222
243.32186268656505
243.46337409908165
243.4221108637512
243.43401687375672
243.42963715237693
243.4316900515264
243.43097460619447
243.43135521458134
243.43090593138368
243.4312040471832
243.43158431429129
243.43098327768712
243.4308085690509
243.43130820355418
243.43104443146512
243.430150054749
243.43078200224227
243.43030166789504
243.43031340570087
243.43181194956196
243.43060638775023
243.43148451970228
243.4308175674305
243.43001629840728
243.4309674013548
243.43118512281762
243.43086431129086
243.43008334750812
243.43141252664464
243.43087230809033
243.4302294833924
243.43172694786153
243.4306375001015
243.4313178054872
243.43123069050853
243.43148560047666
243.43054037505863
243.4311166841835
243.43155646398736
243.4311277048837
243.43121426236394
243.43140855537058
243.43152154780546
243.43046956383478
243.4320270720964
243.4306250792506
243.43048015438035
243.4310740563924
243.43053341676568
243.4307127484244
243.43093586255418
243.43052572164015
243.43051467293844
243.43109658966205
243.43005803800042
243.43123034627934
243.4303271754943
243.43098874525458
243.4309077092148
243.43125763417993
243.43114387226888
243.43126085290714
243.43131526352954
243.4307516368026
243.43156680493848
243.430451942324
243.43168093462737
243.43096564058942
243.430513417803
243.43126239265985
243.43168039560624
243.43126402805865
243.43112575160194
243.43116473159535
243.4304150638236
243.4297968780047
243.43043798122017
243.43184507444312
243.43108239767753
243.43114296112617
243.43103269003404
243.4309915371996
243.43142864039692
243.43066208114033
243.4299099639029
243.43137664702226
243.43089379969751
243.43147586387204
243.4309393252188
243.43107612944004
243.43158619571477
243.43072023841523
243.4317197495111
243.4309064697809
243.4312503704714
243.43157513175538
243.43069445905712
243.4307897687031
243.43100973135734
243.43123501404625
243.43105523846316
243.43143177281308
243.43099428951973
243.43180458808638
243.4312049492728
243.43088465198525
243.4304166221409
243.43098726055177
243.43033492293034
243.4313707875117
243.43131507813814
243.43115315690375
243.43145765241206
243.43077322419413
243.43165584566304
243.4298714168035
243.43164377186622
243.43105150596966
243.43129135805793
243.4311763574442
243.4317272508124
243.43058816071425
243.43150446964864
243.43113311304478
243.4314738065077
243.42997693354846
243.430784279386
243.43104668162414
243.43074319964217
243.4313144058542
243.4304056556357
243.4318644293744
243.4305439345917
243.43023486431048
243.43137088957883
243.43077394382271
243.4309202931472
243.4307387281151
243.4312375465961
243.43147307376057
243.43152804695274
243.43085427462938
243.43128854731185
243.4312364754296
243.43057767820574
243.4317863587712
243.4310133572144
243.43075062178104
243.43168632090237
243.4307319715008
243.4313089714051
243.43054327242135
243.4314336158568
243.43140109041997
243.43086778799625
243.43206478163484
243.4312530191819
243.43145134353836
243.431449923919
243.43138534486934
243.43084871210885
243.43083013196883
243.431397419321
243.43057789976592
243.43107464098284
243.43065930797457
243.430778308757
243.43136705733195
243.43128892293316
243.4309729218221
243.43146938631253
243.43120734106924
243.4310651577398
243.43122872065578
243.43058088881662
243.4314498330932
243.4305245483847
243.4311694939097
243.43129860790214
243.431569758759
243.430900535619
243.4314340393612
243.43103801670077
243.4315263946919
243.43083049981215
243.43125231152226
243.4306110915495
243.43134705082048
243.43114107553265
243.43134903661849
243.43062284775078
243.43118451659393
243.43186212779256
243.4310861891281
243.4312257157726
243.4308251596667
243.43095066552632
243.43117906076077
243.43201167263032
243.4305414634582
243.43091267399723
243.43160498175712
243.42987968426314
243.43193931631686
243.4308924971847
243.43060433708888
243.43172719029826
243.42992168094497
243.43232822685968
243.42937327941763
243.43194050574675
243.4310198988387
243.43157374768634
243.43084857003123
243.43067171458097
243.43135333471582
243.43151472932368
243.43099903727125
243.43010813748697
243.4306492239557
243.42985061433865
243.43136052248883
243.4304319757939
243.43110644782428
243.43035587496706
243.43151714722626
243.43128916423302
243.4311107739777
243.4308650410676
243.43015107234532
243.4314332176873
243.43094565764477
243.4312438890629
243.43050395562022
243.4309276961576
243.43083469926205
243.43131256652123
243.43087394301256
243.43119811401994
243.43124127862393
243.43044304975774
243.43091655962053
243.43128300733224
243.43177456567355
243.43150831837556
243.43128388408513
243.4308185345726
243.43097706144908
243.43103212845745
243.43072922217834
243.43123165730503
243.43141762542655
243.43131834836095
243.43042030133074
243.4312261153682
243.43160474207252
