288.31546830142713
239.62897771976702
251.02975301171398
247.66661211991072
248.49110433645205
248.26688785095666
248.32657165689125
248.30993284436317
248.31495810829892
248.31243701007634
248.3137488124312
248.31400056521943
248.31408277971332
248.31333743283085
248.31406426603098
248.31357591736196
248.31400711463994
248.31390302777982
248.3131786899312
248.31409290554802
248.31354473664578
248.31301446773068
248.31433505728637
248.31381749021966
248.31381994600815
248.31368371278768
248.31381813430562
248.31268435271159
248.3144609653391
248.3131361191663
248.31425692038465
248.31394296639337
248.31392784575473
248.313734532112
248.31408726904556
248.31324741247226
248.3138451946761
248.31359987894393
248.3138888425965
248.3137834982772
248.31389911707993
248.3138045423184
248.31382594831302
248.31352838882958
248.31359713021448
248.31305418371994
248.31349865030643
248.31424496656473
248.31359231151146
248.31417925115602
248.313948940915
248.3133657056933
248.31433649402607
248.31348950177198
248.31427933469968
248.3136373823836
248.31371459803267
248.3140342783954
248.31390114560782
248.31398637971142
248.31266869067622
248.31442911110935
248.31383414283846
248.3143813243296
248.31382552154537
248.3139312659623
248.31395356044595
248.31367296036478
248.3136890600108
248.31388094738213
248.3134778583444
248.3136913196613
248.3132355584239
248.3136143749689
248.3136203486938
248.31401415467553
248.31387647103838
248.31403347308878
248.31356939540274
248.31368251612002
248.3133692008887
248.31441772091785
248.31380720193556
248.31424777298525
248.3135636173247
248.31298523308214
248.31446465873887
248.3139002250391
248.31405522624846
248.31330424766202
248.3137244828249
248.31396295019658
248.3127005181741
248.31426100734097
248.31315282110882
248.31422641030804
248.3134804651927
248.3139897406145
248.31408598436246
248.31383127955633
248.313805685837
248.3139693519115
248.31404356514395
248.31383389039547
248.3137628318873
248.31418122842297
248.31396132224472
248.31282657544944
248.3144092034854
248.31334534529742
248.31440937214938
248.31383288240613
248.31401317587734
248.31360974867857
248.31411933387426
248.31411532151833
248.31379315746017
248.31389015189052
248.31350268872484
248.31381711438007
248.3141619413509
248.31361038146133
248.31401894755254
248.3141003084893
248.3134738609224
248.31381133757532
248.31302279065858
248.31359527539462
248.3126643201831
248.3131694910844
248.31436963349552
248.31369175290456
248.31382211123127
248.313931995006
248.31422097744507
248.31390079836274
248.31355983397953
248.31397146456584
248.31358776204434
248.31309659327235
248.31350324952655
248.31348808466282
248.31385638531356
248.31428678367956
248.31380221519066
248.3135059239503
248.3139223246617
248.31408851834567
248.31305564518698
248.31414343549113
248.313456180731
248.31333625230764
248.31392793053965
248.31279652545345
248.31350220306194
248.31289670568367
248.31298887600133
248.3134925421473
248.31406994223653
248.31374273536494
248.31354637655022
248.31402013985644
248.31323576456634
248.3133659837331
248.31364129157737
248.31296700780513
248.31346758942527
248.314178445391
248.31402691175754
248.3127939288388
248.31402402844105
248.314055850773
248.3141498183686
248.3137256592454
248.313662438959
248.31400659233623
248.31399273000716
248.31384857276862
248.3139046368451
248.31383815020672
248.31337815804
248.31291192295612
248.31311970861861
248.31357350823237
248.31359717651503
248.31368747544184
248.3137478573335
248.3138774036488
248.31390675324656
248.3127407588472
248.31369649119733
248.3139480741811
248.3126047704136
248.3138959187636
248.31360998119635
248.314050766523
248.31384316462209
248.31353754956217
248.31327901261102
248.3139657802385
248.31366887752665
248.31380569761677
248.31423708032526
248.31378783963737
248.31390383582038
248.31316541531123
248.31394305604044
248.3135402747721
248.3140620016784
248.31254517595517
248.3144292747602
248.3132396919682
248.31350148630736
248.3137254411995
248.31353400407534
248.3134607738175
248.31426702445606
248.31401882976934
248.31373958483164
248.31346758949803
248.313984782857
248.31401877632015
248.31367502461944
248.31372396436927
248.31371257427963
248.31369967358478
248.31365625835315
248.31384702402283
248.3139427085698
248.31336770374037
248.3143219245394
248.31386904609099
248.31299666303676
248.31450349709485
248.31400078073784
248.31329012163042
248.31346028474218
248.31419252962223
248.31325908587314
248.31398170052853
248.31307382816158
248.31388115476875
248.31412910642393
248.3133343708032
248.31318139552604
248.31356512574712
248.31396083557047
