288.02099310385734
228.0501408666529
247.82768649147556
240.96837072834342
242.9658288956855
242.3332556299988
242.52379796069408
242.46516517044392
242.48329339695647
242.47786503632778
242.47874800805948
242.47896581420355
242.4787863888505
242.47926006488888
242.47804591758904
242.47869548950166
242.47924532084835
242.4778808101637
242.47947953613857
242.47832122885393
242.47884591725688
242.47956334228274
242.47868092676072
242.47945417757
242.4785056971541
242.4786159733685
242.47843513053522
242.47895203651024
242.47827496546233
242.47904193423165
242.47820041536397
242.47866447914566
242.4784935396965
242.47948669718062
242.47875797822235
242.47884002766295
242.4790404253199
242.47874573039917
242.4785160312258
242.47879465954247
242.4792052932662
242.4785347470388
242.47872339943387
242.47934270332553
242.47891412715762
242.47875614006625
242.47830501751014
242.47888848712682
242.47901339650343
242.47911344212116
242.47879430995818
242.47912307956358
242.47899821581086
242.4778385750833
242.47885647060684
242.4784175051209
242.47943718722308
242.47868317033135
242.47924593440257
242.47865823229222
242.47902948752744
242.47924211851205
242.47816919400066
242.47938795209484
242.4787186815629
242.47891626695127
242.47883239168004
242.47858416803138
242.47880586377505
242.47863821247302
242.47910423772555
242.47850537566046
242.47907772276085
242.47869080634337
242.47824722607402
242.47875941062375
242.4797926550891
242.47761645615174
242.4781396112885
242.4793255263903
242.47822073796488
242.47937109109262
242.47912632381122
242.4782101837336
242.47909195715692
242.478030582457
242.47830295516178
242.47907572669646
242.47893614369968
242.47886110009858
242.47850206262228
242.4791981738599
242.47875163065328
242.47900417436904
242.47894111989444
242.47899687709287
242.4783822665995
242.4789131349753
242.47861089661455
242.47927518198412
242.4788846497686
242.47865635550988
242.47871929695975
242.4791356124042
242.4789823635947
242.47854113567155
242.4790859681234
242.4791621348122
242.47922986944468
242.4787245581465
242.47762499170494
242.47925644015777
242.4783596841953
242.47906402522494
242.4776543627595
242.47942813747068
242.4782700043579
242.47930333697877
242.47861080875737
242.4788454048612
242.47801893114956
242.47828737875534
242.47868348301563
242.47869188983168
242.47886241567903
242.4793716389686
242.47894878207444
242.47809135706484
242.47952246735804
242.47844828972302
242.47903911794128
242.4779016823959
242.47914639225928
242.47862990121212
242.47873127189814
242.47922980583098
242.47925765760738
242.47912337116577
242.47816492905258
242.4785030446219
242.4784307984446
242.47848477281514
242.4785280778451
242.47977935862582
242.47884444793453
242.4789145758332
242.4786134824608
242.47874717100058
242.47851768478722
242.4785965886549
242.4791599017044
242.47790562794398
242.47938338915264
242.47785780499544
242.4788121926831
242.47940707062662
242.47817824882077
242.47920086702652
242.47848679231538
242.4789762677392
242.4787537955417
242.47892931982642
242.4791201295302
242.47858632192947
242.47901129375532
242.4791163116097
242.47826581006666
242.47846319365635
242.47887128961884
242.47715841024183
242.47838292103552
242.47892594957375
242.47889459292492
242.47895943306503
242.47907958904398
242.47887326603814
242.47906276061258
242.479137915725
242.4782347468863
242.47863888693973
242.47957271826454
242.47868636193743
242.4786766392208
242.4779443757725
242.47980740261846
242.4771479654155
242.4797847422742
242.47814801614732
242.47931005696591
242.47903713517007
242.47923488664674
242.4791898183612
242.47837626012915
242.47919882768474
242.47892445405887
242.47893537511118
242.47875242331065
242.47784213557316
242.47939804758062
242.47870610907557
242.4793098297523
242.47823421831708
242.47925999423023
242.47881388226233
242.47836314031156
242.478615384578
242.47879529527563
242.47862726538733
242.4791219142062
242.4779772462207
242.4790749589156
242.47898400864506
242.4790397791512
242.4778280272585
242.47943128253974
242.47833773202728
242.47825518796162
242.47905610689486
242.47766838684038
242.47948761658336
242.4789826553315
242.4785496917757
242.47950601608318
242.47849662642693
242.47847901063506
242.47874487897207
242.47863377623435
242.47888971139037
242.47708438843256
242.4794433483039
242.4774947326805
242.47957261593547
242.4786597530183
242.47901557324803
242.47921967922593
242.47906047850847
242.47888792054437
242.4783164992259
242.479454654007
242.478484783991
242.47867090330692
242.47854007982824
242.47845437924843
242.4787828904664
242.4790983141138
242.47751120870817
242.47921242998564
242.4794616214931
242.47824031469645
242.47821110744553
242.47896826890064
242.47877894341946
242.4778686406935
242.47963203709514
242.4785385641735
242.479276229089
242.47853376444255
242.4789182162931
242.47796670427488
242.4784743473283
242.47896864621725
242.4786596498161
242.47933328057115
242.47919489844935
