288.0288931044023
234.4189484730946
248.86273902215976
244.39468259417777
245.51060465755677
245.20365339889122
245.2838408195812
245.2625515832733
245.2680937633313
245.26663029507426
245.2664297525489
245.26558412024679
245.26695186116558
245.26663368353547
245.2670091799846
245.26657443070508
245.2667013502096
245.26695503762858
245.26686400737344
245.26670985217788
245.26699027353516
245.26634118681795
245.26666749549986
245.26722701127073
245.26625868783412
245.2662181452779
245.26668209579657
245.26675406825416
245.26661474897446
245.26676424821017
245.26675590141895
245.26705283049887
245.26658136838705
245.26567265904305
245.26750323148735
245.2663106077107
245.26634556978206
245.2670970510062
245.26701729598972
245.26688782278507
245.266047065983
245.26631626895323
245.2669918555912
245.26568029653936
245.26736694827923
245.2667830876053
245.2668416842098
245.26658033739295
245.26712135412527
245.26692965697657
245.2665017901054
245.266704516358
245.2667454538605
245.26696825566614
245.26651704245523
245.26566022418046
245.2675116593564
245.26625293314646
245.26691267641945
245.2665400322512
245.26669937964834
245.26658292881257
245.2668168882119
245.26705620936264
245.26663032707074
245.2654598388326
245.26719704055722
245.26684188566287
245.26703988349618
245.2663302969995
245.267184840166
245.26678195175555
245.2665002170761
245.2655244785201
245.26686590537065
245.26684277642198
245.26692118993014
245.26649483815345
245.26666079194183
245.2670663601857
245.26698525982647
245.2667945251269
245.26661144838
245.26624838918724
245.26645120192552
245.26730170939118
245.26681987359188
245.26528755879554
245.26699792658474
245.26714208346675
245.26700052763044
245.26691844197921
245.2660426436487
245.26679430672812
245.267010269381
245.26654620881163
245.26650893046462
245.26691144727374
245.26586518767726
245.2655851403033
245.2670093357665
245.2669547417172
245.2664767924216
245.26654421755666
245.26695216623193
245.26491561633884
245.26650412905292
245.26740467695345
245.26662220361322
245.26704425241041
245.26704344822792
245.26686658578546
245.26626794380718
245.26590579144977
245.2664635794572
245.26679918843
245.26512075574283
245.26700467275805
245.2666479816544
245.26658191426395
245.26717600459233
245.26675436984806
245.2667386406829
245.26662796251185
245.26631897377956
245.2670601918071
245.2669698509926
245.266721819964
245.2669065334485
245.26599051804806
245.26680938286154
245.26588791788527
245.26693416041235
245.266357671906
245.2662772922049
245.2664488310984
245.26683308136853
245.2665518118738
245.2669656117214
245.26530583104613
245.26776839613012
245.26556156152947
245.26739449676825
245.26688563066273
245.26666884173028
245.266799322133
245.26625964577397
245.2666434175335
245.26610017336498
245.26670102778007
245.26663753030152
245.26659297425795
245.26716813974053
245.26643241017155
245.26679072414845
245.26682364741282
245.266948490731
245.2668291412774
245.2658476299839
245.2669829346196
245.26653571694624
245.26670034659037
245.26651290548034
245.26598879407538
245.26733140580473
245.265604254324
245.2675536628376
245.26590203947853
245.2673616730899
245.2665984127525
245.26664213859476
245.26628845477535
245.2666208599403
245.2670341040066
245.2667561837443
245.26662245563057
245.26650755139417
245.26699883834226
245.26567767831148
245.26682256354252
245.2665402366838
245.2666398610454
245.26661441735632
245.26666715648025
245.2669206265855
245.26578276116925
245.26725782790163
245.26665869353747
245.26672445965232
245.26713330415078
245.26635446440196
245.26629767555278
245.26655234213104
245.26707570069993
245.26681767644186
245.26665983903513
245.26673135327292
245.26657486829208
245.2663340815925
245.26623967160413
245.26664187137794
245.26606642002298
245.2672817329585
245.2662833944196
245.26644058983948
245.2669420679449
245.2665639968618
245.2669312418584
245.26709808935993
245.26714985750732
245.2660688428441
245.26674187004392
245.26663202750206
245.2665080709703
245.26686428785615
245.26696721703047
245.26628163811984
245.26678647729568
245.26679950444668
245.26716045459034
245.26655103944358
245.26715236400196
245.26676903743646
245.26697852612415
245.26659374807787
245.26725141503266
245.2662022579898
245.2662057516427
245.26686257321853
245.26701583318936
245.26639682870882
245.26704684030847
245.26595912581251
245.2671765362902
245.26618219912052
245.26692550210282
245.26670943012869
245.26667600542714
245.26710905329674
245.26560149043507
245.2665910244832
245.2669318465778
245.26708446418343
245.26667189766886
245.26674020836072
245.26603084415547
245.26685938655282
245.26646661022096
245.26706476272375
245.26689826702932
245.2673088858137
245.266957507818
245.26561994985968
245.26727135096735
245.26673047024815
245.26665126935404
