287.1317926683337
220.5826329312577
196.6099773800446
229.44325626874115
151.56091260400012
210.1789244851907
204.40758327160984
252.94359204446937
204.36751406513213
221.11869923447875
189.35140888941032
190.61605679322656
234.2300404915327
133.08021709697096
104.79954724754225
246.5194422225104
215.64895384161173
200.66470054229285
129.4683719615714
230.56310034468424
166.91351019065132
243.79237112017654
100.82315361412475
226.9605433961906
164.06779626810112
148.3048153716336
250.43258850220172
84.94034240565634
235.07723707805144
131.70042660053696
230.00366943613517
152.11862972762356
207.81643374805572
213.7908443680917
79.87327805170025
248.97968721945654
85.57657404154997
234.13193359767502
137.41278450408572
243.76279514226917
216.76482637578738
199.00236995297564
135.536508914538
228.80154822140503
161.7963595134097
156.76134847309004
236.16544672267992
135.75861875425653
222.26878957612826
55.06094052024855
245.65306816725024
214.17066610099937
204.44802291400447
109.68340725245616
220.39402224876903
190.4081468884997
200.7305579380427
215.03930470657724
251.74739960653278
203.8960533920581
222.60639454934972
179.04061401594117
219.12910341467068
179.57073763494554
72.4386526014423
262.6861238039601
58.222425998676044
244.8618606231321
213.8833161604016
207.39546345289273
218.54673623985582
196.77356937637887
149.37954408041332
207.73714586869755
99.95691242977409
255.39963147160597
203.99875845829956
220.59418130639096
194.77644276145293
230.50315045451862
146.81919604819996
218.1903789118005
184.85596999482368
55.1093551399681
258.5773545743323
64.41671078616855
252.96996196074178
205.4948818950179
219.25171344530463
197.0450883683261
142.34687436032618
58.56738090886938
257.1618896701766
203.5772975602922
219.0029872227351
203.69481663915576
219.41003854893643
202.67062771084602
220.95573852270536
197.96351044460243
226.33883214235175
175.50064629320332
218.18409541092842
203.6670348639018
222.4031386784045
187.5596512460179
194.31264631637532
162.85845080168292
162.58309690489477
246.90969579536977
95.27476207855943
246.5097415588025
213.00558230794195
208.35940129330993
217.89858846887
197.2834949538883
149.89825699762878
239.36723632401117
114.89639883758355
208.93692803754675
217.02921411415082
209.30046616255277
211.44958141918323
84.65698107306162
236.46628659831185
125.34437691660423
234.6337372213311
128.4745798125732
130.36918069872627
254.96710611274466
74.02296146446315
239.70413796365756
111.07277951708966
215.79551361971244
204.01932486215082
116.91902064722672
251.10274886724073
209.58776912249596
213.18489676435274
211.82016417057457
210.12794825488527
217.13279647642776
196.30328761515557
165.13519317183818
244.57753761816275
100.56308224816166
224.6570290698437
188.33422552105912
233.05610660312232
145.9450734283455
207.3280245177666
104.5566803466645
257.6796012316554
67.50864865623589
241.8412603570614
104.09090687432035
225.1369218612963
163.75874238582765
3.0306235675743665
255.1518444937392
201.6694937542561
223.96886467680451
178.52310893326649
217.83965432204423
193.39581146735873
187.81690121380962
228.86734435646213
44.71335325810651
246.89574245789845
212.74498616509663
207.58490412602987
219.68491074485792
188.67229983313882
200.88131074876583
219.41641419901862
63.876492308249
253.27098065774044
205.58437909603526
218.88216823524272
198.835971734552
227.31961580825737
162.02300990084768
159.83586560671392
247.312227935181
93.05231592695054
230.8563776829542
154.0486297303578
236.4815289573089
123.20672926102998
171.68285369045043
243.24974163106526
108.54525651693984
241.04624898397742
108.39584765516338
218.32049706511316
202.53291099533817
225.00444491544476
171.7708652828369
95.89759828840033
246.79325813309697
92.66646635266079
247.06309043685906
212.40845993817493
209.28412840497185
216.75297128382954
200.34714030786563
129.42738572532835
233.26889807676343
138.58778926530067
227.35150023505412
153.46561420272337
19.610630027418665
265.5222856499968
185.68862203593017
235.58402230532374
128.68186476192204
233.5048854879351
224.36213395323284
177.7052272755609
217.01463675480045
201.2966923057902
125.8404596294422
235.4662218501544
128.71910694614053
125.61380115294742
249.64019199322502
85.7055443639183
235.74322130612563
124.28535462167201
162.6061493462912
246.57034652987932
96.97334523501195
245.63303819191788
214.70964894854114
203.76255096136447
113.36511816995335
214.73933753810707
203.05736280952988
137.10559148159518
250.70278997205605
86.35078859273199
247.59635354312195
89.06239091061434
234.35158742408385
128.19805332303076
131.82060851714778
253.32189817726612
79.81026020923309
249.4588719680978
211.6210666770421
208.57730787142646
219.23916107172408
187.76881326315925
205.11528768569406
211.03527955012396
252.40379116500844
203.55309698492056
222.77769014213118
179.3454879281635
218.35403741855407
183.9486775877449
57.179528092965484
258.91923925963056
63.654418787758914
242.4143576395727
101.97065149304399
225.595491379936
171.6021275867388
99.51783425814938
247.61891529816785
213.3426342062303
207.1575986264943
220.07424317361438
188.04763233092672
202.21742243875633
218.44784389424603
66.16825282490754
253.02071363729192
205.72899806256464
218.86575792189979
198.48254549401463
227.78187366912607
158.9303891088639
182.58859505559667
235.74201177175564
149.32889122072083
228.87566758967296
42.777041988782
261.33395373374515
193.73727816244354
229.91767920723942
155.82753996847896
184.82224901529844
210.91174645400315
213.90221124858363
213.8469299165008
202.41631320267334
129.01811232416367
243.06820465411874
115.14563499634096
246.23139199145953
100.88056277026772
251.91891829803353
79.17531639215304
238.02008163847495
115.71198637518683
208.14107078417146
212.34548238580464
87.62098540387524
254.25453936849954
74.31198114831932
238.5101903884206
117.8692438575672
236.84646301266912
124.27201222367876
235.33601764745254
125.60372862278018
154.46428644942353
246.7815292479354
103.22154231360764
251.58498059012345
80.23658233702008
237.51658040755137
117.82047981809592
200.47450632527762
224.9261495356186
193.3304938919755
228.19383146417385
176.2248863564164
239.8820321445819
113.1623057822435
210.26360180172196
218.07366289990023
200.84434097116173
226.64254038334184
161.44110464940604
169.62611776938138
240.9301891472569
127.05256971766357
242.53206097934162
117.6254533288593
244.40332712799136
111.25124815745221
243.4831256642792
251.31762278849783
206.30519776567235
218.48426101566292
198.43924886685272
136.54861949606857
77.40333441989787
260.23801098237163
199.69050367624732
223.66743557152222
189.69897358161688
232.85123375507828
141.57974200343597
222.54796446184628
180.38258183123253
65.64962960995035
254.32554040012474
206.30151615929208
216.71095542697003
206.72698194923578
216.94163388187008
206.35950243608386
217.67573343080585
204.43782608761103
220.44362912827637
196.22568659903482
229.15668050464592
154.81406310858438
199.27498061057122
224.51681678880414
195.53734549654473
225.43841949186753
189.94673264725134
230.5411347426707
164.36940563266398
224.67338918303722
195.79348169235163
222.91786548255186
55.8670518839499
