288.01605265621356
223.36154590621175
247.60349154283506
238.62836560137134
241.50091570896507
240.51196254979413
240.83640995142923
240.72737274122255
240.7635094248817
240.7518416591288
240.75536021286507
240.75273669533
240.7548200953388
240.75489644607023
240.75432555574753
240.75449747961193
240.7549561341275
240.75391808455606
240.75487720790625
240.75394799624428
240.75371354735216
240.75516100533787
240.75388772346014
240.7547614622781
240.75465826564505
240.75437734151274
240.75474867070625
240.7543449027362
240.75425835354872
240.7537870974229
240.75446950331025
240.75454489779077
240.75453710507463
240.75468446161722
240.75415458925636
240.7530818478881
240.7549534821901
240.7546077202951
240.75437809939103
240.75492713234053
240.75467732781362
240.7543494723668
240.7552394221184
240.75404791262918
240.75496603452848
240.75461125145375
240.75488946492624
240.75412512804542
240.75403154692685
240.75503637184374
240.75480584560137
240.7548273600005
240.7546323498791
240.75453938174542
240.7542890711302
240.75433377003355
240.75470012929873
240.75409335020595
240.7541022806181
240.75531092705933
240.75335614613869
240.755206070673
240.7546210732471
240.7544701943334
240.75388752817526
240.75462732077358
240.75423881602183
240.754360598301
240.75446489520982
240.7549832800578
240.75397747068928
240.75424407484388
240.7540691618051
240.75391991123615
240.75510280484377
240.7546060331042
240.7548146136287
240.7538948260335
240.7535042968666
240.75555809529033
240.7540324501424
240.75446907816877
240.7538787699159
240.75393430903205
240.75500638639278
240.75461429377174
240.75388751178616
240.754801299463
240.75448466539092
240.7538183925426
240.75497561172233
240.75399961771473
240.75435726567957
240.75360625501344
240.75463268247404
240.7537359387279
240.75437082052667
240.7542754153692
240.75444555384456
240.75507561014092
240.7547879513586
240.75382555812394
240.75513403669174
240.75405585388216
240.75411277019884
240.75476629454351
240.75508164781786
240.7544048446871
240.754287197371
240.75352100674354
240.75433810802497
240.7546700811581
240.754421753285
240.75494488281402
240.75412323384808
240.75371549426927
240.75461845764949
240.7546907096039
240.75478878147987
240.75422400539537
240.7545881743863
240.75445523175586
240.7550697839979
240.75354707100632
240.75355624754593
240.75507886374544
240.7545877551238
240.75405657360534
240.75508040328714
240.75472103709762
240.7523682380197
240.75495350393612
240.75419006373704
240.75423210061854
240.75340339222748
240.75498014975165
240.75399261934945
240.75530906439235
240.75475096006267
240.754238601221
240.7545575924014
240.75482796911092
240.7546213620153
240.75407780859678
240.753227326888
240.75458235593396
240.75384596451477
240.7549267328286
240.75386354404327
240.7546581038987
240.75464002622903
240.75412773260177
240.75524193724414
240.75426498890738
240.7542719016201
240.7541389277103
240.75486413246836
240.7541093532418
240.7542473377689
240.75474120125
240.75458860129584
240.7549042753817
240.75448333617533
240.7548581946321
240.75457851876854
240.7547845475783
240.7528336233736
240.7549456518027
240.75451785516634
240.75489646380447
240.75380119790498
240.75467332294647
240.75429353567597
240.75402862248302
240.75487112096744
240.75468632167758
240.75437260537
240.75395394254883
240.75461064325646
240.75435864985047
240.75477693723224
240.75418560895196
240.75427048662095
240.75467052515887
240.75387581039104
240.75495376561594
240.75471897920943
240.75452557073731
240.75456532811222
240.75376083115407
240.75459482858423
240.7543325984152
240.7546781955316
240.7543270989554
240.75463219756784
240.7537830364745
240.7543983762298
240.75516111995967
240.75521710434987
240.7542022071866
240.75476454179443
240.7546902489412
240.7543081236363
240.75444573735876
240.75388336497417
240.75518612693122
240.75286623940337
240.75554371195904
240.75219596778334
240.7563707632362
240.7539044349105
240.75513476903143
240.75447479264403
240.75456595660944
240.7539184927009
240.75402725979802
240.75456068570202
240.75286476277688
240.75501227859058
240.75461848913983
240.7539949156926
240.75531318236608
240.75356883415952
240.7551083270082
240.75412865816907
240.75465878238901
240.75440143587184
240.75471574036055
240.75406275542628
240.7548170870141
240.75366898388893
240.75456739604124
240.75439718169218
240.75412397766195
240.75346649807761
240.75463429876254
240.7527054900129
240.75521469356318
240.75418601627462
240.753762078617
240.7541904223035
240.7548651874531
240.75428322638618
240.75469622155651
240.7548660880857
240.7542817256617
240.75489288254175
240.75401268947462
240.75503892188135
240.7538256894186
240.7530472446524
240.75550365788513
240.75413378579833
240.75452340273478
240.75449172923982
240.75436487306433
240.75442720735737
240.75464065751294
240.75424669421045
240.75465888346662
240.754627611881
240.75466824272007
240.75446669185476
240.7545546029869
240.7545212933037
240.75505247544788
240.75427884305827
240.7550854377041
240.754510054423
