288.0284183093852
263.38231389485713
264.9656398913853
264.7872653027514
264.80224913612483
264.8018481617887
264.8012141493705
264.80026474932083
264.8014210408646
264.80109284966966
264.80007182093414
264.80134621476645
264.8009209165084
264.8010508318057
264.8000879266301
264.80100137305544
264.8009067623334
264.8013001230629
264.8008504193822
264.80100990441315
264.8018352304498
264.8016292500233
264.8015023535445
264.80109664889096
264.8002849724435
264.8013362823149
264.80097484302314
264.80144058649057
264.80109382800947
264.80117328968663
264.801045156084
264.8014924054987
264.80141984961665
264.8003214750024
264.80124130444165
264.8014374092236
264.80163846124196
264.8005982092254
264.80201359113926
264.8006736868556
264.80128841426995
264.80060577942277
264.8012690230571
264.80109000861194
264.80100147082703
264.8005490007308
264.8010473817121
264.8009461852089
264.80140894900615
264.80139991297256
264.8006135317737
264.8014357394786
264.80106805463583
264.80162690200086
264.80122596592264
264.8011484409981
264.8006130661379
264.8009031137408
264.80152196958807
264.80014096998275
264.8007662376658
264.8017934679301
264.7998765749835
264.80076175271097
264.80160293185327
264.7999100059533
264.80116923022433
264.8016999494066
264.80011178198765
264.8010360611661
264.8013239900829
264.8015426128841
264.8003120929425
264.80122954062244
264.79991652050376
264.8011230587872
264.8003532969742
264.8007532288757
264.80020854072063
264.80151675529487
264.80109023501427
264.8014948541313
264.8021334802979
264.80154232851055
264.8012103016954
264.80076248598925
264.80121720010357
264.80027080912987
264.8010723220068
264.80147025198676
264.80039518103877
264.80074743215664
264.8018894005436
264.80073365160206
264.80171423987485
264.8009288277608
264.801239667373
264.8005571466929
264.8014325183394
264.8013987649756
264.8015387352134
264.80110951467213
264.8020543618186
264.80079991214006
264.8011352847461
264.80093274802493
264.8012006840945
264.80118634121754
264.8008715869437
264.80111184343696
264.80112257623114
264.80039027643215
264.79990041324345
264.8014198238816
264.8012675088539
264.801183605392
264.8009906028601
264.80176514804043
264.80106130288914
264.80104582007334
264.8009994838212
264.801387848318
264.80091724979866
264.8011786122952
264.8004034959813
264.80040105963417
264.8019905205947
264.8011175182837
264.8009681090771
264.8005506115878
264.80242216726765
264.80125983299513
264.8008674795565
264.80028576779296
264.80168648343533
264.80125283033703
264.80055931537936
264.80134490077035
264.7998643032188
264.8017558977881
264.8010426002438
264.8010784548678
264.8012281500123
264.80150571615377
264.80135834458633
264.8007232102682
264.8008109219809
264.80056999757653
264.80214693910966
264.8014736439218
264.80148234746594
264.80084844780504
264.8017759239883
264.8006930048432
264.801642316379
264.80060819073697
264.8007667409256
264.8019341945619
264.8010209454369
264.80100116356334
264.80116058055137
264.8017160126328
264.8013870912255
264.80028035225405
264.80161237767607
264.8011691412539
264.80150961797335
264.8013832351862
264.80194420991756
264.8003556943586
264.8009938921168
264.8014593192929
264.80157792562386
264.8015669208253
264.80024642669014
264.80144423616
264.80135149907437
264.80070841289125
264.8006987817498
264.8009220317763
264.8014552738896
264.8012341278518
264.8011192583799
264.8009157546476
264.80109199878643
264.8010519520176
264.80133037142514
264.80026742460905
264.8015965618688
264.8009545242676
264.80119974465924
264.80079755201587
264.8007974177017
264.800923560455
264.8018689896562
