288.1381988256802
207.35298517074835
250.815724177711
231.51343741997835
240.0401831424797
236.20536784131878
237.8960509916651
237.14241452325223
237.47571217577024
237.32840839988103
237.393625440071
237.36451832013108
237.37763367441494
237.37183222838303
237.37404709395105
237.37306096360953
237.37397989928104
237.3735437936848
237.37336688405048
237.37368287787103
237.37339148142019
237.37382699833324
237.37357025502115
237.37340078798843
237.37355815014598
237.37287872174966
237.37411518144472
237.37311832195337
237.37399201308472
237.37336142540335
237.37338808254026
237.373500470605
237.37337052621479
237.37367236885984
237.37332557683476
237.37355089606717
237.37356952510345
237.37371679882926
237.37346966305813
237.37327906336031
237.37359229967115
237.37295474752136
237.37307300754037
237.37387897359258
237.37350436568522
237.3736726607276
237.37332936538223
237.3735308847099
237.3736436752224
237.37355613186082
237.3731990019951
237.3734145702947
237.37370635389743
237.37364806533878
237.37371917407654
237.37359981005284
237.37353919770612
237.37301804378876
237.3737854451465
237.37279292403036
237.37374912239466
237.37366448171815
237.37308171272525
237.37380616606242
237.37294359813313
237.37380184838912
237.37322267172203
237.37353363792135
237.3737177798248
237.37366111862866
237.37351048187702
237.3736383651776
237.3731516500775
237.37373356536773
237.37361138623965
237.3735838634493
237.37355395811392
237.3736072994907
237.37347332160425
237.37314663620054
237.37373392692098
237.37363832855772
237.3733085480053
237.37319564816426
237.37395813921103
237.37359300872413
237.37298756471137
237.37386159511516
237.3734157054314
237.3733443319834
237.37358584152753
237.37369409293387
237.37297296627366
237.3741029366065
237.3731350686794
237.37347345124
237.37369695015514
237.3735187134007
237.3737251181883
237.37341016285063
237.37377722556266
237.3734965279582
237.37271695627715
237.3738410138103
237.37348181194102
237.37371287959104
237.37348969130835
237.3733823388029
237.3737013385762
237.37356296564394
237.3737990952868
237.37232776710152
237.3743491836576
237.37327488361916
237.37362337754166
237.3737063699591
237.37318578515988
237.37366977491183
237.37352031472983
237.3736818286343
237.3732131935758
237.37217901490658
237.37452384943754
237.3732351157014
237.3737400060636
237.37334272644512
237.37333827689145
237.3737090230352
237.37357641865674
237.37344009224034
237.37375063070067
237.37347897483414
237.37368224644888
237.3734854001159
237.37334048678167
237.37369659632532
237.3734980873851
237.3735003855836
237.37347097528254
237.37371839938714
237.37261464273615
237.37437718171714
237.37308975968335
237.37373467309226
237.3731458852708
237.37361422888353
237.3733234430547
237.37361185577902
237.37343786966812
237.37362414377276
237.3736595535447
237.37346587011416
237.37325306034472
237.37379597781546
237.3732664078707
237.37354531442543
237.37342849502602
237.37371107767103
237.37334284633107
237.37353568224353
237.37352708227263
237.37379567398602
237.3734018239702
237.3735256502041
237.3736156025043
237.3732264869177
237.37384262731211
237.37331142772746
237.37338254573115
237.37360513008753
237.37363842502236
237.37344437569118
237.37292117217294
237.37408712899196
237.37324261816684
237.37358138005948
237.37363624539285
237.37355829303124
237.37314055785828
237.37402116665908
237.37335641583195
237.37236906052567
237.37435246137466
237.37305233244842
237.37378739930864
237.3735332354845
237.3733743801422
237.37330772694258
237.37347360428248
237.37333886080887
237.37366029186524
237.3735078023892
237.37354004982626
237.37329587763816
237.3737750283035
237.37341634983022
237.3737241677154
237.37200900309836
237.37464193621418
237.37322847796895
237.37349616744905
237.37332597565546
237.37366405052308
237.37328868210898
237.3739212731889
237.3734075976099
237.37369332430535
237.37333314206626
237.37376880923694
237.37354533678445
237.37341272663616
237.37340166122885
237.37357714654354
237.37371465715114
237.37321477952355
237.37365040168515
237.37349065563467
237.37356643202656
237.37322126777144
237.37378488504328
237.37289934781438
237.37399891400128
237.37351045590185
237.37320087490662
237.3735953856667
237.37374499294674
237.37315951066557
237.37375450997206
237.373463399068
237.37339246091142
237.3736776913429
237.37357323931064
237.37358080742706
237.37331750614976
237.3736342182965
237.37361462695117
237.373400442797
237.37359016088885
237.3736117516819
237.37329601265083
237.37353828010964
237.3735532710125
237.3735772810178
237.37368312217586
237.37329750593926
237.37354583204433
237.37325029018393
237.3738141154463
237.37367874274787
237.37361902391422
237.3734475171368
237.37371260888176
237.37328148042434
237.3738173169113
237.37327209966315
237.37363734206883
237.37338857953728
237.37355883418059
237.3731520761794
237.37329632477486
237.3739849695121
237.37344946236408
237.3734844865976
237.37358146889892
237.3732224596315
237.3735537732282
237.37351446626417
237.3735680889513
237.37294236665184
237.37390941627382
237.37336517269432
237.3736905589176
237.37345220101997
237.3736798567843
237.3734489412018
237.37355303294316
237.3734318369534
237.3736230012437
237.3735012152465
