288.01552642915294
221.82295335866195
247.6216970898164
237.89424013811004
241.0947807477512
239.96407971237363
240.34652088861958
240.2147369742288
240.25924082578695
240.2435721136021
240.24933362545926
240.24657436578946
240.24852358787302
240.24740167904838
240.2476298337051
240.2480647965558
240.2478132234337
240.24821871073527
240.24714232059796
240.24758727730386
240.2479551800343
240.24770297529267
240.24764477069948
240.24808183612004
240.24794297369044
240.24748866564914
240.2480681127763
240.24823798485886
240.24792152685222
240.24789176284685
240.24808849484543
240.24818866427086
240.24707921359368
240.24829214883357
240.24756140543832
240.24695090345995
240.2481805237112
240.24655934380098
240.2486137393189
240.2475025533895
240.2481240770103
240.248383395392
240.24746182423405
240.2476202635171
240.24710437806425
240.24748891681884
240.2479370126457
240.24781631283986
240.24770537404038
240.24744254652614
240.2475908575907
240.2476370777149
240.24832509266707
240.24804264857084
240.24770328372688
240.24788050587085
240.2479461266521
240.24826497118556
240.24800687142124
240.24867543340224
240.24719178929445
240.24805374822972
240.24780975917747
240.24619706516023
240.24856309155803
240.2477323491803
240.24847746094383
240.24802179056132
240.24757131424485
240.24781174683812
240.24769608957286
240.24742460239213
240.2482383500501
240.24820298119812
240.24722233837747
240.2485212909014
240.24767920469094
240.2483072294599
240.24739713038434
240.24665984604871
240.2477141891868
240.24810854538737
240.24826628683877
240.24722353104153
240.2483022207416
240.24796043994138
240.24774136883207
240.24831360023018
240.24792052727207
240.2476643090704
240.24795738102694
240.2467897639508
240.2481799359448
240.24788101874583
240.2476735237433
240.24754773489985
240.2480429419811
240.2472808093662
240.24832351494115
240.24730519183504
240.24829192912875
240.24704643398582
240.24735561952548
240.2477674329857
240.24693180387112
240.24808352936088
240.2482231526592
240.24801267329894
240.24788701466605
240.2484274049857
240.2482472364718
240.2475640586199
240.24838177472702
240.24726017766807
240.24867798203195
240.24641874909867
240.24871632237046
240.24767138826428
240.24756665236782
240.24795825292676
240.24769494021893
240.2478108596115
240.24752270233148
240.24811997458892
240.2478981656095
240.2476727120884
240.24764020905423
240.24808260020654
240.24792682888074
240.2476503093858
240.2479677527881
240.24761305782158
240.24896600384818
240.24737075913436
240.2470891237681
240.24828162127233
240.2469502177628
240.247859728217
240.24746528170363
240.24828920684376
240.2481173143242
240.24728996519116
240.24698562263802
240.24656675099686
240.24849604057817
240.24833984648285
240.24750220969145
240.24773803938297
240.2476306019089
240.24820027923852
240.24715150332486
240.2471470975579
240.24824234340485
240.24771162483376
240.2482565688333
240.2473183995171
240.24829997302731
240.247760046419
240.24801229317382
240.24811968274298
240.24755189107236
240.24756435452582
240.24746770881757
240.24803371167218
240.2482024178098
240.24720992032962
240.24808060272335
240.24771961601073
240.24824825177348
240.24728718848928
240.24808057367773
240.2479291421696
240.24772938009846
240.24787145160371
240.2478682078072
240.24749267291918
240.24818771507125
240.2476518714393
240.24793341539043
240.24736605248472
240.24792723079736
240.24776462452428
240.24637729894312
240.24866450410627
240.2471456774074
240.24698973132763
240.2483483855758
240.24733245011885
240.24771078863705
240.2484269656852
240.24766674138664
240.24793674758985
240.24668928372557
240.24830365892558
240.24797691547428
240.24790032274905
240.24667838428286
240.24780343213934
240.24744839179039
240.24826246850716
240.24780462872877
240.2479157847847
240.24732044202392
240.24790481477976
240.24824963649735
240.2480503860861
240.24648685238208
240.24828831812192
240.2475746349519
240.24796520579548
240.24732083189883
240.24709357072425
240.2480311608233
240.24758517960436
240.2476816096605
240.24733480448776
240.24796831763524
240.2474466110143
240.24717713271093
240.2478552830289
240.2478476495744
240.248021876876
240.2473958552
240.24810395042005
240.2478395293292
240.2475414223445
240.24749642128882
240.24799876120233
240.2475721390947
240.24834767768334
240.24760921977577
240.2484983841423
240.24743173380557
240.24756272004743
240.24808916047914
240.24791458729305
240.24737366974296
240.24748367459688
240.24810429841455
240.24696123627655
240.24702315143077
240.2479985361133
240.24792074381548
240.24742000681
240.24741123981948
240.24795595549222
240.24772403220413
240.24784045747947
240.24824678812
240.24785208585672
240.24790895539627
240.24771319518914
240.24765366451174
240.24799317018187
240.24792345364403
240.24820273193473
240.24820329078648
240.2477175469685
240.24786352827505
240.24794802698307
240.24796253284148
240.24799169819744
240.2472531053645
240.24876991687051
240.24766556812392
240.24785502003215
240.24816212830774
240.24737027588708
240.24789957301982
240.24802270293003
