287.69521545829303
204.73448651775857
79.26460334976616
154.19786107929633
242.57777385255326
234.7934301345947
238.73836437488558
236.3423544225261
237.48204784877407
236.95446649736596
237.18870840321142
237.08620456300878
237.13083848121278
237.11176687626175
237.1201468506515
237.1160297666247
237.11779936431685
237.11759832417556
237.118075465748
237.1171112748052
237.11729707074392
237.1173477779712
237.11818099505217
237.11749893523574
237.11761067285533
237.117898606346
237.11747412896148
237.11781991442513
237.11753384864278
237.11657180435395
237.1179692047608
237.11774869996225
237.11769429209016
237.11757862078775
237.11779063323047
237.11767471849817
237.1176925724576
237.1176030293518
237.11719497279046
237.11813319655084
237.1171661071785
237.11822242641938
237.11697828639626
237.11775858378496
237.1176811676578
237.11718594371268
237.11738081912154
237.1173049997633
237.11801121185272
237.1175002703785
237.1180953511066
237.11749868048355
237.11705120540864
237.1176437958493
237.1174854463061
237.11809820439157
237.11790128350185
237.1181033860994
237.11723495174374
237.1172567485628
237.1178505546668
237.11773288699987
237.11766480506776
237.11710975012465
237.11732956761261
237.117758445238
237.11756041670378
237.11790774403198
237.11766339869428
237.1176797240223
237.11711456642297
237.117705542958
237.11739486440274
237.1170589735957
237.1172809796808
237.1176936015363
237.11713856801362
237.11753490688716
237.11722171795554
237.1178154341178
237.1175716622929
237.11754647131966
237.11799155561312
237.11708156021996
237.1172710253377
237.1174130875479
237.11799290208
237.11753654104905
237.11718644520442
237.11770707716641
237.11706755350679
237.11659842552763
237.11782123597004
237.11782984417368
237.11757668977953
237.11747421867767
237.11736857760843
237.11807319611398
237.11752204548975
237.11764807614236
237.1176779663947
237.11650287001976
237.11783855241083
237.11752298004285
237.1161422067962
237.1181695162013
237.11741097866616
237.11782570008654
237.11753348794446
237.1176807967422
237.11791983612056
237.1177977184634
237.1170630831548
237.11772999372624
237.117035792995
237.1181651792358
237.11700185705558
237.11775909436255
237.11754624941386
237.1172132362699
237.11757235283585
237.117181933354
237.1173952783647
237.11779392089375
237.1179167106602
237.11765131421998
237.11738755286933
237.1176740112278
237.11773298444314
237.11756408641668
237.1176000818159
237.116553544598
237.117578805628
237.11708356072631
237.11654563635238
237.11844210733398
237.1177436947255
237.11785085750307
237.11707011731778
237.11724041622801
237.11786408639455
237.1176932975868
237.11758291457227
237.11715426715818
237.11772588232998
237.1172526809387
237.11735170595784
237.11774049703672
237.11693252962868
237.11746410417982
237.1175068159646
237.11728966710507
237.1173588116726
237.11764462984866
237.11785924309515
237.11788332572905
237.1180082081264
237.11791657364665
237.1177093320366
237.11739253222913
237.1173366883304
237.11769878006453
237.11802889063256
237.11740313702467
237.11734819495905
237.11770632067783
237.1173242591176
237.11813135177363
237.1170623842554
237.11794786015525
237.1173674562815
237.11740866675973
237.11763038422214
237.11745766492822
237.1180779720671
237.11772831156122
237.11757279551966
237.11782269021933
237.1171914189763
237.1174276340389
237.11760947509902
237.11790799928713
237.1170374315916
237.11738088052516
237.1174617542274
237.11726217555406
237.1180636776553
237.11727285388042
237.1167127298395
237.11797999248665
237.1175639249559
237.11728016022244
237.11692852104898
237.1174215205101
237.11760815976595
237.11740351238404
237.11705129379698
237.11741652038472
237.1171714496595
237.1169975871453
237.1172910854366
237.1176569947129
237.1176330710441
237.1177140546497
237.11794362323417
237.11681810776645
237.11795217373583
237.1175543894933
237.11750187084544
237.11771333286015
237.1171558965434
237.1172806803952
237.1179418364918
237.117031286587
237.11739248331287
237.1175109874166
237.11762995149184
237.1171308238845
237.1177619759983
237.11781347749638
237.1176553646801
237.11709366992
237.11721536662662
237.11798544604972
237.1178437086346
237.1176282480592
237.11767110528308
237.11716504665674
237.11710400233278
237.11800242615573
237.11702001132653
237.11778013056028
237.11706436162058
237.11763504313421
237.1176977937139
237.11710423842305
237.11771179577045
237.11716340876592
237.11787273574737
237.1179491066141
237.11676638777135
237.11799133720342
237.11730823433027
237.1172972664499
237.117708742604
237.11795299308142
237.11703325809503
237.11723354880814
237.1181387971301
237.11706348560983
237.11792238868657
237.11716572855948
237.1179877511313
237.11769075144548
237.1175071855978
237.11803949816385
237.1176180979528
237.11759744182928
237.11790598648076
237.11752124030318
237.11765575615573
237.11717794115248
237.11696737438615
237.11760030114965
237.11772848029796
237.1175626218319
237.11799616228382
237.1174403650366
237.1176717156195
237.11716052699194
237.11771404098545
237.11774280168174
237.11715500082937
237.11772048240528
237.11756209479063
237.117780909437
237.11773680629267
237.11712501848524
237.11761148189544
237.11777579168847
237.1172578397236
