287.9296286768507
267.66143168529607
268.54333938485775
268.4789974922928
268.48257742306487
268.48205949736484
268.48223267899266
268.48088060152577
268.48309358886036
268.48199446921717
268.48247942203307
268.4819241333089
268.48178455550715
268.48173674249574
268.48210060254223
268.4818512722395
268.4814332367296
268.4820981207431
268.482247298909
268.48123535180457
268.4829465986659
268.4819898556307
268.4816325956999
268.4822614007753
268.4822326983722
268.48184572586797
268.4822698943699
268.48254042197004
268.482010730364
268.4820633564632
268.48233752786473
268.4816712108113
268.4824017963838
268.4819171928466
268.4817993820834
268.4818252939149
268.48181356289206
268.4818052754672
268.48188367660987
268.48215531181995
268.48208408831124
268.48213245952866
268.48125975035146
268.4821989604243
268.48136668658844
268.48195182639756
268.48202585007675
268.4822254249848
268.48124903325515
268.48237840476577
268.4829569488211
268.4824889907359
268.48152435583324
268.4821649594596
268.48125269525553
268.4806926728488
268.48270002878417
268.48206790619224
268.4817634408064
268.48181955682594
268.4820978471762
268.4824251048849
268.4811484600432
268.4818087398089
268.4813759848039
268.4821111868878
268.48137870867504
268.4819010046922
268.48181644861324
268.48237842254457
268.48196972507867
268.481738686467
268.4825347541191
268.4822541998292
268.48287340103707
268.48180122248596
268.4820177037109
268.4815876977882
268.48222272593557
268.4817111237717
268.4830108669339
268.48212748130027
268.4815675474165
268.48226416742546
268.4822227902114
268.48257658865623
268.4813794225047
268.4815215105482
268.48082950658136
268.4821425375121
268.48235952098184
268.48223824235174
268.4817643223723
268.48094172700075
268.4823483668806
268.4826187773215
268.4817967722629
268.4812835212142
268.48312681723473
268.48199684900464
268.48238854733063
268.4818381163568
268.4822001191278
268.48104032025003
268.48249028850114
268.48275830881175
268.482244983883
268.48141069970734
268.48172011593124
268.48196528077096
268.48109400742396
268.4824853896571
268.4824079955215
268.4821758580365
268.4825713763421
268.4823607108119
268.4821201148807
268.48253968622885
268.48212136964867
268.48239167682914
268.48182044584246
268.4824382660154
268.48064660422096
268.4819201888895
268.4824105530424
268.48227046165266
268.4825240346836
268.4817750250659
268.48132825281937
268.48229775846994
268.4820655626827
268.48204396967776
268.48094899546413
268.4822949333611
268.4823948070989
268.4820919097983
268.48170550420764
268.4823414449929
268.4810425142641
268.48132088096463
268.48217755075893
268.48213943178416
268.48215604895086
268.48153092067514
268.4819803184946
268.48180864621827
268.4811361181346
268.48268464411376
268.4820725255995
268.481934862677
268.4814212927595
268.4822157874005
268.4822645480017
268.4824285040813
268.481018141043
268.48144247072923
268.4819567986124
268.4829756389954
268.48194775613956
268.4819750691531
268.481550887358
268.4817999301886
268.48179502745916
268.4823661782284
268.481703231897
268.4810552316776
268.48141962660884
268.4817210341571
268.48205600284564
268.48145194699464
268.48293606803054
268.48212865875394
268.4809235716384
268.48142668970104
268.48164185990754
268.48246966762235
268.481768700236
268.48240042511316
268.48130451225734
268.48204698639165
268.48252307929215
268.48190749769856
