288.0600971897578
262.5620485948308
264.308560327082
264.0980407390964
264.1195099081601
264.1165054713297
264.1168396855978
264.1170946082134
264.1170640246355
264.1171801250739
264.1170588770792
264.1167046161672
264.1166255523758
264.11744260740124
264.11691227109895
264.1168650027139
264.1169738229182
264.117236572205
264.11577331898843
264.1167460942015
264.117625743771
264.1163587649771
264.1174337628945
264.11597269215963
264.11762265957987
264.11617024772386
264.1166936898044
264.11674208576005
264.1163153081161
264.11661836124586
264.1169014857114
264.1156671825356
264.1178420198321
264.11609763469824
264.11766901774536
264.11741917937616
264.11757421588845
264.1172096729824
264.1157293159995
264.11778799010426
264.11725175072206
264.116404137847
264.1158892219428
264.1176778044792
264.11654177583114
264.11582663306035
264.1168407943951
264.1161178257207
264.1169125872839
264.1171751487891
264.11648111737304
264.1174557029917
264.1167022545087
264.1166701920083
264.11627193614186
264.11733006126815
264.1167047259987
264.1163754701047
264.11706456086904
264.1162132811696
264.11791827260095
264.11574527837365
264.1169122059655
264.1160552591209
264.1175508703018
264.11758362267574
264.1172164932359
264.11658323883603
264.1172146726676
264.1171679223771
264.11702009061264
264.11724383667024
264.1172616625772
264.1168339414362
264.1169557778485
264.11682874624967
264.11641114270606
264.1174594102413
264.1176260906359
264.116988011192
264.1163502491181
264.11748070278554
264.1177621448878
264.11653168206976
264.11701163261023
264.1171254718647
264.1174982921293
264.11669172225083
264.1171523656085
264.1162696780084
264.1171919465414
264.11608820220863
264.11593460503354
264.11712190705293
264.1169545685407
264.1167347300361
264.1174319606289
264.1172997833273
264.11521003544476
264.118053845581
264.1165867461459
264.1175616267792
264.11642252551974
264.11675602706964
264.11713969167613
264.11612345997855
264.11661759040726
264.11678253964783
264.1175829454587
264.11703075112746
264.11698041590716
264.11628116387146
264.1176142583863
264.11734418994456
264.1165861535046
264.1170447397526
264.1167407233661
264.11697477367125
264.1168100366849
264.11752038501436
264.116525970785
264.1165559851361
264.11664518991165
264.1166268317684
264.1165128962821
264.11737092505064
264.1164861827492
264.11697866782924
264.1169301975533
264.1168184953931
264.1171027467353
264.1172201719892
264.11683757002174
264.1174769208301
264.1175771640992
264.1168854322459
264.11594000208424
264.11734515933495
264.1167605215305
264.1171189753077
264.11719244302367
264.11643676990934
264.1171044315124
264.1175288232771
264.11663554901315
264.11746010155184
264.1174246107985
264.1165816580178
264.116047445219
264.1167660873616
264.1170859416452
264.11654391487536
264.11687150842045
264.11719305194856
264.1169072196499
264.1169482713449
264.11593078027363
264.11752099113073
264.1174352618982
264.1174597960053
264.11608699341014
264.117166743672
264.1159257226682
264.11714322945045
264.1162870007829
264.11632052838104
264.1166082214331
264.116817060858
264.1165929670533
264.11758615289
264.11655510921264
264.1175926992437
264.11711633323284
264.11649754442624
264.11675435624784
264.1161455098336
264.1172559557017
264.11631266537006
264.11735786598
264.11700873715745
264.11697800832917
264.11666145318304
264.11709950976365
264.11668207614275
264.1169275786524
264.11764040825074
264.1172303211497
264.1169392938755
264.11695181095274
264.11617845878936
264.1164762686676
264.1167307995347
264.11736189140356
264.11740222689696
264.115919182761
264.1178148910403
264.1157641220343
