287.7638373107161
251.43037793919245
93.09214585241375
220.38653867749713
207.72035592614156
225.71623861488433
192.54241950508867
236.19013629799838
150.31099763883276
253.4441807649464
86.99381279314957
226.7605929931724
189.22941895816848
238.7732189063072
136.59313399752818
256.97514922663504
78.7993738655141
232.11307086534816
166.51678171488766
248.69917843186613
99.362187039138
210.24824161235574
222.17024365020097
209.00467282764748
221.2916653607781
207.6369849422572
223.22235074764285
202.6119973040577
228.10905694751455
188.49329434847368
237.85075068541664
145.66302711970275
254.43744541701744
84.96360402332357
228.07278982851858
185.27547137524198
240.65883778786883
129.01339908403133
54.962600822009335
247.48218371936127
103.99568064794948
192.18894424835526
237.29553298465544
161.21194816604475
249.00971678289352
103.04497534032453
169.49210678690542
251.25467379658403
91.01357780584112
224.4979008062346
193.85675761473613
236.89776360895485
142.12745124507273
255.8946638882153
80.92543181809742
231.0213041470506
171.0656556203976
247.1123412124598
104.08289373987282
192.6259941547305
236.51009696082474
167.110616355174
246.62962067195986
112.68829029603512
113.23180509554368
123.57842671509206
255.20902226398903
106.81146978533434
259.3750948859488
78.73009000423554
217.5550938396009
223.6980128867326
170.054517354587
248.3099141754028
101.70300364230206
184.69294090419498
245.07095059203493
106.74886356498246
184.61656572155334
237.85565641470748
175.13941174433785
241.57415629494426
143.47528497636085
253.65434984766762
89.80988518718004
219.9027002793373
214.03105401066568
214.63061088761606
218.43721565691885
208.39371659840617
224.3156452760959
196.5294868454439
233.52296550995015
163.26853139566447
249.4045759037108
98.06989280337802
212.21225458836852
220.6404278201844
210.43163604084475
220.28763902712672
208.76427893273285
222.3803948409186
203.968279640354
227.11846181535657
191.26563614036786
236.30582247042548
152.76850222257053
252.49678244156894
89.86434284409916
223.89347050978176
199.37801164682242
232.23051556048085
168.27383891418867
247.7431742159897
102.92489854573432
196.4292472232446
234.74698620222262
171.40951796011723
245.3710701078271
115.9756826163757
96.68016660674039
229.79810492830438
168.3403510254975
249.92763375965296
95.84997196531913
216.7387588651909
214.47338173983735
218.75862845957454
208.81848395827546
223.61256679650978
199.04245154347882
231.60182709219225
172.58297440583556
245.84253663091658
109.95773123105755
137.27783241898578
258.9434188070809
75.82761366410705
233.51010298619076
162.2724687576483
249.90935692904168
96.35894443266443
215.94020625129633
215.17134426238772
218.35427163633722
209.04612171141343
223.60261596820783
198.65551947890344
231.98364384201705
170.49802092124446
246.7225954286041
106.72981707620784
168.36208925834217
249.35982936732762
103.46859547297208
164.53172940779768
252.25054344847013
90.44948241756356
222.20262516987714
206.95233304607973
224.77573313070025
198.59465331488173
231.38397977719433
175.8003906368467
244.21862905494345
117.0350591688184
88.51241016383574
235.49552152916294
155.51778528647264
252.96204547990055
87.5323861436409
226.83353147532762
187.28149255341123
240.16470280829526
129.10166576695337
52.656829739040404
247.72618322809285
105.11256515909918
172.94276769014687
249.04486028621614
99.49922859211802
210.65580391947879
221.77040539418522
209.8785490025839
220.27916573789116
209.52270309125015
221.23801493810606
206.74258130620728
224.4480141735694
199.0831520595675
231.03033842103468
177.10628941303003
243.65726711235038
119.21235997207987
80.43808658057242
239.93384905815037
132.733806689037
45.239499022580276
249.41531657925952
99.70037599156058
204.43721189565986
230.44856581807835
180.2928571579032
242.5937793685298
122.69013139541494
69.80554845762526
243.82821585014608
116.86103983776411
94.12488567065884
266.1169831316729
62.56959540468961
238.7348784538408
136.8552757266225
256.8044372993536
79.22110303332738
231.87260514053924
167.691161522911
248.2805523425195
100.62523436201445
206.7203927474693
225.8767044139313
201.81979562430206
227.92829956833157
192.0295147577708
235.26304451128817
160.6217891530032
249.78305404035927
98.25987680639082
209.38872045112657
225.27355308974074
198.34284417948948
231.8595041953522
173.34797602513572
245.34098638434807
112.47075614775531
113.9711924335279
114.45192683649657
134.65640433908266
16.35082562903699
273.1349088582865
50.64358748914674
241.96000078278303
127.49380029513122
258.42555081963656
76.15740281944454
233.27699684528488
162.1466024038964
250.04103241642588
95.75518047409423
217.17768349377002
212.885994662327
221.13939640740864
203.36415423794824
228.79183887883846
182.1806975252839
241.77710046873835
124.97614666147274
63.46046211688372
245.5449716222065
111.02544999141537
133.04621600454266
259.3689405540208
75.60539279671502
233.16395724503673
166.9837438530667
247.91874847678992
103.38327978820598
190.6407533530728
239.32469439922716
144.45222349431424
254.65756020469416
84.84923465651809
227.93334898712055
186.83086594622
239.66491102929285
134.20488580518577
257.3993743754545
78.000026130263
232.49682672864583
164.92067840861273
249.22421290805505
97.87449523840041
213.56426745801582
218.11081874309457
215.08474319032393
213.8288461198972
218.6141822670761
208.8993659831467
223.45506313999067
199.472596943393
231.26973922751495
174.05933281377656
245.22478371151374
112.22569016064517
118.04982210084563
262.8587169641105
68.00771802793315
236.8923732093972
144.9792741658457
254.93202983874653
83.3144810662925
229.48510870353493
178.18339084324543
244.19664222221763
114.12168466109142
110.07572392956354
263.51126893529727
67.1192058208544
237.01792281625967
146.39209682974615
254.4064266285568
84.77033959674009
228.3697991645895
183.3988767482515
241.714262017922
124.07769410127366
65.01945453303051
244.63644262694288
117.1527975013305
88.32609277828305
236.46176261901564
146.474198572585
253.6506779250485
87.65786938212113
225.46162620572431
196.3818215666397
233.81086056586355
162.97648856688465
249.44642588173156
98.13437115603301
211.80605094341445
221.33174422907177
209.00315997625876
221.9561465446168
205.4711185619235
225.6201002093585
196.0768031145708
233.14483220304828
168.06305433805392
247.36997500649886
105.42202940864081
174.71897834607807
247.58170664492354
106.89579773462901
158.0789591296052
254.33897278024233
85.08439993757929
228.79915483719378
180.30741260910872
243.4589219736954
116.30028486327501
97.25349127787922
265.4203216478345
63.69549338186334
238.30274404335069
139.57741448984598
256.1357082070608
80.72194873914123
231.01152460587036
171.79145906021586
246.75095186218095
105.46003849091358
183.43951163878955
241.7453008274606
141.15116411822964
254.7761350224173
85.89574552730483
226.0015229904384
197.08422386857274
232.62368493987015
171.25276414769178
246.0676900355902
110.26439560559811
129.06588712368102
55.23802220899961
251.2807015346625
93.15448745369213
221.73139813603484
203.74866860135808
229.64206918116543
177.1298401907261
244.41401440331538
113.58201695869502
113.06310275250871
