287.75258607330545
250.7045517941741
89.54896821757723
223.36652762473705
195.7870790092095
234.03986346487932
150.18033663605843
253.2611445081984
82.31174850376829
229.50065956733215
169.92314554051927
247.13979068465187
97.64944091009102
212.60587466323523
216.67725632358997
215.84748324913835
209.2642911825369
222.6827493849005
195.13506098988728
233.89648677501737
151.26300402106426
252.8786552872125
83.2501278465661
228.84751101401616
173.15707515301165
245.8600398212493
101.52449707505548
200.9803184975617
229.20366124561224
190.1172427022575
234.70293644538287
159.9704295295105
248.9924588296417
95.9876511470884
208.938761035246
225.94168837190955
185.2805971601847
240.17320618111626
121.69144434987174
69.27641263259466
241.85041382359668
126.39718765161524
258.137324245572
72.88061248041231
234.0475851222036
150.670204246695
252.99151782285116
83.0815480447618
228.91058787805378
173.14250294016892
245.82750543787552
101.71261367808438
200.044415925644
230.04338677187297
187.12638299967148
236.51515561766792
150.9207143219901
251.90361531271992
87.4680066869987
224.06196315711168
197.26457144004598
231.89693268234805
165.2733170144529
247.97813538986156
96.91845787492275
211.859485228415
219.81565038443296
208.56374253166723
221.0202737244872
204.00339228156736
225.70791921307682
190.9068691230823
235.6105219755118
147.68556636617723
253.49288799726492
82.32717457528997
229.16521116553122
173.2533176057732
245.59901175189952
102.8630310336921
193.6180521441638
235.07297818518418
165.05406860757284
246.86998401263554
104.51651863754887
157.15840337543705
271.48241288230565
50.155590420115914
241.61617045282765
119.10928380322002
78.2958797077481
240.6296005795739
119.84595448568871
78.75970781301658
266.9310692399449
57.647529691934324
239.57529045372212
126.38060527390917
63.01398472386427
245.09680354719967
103.69908739371749
193.70901999474154
233.6835260204025
177.6509545142544
240.74263719026203
133.6820340707418
256.1520712130223
77.3485743304118
231.53126951281956
165.2567180786864
248.18010457690616
96.01148220893447
214.29119573478965
215.9419971790594
215.17522834706324
212.00992333185422
218.73101130289797
206.100299749236
224.704869459365
191.6176359380588
235.6467240460952
145.23171590092898
254.33565996319157
80.18281348992241
230.6423636438958
165.34636820277956
248.68050526236038
93.53823664659285
219.42459507653257
204.63819204726315
228.11088671608013
174.93661639635684
244.96594467468094
104.2867192302001
186.47244660147408
238.89472020554967
148.78114642186847
251.9683240077211
88.85069410112919
219.9546641087145
211.32676644288586
216.23660577297414
214.45890496547509
212.30259078340168
218.68164853924827
205.70287761409418
225.26209654394188
189.33105860309297
237.12478084492614
137.73239241714327
256.22718882207846
76.14274998795736
232.83804753946606
154.2408767737361
252.22464753613895
84.5716746265025
228.06306107163255
176.05303494037798
244.7686010601101
104.73393823120568
184.20304196284997
239.9174079979348
144.71390834138583
253.01586993168166
86.10831400065217
223.4605977917381
202.84934299673478
225.91294010972342
193.52035506592802
233.31354339181416
161.94571752556658
248.77753383771778
95.4250590605152
213.60377999213233
218.50591656365577
209.32930302656314
220.91239786710503
203.09931735471037
226.90357730770484
185.76022444858972
238.79775478883676
131.58130913745117
257.48922687848244
73.71087464661832
233.93839411291265
149.07462311082782
253.62705635654856
81.42783036332548
230.08613009202963
166.94520100425143
248.25265303765627
94.46854548161355
218.31315851357795
206.6930182437427
226.547735324697
180.5446257128715
242.52685882624064
112.3610339818988
117.90418454839528
261.2157597147234
67.99045180491521
235.66479189319944
147.43504060083797
253.4240382763237
82.66864567880839
228.81945405489387
175.4577970750397
244.59376625244477
106.39607382868417
167.4482805983862
248.27203517029557
103.57805765684316
157.41878270437155
270.06801623038336
51.96538073466945
240.77962630466936
125.66571449392359
258.2928831859681
72.3548278240487
234.39265856939892
147.91501202241488
253.83189894160023
81.07724855054403
230.2384045091385
166.55733118054923
248.34723605948966
94.28628780657891
218.513886968547
206.39067678287392
226.75193214655883
179.9558453728896
242.77818465061137
111.54494743687246
124.27181256918993
259.8967929419523
70.89668448328302
234.16356749214174
156.93131110673858
250.41047283985245
90.8512856622765
220.9204463384449
204.8389751598952
226.2811298777233
187.21866126919485
238.1913775367866
133.59781472536997
257.1061428066387
74.4265375614923
233.63160533791233
150.45432986476226
253.26946016740112
82.20693767648481
229.61806783935754
169.09136180875066
247.48589480135706
96.58720606478164
214.82235561365087
213.1919776413124
220.1598751804413
200.28108233798412
230.69442803358834
164.53634214651538
248.8330406310124
93.13422122981865
219.91222376214864
203.5426643056271
228.9715797323297
171.39139881973097
246.41215967254539
99.81053228290693
206.94125676441763
223.65207303396892
204.29579938163806
224.0113295633928
199.41575332339562
228.85009783956048
182.11357625198434
240.16053543674934
127.9165901067172
258.08689676076756
72.65488105770783
234.3469272027578
147.51421533105895
253.99631148207118
80.65990965826495
230.51860361114086
165.01721165468916
248.90681022852368
92.7338379297289
220.6193992431363
201.37649983995652
230.79923666629475
162.62158305052435
249.68895791639807
90.57081669970648
223.1058992917824
194.12833159571164
235.73974394085235
139.47785693548212
256.0254868479242
76.38385430017661
232.70977357997617
155.0359410467645
251.9721538068261
85.18774175456201
227.6065805474209
178.0944483619969
243.8865165620664
107.64180038069026
160.39163518212445
249.86827095029003
100.7583792614023
262.29587729902414
65.24434764625039
237.12679255986586
135.49138558565755
256.7605673515354
75.02606898463273
233.38997632234532
151.35119001049316
253.05213228623325
82.66429625118326
229.34663200714567
170.25252877479943
247.06818746423232
97.75305574244703
212.49269411277783
216.71146645964473
215.91887620570196
209.00989868819306
223.00605773268035
194.0593430546578
234.64123501422
147.51763712328102
253.92889798581018
80.86510194337461
230.36208921730577
165.97597762277292
248.54944399588567
93.73810361880169
219.2809591742989
204.69234694881015
228.18236080264614
174.21910932079481
245.31729626441665
103.03776999237016
194.12844169289747
234.16926816011255
171.79060614781338
243.86869755430962
117.34512271413405
259.77436491112167
69.64482441895234
235.50052296176727
142.74897774509736
255.12067320283677
78.32723649966647
231.7743486611871
159.15165658165643
250.79213929158868
87.95268021656375
225.47664438678476
186.3689412704698
240.0151618073287
121.58400440622063
69.93967055158282
239.87375034626166
144.82916794676566
252.36864286432683
89.42936901673966
206.91697929499787
231.61678636945726
138.14924331275688
18.882061803276883
270.5069208292116
51.84578846191289
241.17206142449868
120.48661160783377
73.9235133761249
242.21989266325545
