288.0190363055662
226.1550907385199
247.68443778264418
240.00478878712124
242.3317344720649
241.56802376526593
241.80591597557668
241.7313814657664
241.7544589071872
241.74700213995857
241.74938037451284
241.74937039829
241.7487127817094
241.74887590195976
241.74881844383708
241.74854858590606
241.74953692257623
241.7475050787716
241.74966874487382
241.74874748901675
241.74907386467385
241.74882009988778
241.74885384379195
241.74887224559643
241.7491754367893
241.74855990412652
241.7489076216807
241.7493852385469
241.7492610919944
241.7491789887099
241.74884217964063
241.74909532585116
241.74917138783167
241.7492480025321
241.74934597144238
241.74880907025545
241.74922463002804
241.74923867490725
241.7492662003624
241.74913548565382
241.7492004029591
241.74830538320202
241.74877125164494
241.7497817572912
241.74856217417255
241.7492032458722
241.74762330953672
241.74957835928217
241.7482388622302
241.74878165502741
241.7481646194865
241.74894192849024
241.74941130910156
241.74842231957518
241.7491146745051
241.74868289828373
241.74744549874595
241.7490559923608
241.74895375334745
241.7497345017582
241.7490973552376
241.74902963687055
241.74847302960188
241.748143806828
241.749611570227
241.74843382856488
241.7475899465935
241.74957915179039
241.74907996562615
241.74892785746488
241.74969439851702
241.74873644041145
241.7494925949577
241.74879369685732
241.74918922456345
241.74966779304668
241.74873450181985
241.74863088947677
241.74771821690592
241.74921273334257
241.7492251932781
241.74919305094227
241.74904137081103
241.74938238625327
241.7493226175684
241.74890568451156
241.74898403472616
241.74877877560357
241.74945803718583
241.74860087524576
241.74883737211348
241.7479484908181
241.74940059149958
241.7492270512812
241.74950485441514
241.7485398490753
241.74920907483465
241.74889104066824
241.7492799320753
241.74917289267614
241.74883563789626
241.7488139219131
241.7490686580495
241.74892318884667
241.74884579775244
241.74964521616494
241.7490050827182
241.7494103833451
241.7488608949352
241.7492851210627
241.74880785514688
241.74938489047054
241.74942076177103
241.74841262386326
241.7486637957336
241.74919788346597
241.74932646777597
241.7491023517723
241.7486835126183
241.74835913337301
241.7495934673716
241.74911897513812
241.7492401044001
241.7493470677873
241.74894773375854
241.74883680923813
241.74875619562226
241.7491794366215
241.7478050419886
241.7498736090638
241.7485824192263
241.7495738059515
241.74911308581795
241.74840153864352
241.7501031962529
241.74883884182782
241.74889828718733
241.74949429388653
241.7488404519827
241.74930100826896
241.7491721153856
241.7483593761208
241.74880469895288
241.7482787376939
241.7477214945029
241.74952309854416
241.74968166863982
241.7482729102412
241.7483010272772
241.74895427445153
241.7494821176806
241.74927046857192
241.74931274738628
241.7475884397718
241.74937935364142
241.74921197388903
241.74923354510975
241.74825671072176
241.74810629614512
241.74958164678537
241.74799428021652
241.74971133023791
241.7491244415578
241.74906134187768
241.74904930043704
241.74910758981423
241.7491104883302
241.74891103577102
241.7488192520177
241.74950625644124
241.74901571229566
241.74847789687192
241.74888472544262
241.74942749487673
241.74867703777272
241.74959621217567
241.74905889191723
241.74942964551155
241.74893810531648
241.74893925347715
241.74909908855625
241.7484875877417
241.74902773657232
241.7489289904479
241.74937181868881
241.74903231124335
241.74830609308265
241.74995556862268
241.7478548467916
241.7494841301086
241.74890240332752
241.74928353527503
241.74909981277597
241.74915115327167
241.7493547991471
241.74893781155697
241.74876764469082
241.74898343137465
241.74874140898464
241.74963464865868
241.74904829525622
241.74939516432642
241.7483449796564
241.7492774282
241.7489557693043
241.74862742570986
241.7487645255169
241.74933394786785
241.74894504627446
241.7494086209481
241.74889093228558
241.74825636821333
241.74966573598795
241.74864769366104
241.7491160963691
241.74768958016648
241.74959533162473
241.7490966659534
241.74940555314242
241.74851025498356
241.74889449187322
241.74933566081745
241.74891357349406
241.74941759055946
241.7490125765471
241.7484982463211
241.74962183623575
241.74934047175338
241.74859276995994
241.74862456624396
241.74911059674923
241.7494046808133
241.7491190385481
241.74893005624472
241.74936869111843
241.74832840227464
241.7487021398265
241.74950214732962
241.74925554367655
241.7476771055808
241.74822405644227
241.74913493393979
241.74884647617
241.7490586630447
241.74892290979915
241.74888045573607
241.74975242493383
241.74917227070546
241.74926453022636
241.74829772827798
241.7496597066929
241.74834207681124
241.74950884279679
241.74879253398103
241.7485784253513
241.7496823354595
241.74815503890568
241.74871007408365
241.74918351125962
241.7491471912508
241.7492305230262
241.74909120814118
241.74914655995963
241.74844642091193
241.74914352790802
241.74922531849006
