288.27090691107384
232.62198698268134
249.2880434494167
243.60632754236622
245.26945726932308
244.73909073445702
244.90294582727347
244.851039149165
244.86792076687152
244.86302118370804
244.86425715742234
244.86366349615128
244.86368297739864
244.86389832062014
244.86383763474805
244.86396703529408
244.86388474099658
244.86418446100743
244.86393298398525
244.86405534583173
244.86379577528533
244.86402102967622
244.86372079376451
244.86385480314493
244.8638747895293
244.8636354248065
244.86369456608736
244.8641235462619
244.8639204193314
244.86419360155014
244.8637549912637
244.8635309262827
244.86411965936895
244.86405855949488
244.86383731406204
244.8637951917499
244.86328562528797
244.8645000471297
244.8638642010992
244.86406591436935
244.8637582067895
244.86422790942197
244.86400508182487
244.8641015574176
244.86387970002033
244.8639884993354
244.86344784249013
244.86416461415865
244.86374636806067
244.8637543035038
244.86417539454123
244.86396506746678
244.86363226189496
244.86359015426933
244.86425704450812
244.86371402135774
244.86418555098498
244.86319489427478
244.86441730552542
244.86337350108442
244.86349891017016
244.86431634593464
244.86359204160544
244.86423802881473
244.86287127994729
244.8641375109546
244.8638781620466
244.8635518466872
244.86363111060564
244.86407183466508
244.86333848535287
244.8638542668341
244.86405430140803
244.86388376537798
244.86350231406686
244.86380300451856
244.8641961190333
244.8636239638654
244.86424809193704
244.86399995434476
244.86383978386948
244.86336269436651
244.8634129577258
244.8641366499287
244.86383631881472
244.8640211738384
244.86379474925343
244.86412701221707
244.8636067452171
244.8635145872322
244.86392458291812
244.86374949773017
244.86263665534352
244.86441894248856
244.8636338456272
244.86396349827555
244.86396884042188
244.86402968682523
244.8640173918393
244.86381616933795
244.8639182174593
244.86383593512437
244.8638074958144
244.86356282677298
244.86429056695488
244.86395428651304
244.8638798202519
244.86384027692839
244.86343704173487
244.864228766608
244.86370347857155
244.86373252963676
244.86343560339446
244.86402041325346
244.86389652440266
244.86377419193013
244.86400997216697
244.86416661659314
244.86418313139438
244.86410496036842
244.86363152928243
244.86404673247307
244.86406434248056
244.86407314339885
244.86351646252297
244.86345174940652
244.86391045892378
244.8640028304435
244.86348661490047
244.86422010410024
244.86331595734373
244.86375989756925
244.86409277011262
244.86423567848396
244.86377183643344
244.8642374729534
244.8639387329822
244.8636639623801
244.86380359221948
244.86367671220796
244.86410767120105
244.86345702940162
244.86386191126803
244.86366770416498
244.86411218645662
244.8637726812085
244.8641903897078
244.86319821739744
244.8642853305064
244.86387628516968
244.86372229363042
244.86336258512165
244.86330287998862
244.86409123368503
244.86405717255548
244.8637965018861
244.86416753980302
244.86383463477978
244.86363705836993
244.86305860069842
244.86426040373044
244.86385601144866
244.86397531659895
244.86391114899016
244.86384137570712
244.8638511100071
244.86379579236382
244.8638178501351
244.863894435759
244.86366886241012
244.86420667111815
244.86374343986972
244.86374513345072
244.86412445979659
244.86346628156025
244.86414642336604
244.86248962003447
244.86385353832156
244.86386995302746
244.86365902455873
244.86286431655753
244.863664135235
244.8641209432535
244.8636498082342
244.86410428442468
244.86366108965012
244.86417156129028
244.8634119227354
244.8629654051765
244.86370907587116
244.86395570803143
244.86404542073433
244.86415566584037
244.86382213702018
244.86384264771186
244.86354576943268
244.86393414842314
244.8639291534637
244.86415453678637
244.86349279351998
244.86424351482128
244.86355748410278
244.86297114276385
244.86436108488124
244.8636591203831
244.86394286967698
244.86394135108276
244.86387969227508
244.86398907085822
244.86337578385428
244.86414352785505
244.86409907873895
244.8629545250733
244.86387193077826
244.86414531306946
244.8636189904646
244.8640444187913
244.8637777845288
244.86378788106958
244.86357516962744
244.86421098091523
244.86323690587597
244.86435711670492
244.86387936490064
244.86394928835216
244.86414048960432
244.86374008581333
244.8637704501307
244.86366706380795
244.8640442526812
244.8637477879529
244.86406629526755
244.8638367823005
244.8630315400369
244.863508723196
244.8640982468205
244.86399154165701
244.86404946625407
244.8634578762867
244.86415757777286
244.8638280362502
244.86383384745568
244.86412946149358
244.86397191046854
244.86404297340778
244.86374186839384
244.86350582139858
244.86374573894136
244.862969754613
244.86429441459768
244.8633873823128
244.86383140993712
244.86346487108676
244.86415378186211
244.8634939067124
244.86431966512464
244.86377010405704
