287.9646878850809
64.51161275473748
269.67371610009354
108.29849193040786
263.74292670332466
135.17603504748058
258.61231794152945
159.54090678819057
252.7879789313779
181.11269586720437
246.0189779828106
197.42734398228686
239.2218705063874
207.96406050469795
233.6969485660229
214.26509535835976
229.8471582031343
217.96336382845857
227.36451346796457
220.14392065090306
225.8149788303508
221.43589810027515
224.8631942302436
222.21066547079954
224.2799774402165
222.6754205922407
223.9260957948245
222.9546380815791
223.71119389284468
223.1228363030168
223.58081537888938
223.22555910915253
223.5015329760863
223.2860488025617
223.4552696806477
223.32349913683902
223.4253625745405
223.34659749295133
223.40793684481105
223.36032018968217
223.39743866852587
223.36855519350684
223.39037713305697
223.3736436413692
223.38663384590473
223.3761618393819
223.38451366803383
223.37776695050707
223.38234931493753
223.37999647376455
223.381325059936
223.37994193696977
223.38116733087736
223.3809453207432
223.38065186359017
223.3812721765753
223.38127420909223
223.38032353134258
223.38071161349944
223.38158906394165
223.379391370745
223.38258717499048
223.37941442177544
223.38158163923435
223.38042279556976
223.38114244537064
223.38130600680233
223.3810563699626
223.3810631676315
223.38114094176854
223.3816308258356
223.38114666774345
223.3806094871834
223.38095766711194
223.38134368538886
223.38024195822436
223.38160972557307
223.38034644896834
223.38198173194542
223.38046687893802
223.38096851819864
223.38120388139578
223.38080819373863
223.3803805925054
223.3806712216392
223.38092083287847
223.38152087400522
223.380040584565
223.38188180396537
223.3807602158995
223.3800520856821
223.38215287819185
223.38072758112685
223.3814687918275
223.3808901152479
223.3807844739058
223.38123984626873
223.38071212186696
223.3802941513677
223.3810040893477
223.37998982067802
223.38145092712148
223.3810713498242
223.38059119311583
223.38031560956733
223.38073418590648
223.380532606825
223.38109847917804
223.38133195514092
223.38033030872612
223.3817930512887
223.380435076273
223.3820740095034
223.37947865713795
223.3821340749564
223.37946067123994
223.38217465968046
223.38044536396046
223.38186317196232
223.38009895091818
223.38150463545753
223.38044961047126
223.38034931995935
223.38051671544235
223.38100609143294
223.3808313076297
223.3812908663822
223.38051725910918
223.3815523866142
223.3799756997687
223.38210868733586
223.37953629195545
223.3825321355689
223.37996248625132
223.38079304798157
223.38164309885178
223.37955546975718
223.38200833391602
223.38087486485165
223.38077891901048
223.38158970172663
223.37897529057227
223.38282225497096
223.37979894028103
223.38211507401138
223.37990525721398
223.3818717211543
223.3788826224918
223.38240271033283
223.3788287889838
223.3820886976464
223.38048175731092
223.38151823583758
223.38055571337463
223.38097082178137
223.38104067610402
223.3813686838912
223.38112768995052
223.37988930476422
223.3820512017337
223.37997358986468
223.38215647933976
223.38003767397458
223.38192619699112
223.3797223860165
223.38139299792965
223.38012122238433
223.38246725541103
223.37995096079976
223.38162908719096
223.38055185129633
223.38017641278566
223.38191430544975
223.37992933104397
223.38118439849495
223.38107221104292
223.38122908178048
223.38124914350192
223.3807199149087
223.3811648355986
223.3806332096865
223.3812411797553
223.38091148286185
223.3809169304077
223.3815035643638
223.3799657307536
223.38166954776534
223.38049844343914
223.38116134094162
223.37935146935342
223.38192206707754
223.38058303196885
223.38170111772342
223.38050980223488
223.38173570974323
223.38073719969543
223.38127649974922
223.38114794409194
223.381290219324
223.38027416023397
223.38151059278607
223.38053267011128
223.38200250216323
223.38079578975885
223.38104070036934
223.38134678279312
223.38089696180396
223.38181357754365
223.38069529382483
223.38128846378822
223.38092746048642
223.38094030208595
223.3807363981905
223.38134135802102
223.3796034930565
223.381028253978
223.38093153473164
223.38079872503295
223.38165287210722
223.37985090295842
223.3824391044618
223.3802042749885
223.3813309485413
223.38107921689516
223.38137732636824
223.3810949172912
223.3813210408989
223.38068899449718
223.38129433470021
223.38086946879048
223.38096356508322
223.3806215832301
223.38003959289927
223.3815350047371
223.3812325935578
223.3805335250363
223.3815884503565
223.38093129159824
223.3793309370376
223.38208341246354
223.37916804545966
223.382343646168
223.3799207826669
223.38170690574043
223.3806892977591
223.38160188788606
223.38103990447416
223.38068113710324
223.38111492725147
223.38011092036322
223.38176086259773
223.37863263000327
223.3832950785145
223.37817115790676
223.38371303110034
223.37911974558665
223.38288915081648
223.37958384976082
223.3818408914376
223.3805641785293
223.38056999226683
223.38139458029764
223.3808055268164
223.38143905543257
223.3811989955284
223.38001077619265
223.38124921797134
223.3802214901516
223.3819808109547
223.3805984298524
223.38135660464468
223.38070093886927
223.38131212323788
223.38027368782787
223.38130625028862
223.38100664684316
223.3812552967429
223.3807431586174
223.38135590055026
223.38050821356592
223.3818763163872
223.3807400441583
223.38146056965343
223.38064763018338
223.3811291634047
223.3803340333834
223.3816388042469
223.37985409164685
223.38159736333182
223.38100124467746
223.38102234665712
223.38147631172615
223.37999201836647
223.3819537358795
223.3786197690788
223.38292093410564
223.37921978891245
223.38282750018698
223.37978564633522
223.38150614291953
223.38043950674182
223.38138757868728
223.38175629380567
223.38096112315543
223.38016647398763
223.38198565038329
223.38029363073292
223.38178453112778
223.3804290489643
223.38085716268688
223.37990542629268
223.38164134648105
223.3805617314356
223.38124886791047
223.38001021373202
223.3818029837712
223.37961417283805
223.38031754900294
