288.0302269312587
235.78336912291365
249.20204582984002
245.16624091761105
246.1376624167258
245.88107415991635
245.94571977658234
245.9291366672992
245.93315210004312
245.93217542880893
245.93258084425634
245.93195218926667
245.9326962762434
245.93191572031992
245.93174899914447
245.93235149897282
245.93233634773605
245.93199204984467
245.9325824919215
245.93234601165113
245.93180301135908
245.93224340621964
245.9314195286588
245.93244445434902
245.93216097709956
245.93234712320555
245.93249936462598
245.9323508278976
245.93136615142612
245.93297417492613
245.93274416555323
245.9313451309681
245.93143507746936
245.93251266155858
245.93282028262547
245.93214101592457
245.93172870172384
245.9324322465618
245.93245210550594
245.93058503946486
245.933170373155
245.9322532160004
245.93230468632828
245.93215355812572
245.9325790378207
245.93123067519264
245.93215189147304
245.93155063427548
245.93259115583714
245.93221525255285
245.93245816597482
245.93141444781577
245.93230484544256
245.93239426437867
245.93190953007434
245.93215284950202
245.93242343889506
245.93221612202615
245.93268853875634
245.9319651476544
245.93207347235875
245.9327167698466
245.93198269237837
245.93258482927195
245.9323537998862
245.93252680005753
245.93185092448766
245.93248315633537
245.9319992575838
245.93177281317548
245.93270372108236
245.93139588877966
245.93257971258936
245.93211978910767
245.9329605323437
245.93169088777722
245.93267914697935
245.9323723428497
245.93176565118483
245.93268493044525
245.93214899095983
245.93176790395955
245.9327489546522
245.93182871818135
245.9319946523974
245.9324586476796
245.9324747997307
245.93244691755535
245.93240493282792
245.9323591016
245.93113169253775
245.93140961436438
245.93151709387894
245.93274037928495
245.93160327892838
245.9324832195707
245.93214485757198
245.93254332893412
245.93105362696224
245.93251192611206
245.93258467128908
245.93151730320824
245.9320743650096
245.93264398624888
245.93212204479642
245.93268465442816
245.93262893396604
245.93212180255796
245.9326755876682
245.93138259380794
245.93146373170748
245.93187196582585
245.93213342133822
245.93214844298927
245.9329395884488
245.93171455887205
245.93224656480743
245.93096369264094
245.93351703231747
245.93229712354514
245.93251923261414
245.93175140785024
245.93201214806322
245.93310690062935
245.9314502184643
245.93061575894535
245.93249145047594
245.9323183287779
245.93125973381393
245.9328708072353
245.93230344122276
245.93263687723083
245.93217244683183
245.93177149537223
245.932385421831
245.9323178024497
245.93208486531512
245.93272079613962
245.93213989808282
245.93221423169598
245.93224927088158
245.93283281249023
245.93274374994508
245.93210070710484
245.9322728475454
245.93210767856363
245.9319824950653
245.9324572238911
245.93271913439094
245.9317913210325
245.93245307249163
245.93232977788284
245.93207922084548
245.93217474429548
245.93215668181074
245.93148869439756
245.93304915937188
245.93180997201853
245.93264626547898
245.93238278638455
245.93264202636783
245.9305215335189
245.93238478924468
245.9312382621356
245.93299059874698
245.93085847878683
245.93214978737524
245.9325242681225
245.932396698714
245.93212791542464
245.93272664949473
245.93209152728377
245.93212551010947
245.93243847347912
245.93172648556356
245.93256146849308
245.93241899127315
245.93213960817957
245.93150932551362
245.93240947037702
245.9317411647935
245.9324934471806
245.93206313431438
245.93230670331104
245.93156938989705
245.93219693776336
245.9324467046681
245.932344823741
245.9321601144038
245.93095880279725
245.93289225593617
245.93222564783355
245.93153954333684
245.93315032216196
245.93148011864105
245.9316999054863
245.93213635552092
245.93237545870943
245.93260050407844
245.9313521275326
245.93148623683373
245.93282563899993
245.93177185392415
245.932620638574
245.93213391091558
245.93207796756178
245.93248737648537
245.93161703257647
245.93242635208298
245.93083891774586
245.93216995382681
245.93158423893328
245.93215211758798
245.9315695839614
245.93245946161915
245.9320857142593
245.9324344038323
245.932313782876
245.93203052380704
245.93207805823477
245.93236304461607
245.93232218448247
245.932390077709
245.93240087026788
245.93238487115013
245.93183287444117
245.93246484822885
245.93222538880946
245.93091521285533
245.93258708885696
245.93177288598963
245.93203801820346
245.9322214640706
245.93103664105
245.93186504859477
245.93304046688718
245.9319396646606
245.93220904131886
245.9323114886938
245.9316092752706
245.93240714281274
245.9316706165264
245.93180587604002
245.93186677175981
245.9323915705172
245.93260826033656
245.93192448967602
245.93263792825746
245.93240973739012
245.9316067708569
245.933043384779
245.931318115865
245.93299147915968
245.93242509948323
