287.98707471462194
131.9372616492933
263.63747050618747
205.67894176498817
243.12783670471254
223.43263109825398
234.4118442497379
228.46323046866837
231.70729150358693
229.94241376870377
230.9018481809976
230.38053500062688
230.66430262749782
230.50787139876502
230.59505096638622
230.54678932290153
230.57403978726143
230.55819785529002
230.56751859607994
230.5618892018665
230.5659182737918
230.56349613109523
230.5632338422638
230.5650864263971
230.56382231190582
230.5640216201573
230.5643020590178
230.5638540220607
230.56386224389462
230.56435100834642
230.5639162584248
230.56470070712385
230.56399848421643
230.56378739675165
230.5645628816219
230.56425202272112
230.5647106906581
230.56348708869518
230.56480785347048
230.56432354588287
230.56325625863974
230.56467314630027
230.56375919399943
230.56347661742075
230.56412529722184
230.56387897089735
230.56391916834946
230.56459748142515
230.56458319044214
230.5641704051559
230.5636033820483
230.5629190761756
230.56463157436883
230.56259779342508
230.5657075698291
230.56277979520019
230.56386596448647
230.56415927923808
230.56378346238125
230.56361330973596
230.56341708152468
230.56505043702418
230.5636332606664
230.5635786310886
230.56476479965932
230.56331321728794
230.56427874778092
230.56418108028083
230.56345585480085
230.5652522568671
230.56367458688692
230.56380217300466
230.56450769236108
230.56374597678223
230.5639992482902
230.56342427013806
230.56450753882018
230.5641451916017
230.56292241555275
230.56452847895707
230.5636038716002
230.5639524071812
230.5648372318028
230.56255183342728
230.5645591765242
230.5614595821462
230.56510768465887
230.5636706361911
230.56404585054042
230.56412457757688
230.56414162310466
230.5639452464893
230.56428762180076
230.56473041546997
230.56349366725408
230.56531915864252
230.5635839219285
230.56417731713736
230.5642385543615
230.56428610775765
230.5643722040768
230.5639014580811
230.5636713102358
230.56428882706678
230.5637025590695
230.56396733700967
230.56495205531246
230.56237032938952
230.56468870302342
230.56401877086319
230.5641332585219
230.56481076603814
230.56415879322594
230.56422750491765
230.56238806806505
230.56421519452851
230.5633747346219
230.56472876943735
230.5637452895462
230.5646933757962
230.56220396050776
230.56513705614634
230.56199337595172
230.56475188101467
230.5636288908936
230.56290376141988
230.5655333041359
230.56352442010393
230.56456627992156
230.56358873556746
230.56431757943938
230.56432043021778
230.5641842742334
230.5640821987472
230.564384217716
230.56401916795585
230.56392234195664
230.5646979316807
230.561879795634
230.5650829471997
230.5630245532302
230.56509478813678
230.5624073764484
230.5652998304795
230.563776828938
230.56471629447333
230.56397405084135
230.5641459250328
230.56350124292658
230.5644415298084
230.56346811952244
230.56467437524407
230.5637038447676
230.56443806366588
230.56423654966056
230.5641497108154
230.5640407787796
230.5641561335724
230.56378318806674
230.5644739074487
230.56426173687942
230.56334276851703
230.56415885714523
230.56376558728516
230.56435327231156
230.56350466438744
230.5648104037682
230.56435641415737
230.564581717721
230.56400183460937
230.5642400525685
230.56362151678331
230.56452764242567
230.56314327447035
230.56396023613343
230.56437721126713
230.56323039592098
230.56488188537332
230.56353380630026
230.56462700738484
230.56405221274326
230.56448853811162
230.56391506168438
230.5648169424021
230.5633561758077
230.56469803638902
230.56405607557826
230.56407187807054
230.56421805176797
230.56236808437825
230.5645498586091
230.56385334800143
230.56474548129336
230.5635965778347
230.5641471029303
230.56459448593523
230.56410846716608
230.56422907084925
230.5643195106968
230.56300182684208
230.56487455620663
230.56233090189926
230.56538449550862
230.56353048460733
230.56476030986232
230.56363312569738
230.56429920763185
230.56425436511927
230.56417439333745
230.56447549579025
230.56375424479484
230.56450316985138
230.5633238472219
230.5639817234478
230.564358576652
230.56432396323362
230.56236364808865
230.56509806281247
230.5635842658521
230.56362945318688
230.56449886276096
230.56347931412165
230.564707804122
230.56309679978585
230.56417727626103
230.56250029931834
230.564879849946
230.5635690550116
230.56499832007103
230.56366824269935
230.56446492590476
230.5637726814166
230.56384617392905
230.56434171185538
230.5643795865617
230.5629791796673
230.56419883652416
230.56350372142333
230.56394985802763
230.56387367284333
230.5645801431965
230.56347461394034
230.56372277686023
230.56396511456114
230.5644556485786
230.5634991457191
230.56465681675763
230.56415082106832
230.56424900967977
230.56344199336309
230.564378613155
230.56344076548703
230.56437309339526
230.56328487100836
230.56441610954062
230.56409888833878
230.56378138577566
230.56405000176164
230.56410884662182
230.56441337414435
230.56210158880276
230.5659890949173
230.56389174121432
230.56457724650681
230.5642599290586
230.5642960703699
230.56385949374817
230.56431450253876
230.56431895145215
230.56416263151914
230.56363840603444
230.56444639222173
230.56416653354245
230.56436496251263
230.56456728492049
230.56420903133403
230.56418023047445
230.56411238208239
230.56376047276717
230.5644435785507
230.56403858569684
230.56464672273432
230.56362598702253
230.56491628177173
230.56212415774644
230.56485063656874
230.563783349382
230.56457071330806
230.56371855373436
230.56407369603403
230.56373184161203
230.56470882875146
230.56415289087454
230.5637685660331
230.5643167317612
230.5642848709831
230.56365724728676
230.5647993254679
