287.9582472686393
60.587061947492145
269.26987705891133
88.37777039123557
265.82532479938436
100.28624516740933
263.84262970463465
108.6961010559503
262.35415670814973
115.36343898942505
261.13266322536947
120.9294425816247
260.08006878667584
125.76227563867451
259.1348619609298
130.11076033684913
258.2561132131623
134.1517607281594
257.41060897457373
138.02798603469546
256.5711788619883
141.85033541765097
255.71205718343026
145.72270595072587
254.80760654294954
149.7388358956914
253.82818203332135
153.99744514129998
252.7399937879145
158.59172482244503
251.5026271903298
163.60652564279735
250.06517051420997
169.11182215351255
248.37225238736573
175.10542566631375
246.3689749990299
181.48504664310894
244.02416339695628
187.99715890159132
241.36309797577815
194.26757910615743
238.4973993159747
199.9178052703155
235.61216557619082
204.7026124531094
232.90577034416856
208.56156026815188
230.5188978939641
211.57637261104537
228.51006430560665
213.89066182628812
226.87310937264556
215.64942361865542
225.5694928881494
216.97873145857739
224.54584785086263
217.98345509302453
223.74940644301023
218.74123981541925
223.13594017456126
219.31575331126442
222.66196292060704
219.74942184692554
222.29943873751472
220.07970375313016
222.02088048767837
220.3298872872292
221.8080840910443
220.51967168914052
221.64569033405496
220.66347064717047
221.5211920238653
220.77395439827524
221.42718755638998
220.85651993011925
221.35494029614347
220.9203781644137
221.3000319501698
220.96778238243496
221.2586942373273
221.00428566039045
221.2265072048831
221.03238921879165
221.20237735445698
221.0540920804051
221.18324096748256
221.07061456784868
221.16873948457942
221.08387934684652
221.15671531517364
221.09326747991508
221.14979106849933
221.10015627032044
221.14405029976115
221.10529678578678
221.13901931485088
221.10954273694733
221.13546220116768
221.1127247755794
221.13259316819676
221.11460054245254
221.1304203546606
221.1161090410169
221.13005972777682
221.11744015539807
221.12786739564035
221.11822193919943
221.12809267702687
221.11986194486235
221.12509212690202
221.12199738311028
221.12336829661217
221.1226521127537
221.12355323150405
221.12286724588193
221.12403232915676
221.12244233882666
221.12316577184538
221.1225725974873
221.12400892613368
221.12245181634353
221.12412660128757
221.12182859241875
221.1234020458287
221.1221194348036
221.12427703471621
221.12247921759263
221.1234556963973
221.12339552891353
221.12214747356484
221.12255403826566
221.1234547211061
221.12101712883305
221.12510884633957
221.12013951459085
221.12619869015907
221.11871237849118
221.12767963482474
221.11913946947607
221.1266783052779
221.12004330429045
221.12480696995044
221.12190433501382
221.1239743814367
221.1218423812461
221.12366942269
221.1229184466065
221.1228270413485
221.12258473186375
221.1237629745956
221.1230376275198
221.12347930678516
221.12290254730033
221.123036648969
221.12280452273262
221.1243531358341
221.12259526897105
221.12406730357907
221.12217997996777
221.124045884113
221.12223425621778
221.12366808680235
221.12141471172072
221.12349299358175
221.12205145948246
221.12474945335998
221.122281004893
221.12472168161912
221.12111288177402
221.1239293991457
221.1226644660419
221.12290404628584
221.12218057431164
221.12378504272783
221.12224616506865
221.12458230237826
221.12148340645217
221.12495123612462
221.12130709418852
221.12406933810416
221.12238394083397
221.12357179050014
221.12353426356276
221.12337490052596
221.12303161287855
221.12430842982576
221.12140946864383
221.1249035060755
221.12160462462634
221.12442353116785
221.1211864106299
221.1249344901662
221.12175598832255
221.12480907110876
221.12185259634134
221.12388941422978
221.1233542130576
221.12311865659285
221.12322482409218
221.12362475557893
221.1227954446731
221.1230878566421
221.1221199183492
221.12410487505986
221.12264407763723
221.12398266542732
221.12214951853093
221.12322534818668
221.12306959768466
221.12348817056045
221.12353498260927
221.12334277627815
221.12275286388467
221.12367145631288
221.12141267495463
221.12469157717715
221.121414294219
221.12499883458077
221.12155201433052
221.12403301952872
221.12280791057856
221.12415461664204
221.12237278284738
221.12377366058354
221.1228976174316
221.12330219667638
221.1233820336347
221.12264955049613
221.1239284229814
221.12302602095588
221.12264350242913
221.12346007567248
221.1225217231986
221.12364204520418
221.1230120901455
221.12346236598387
221.12312801402004
221.12266930143232
221.1237356942729
221.1225005009037
221.12380719732028
221.1220295791427
221.1244191213773
221.1221156103129
221.12430586048868
221.12178538480657
221.1244870688388
221.1216237355984
221.1245055966283
221.12283482361818
221.12327065257705
221.12351582756673
221.12337539394503
221.12276060281147
221.1226679286774
221.1234744858957
221.12315361588844
221.12233006424503
221.1242642346915
221.12211180121813
221.1244708054437
221.12235216950648
221.1238191099692
221.12193979705626
221.1245888818521
221.12198882688244
221.12345183554862
221.1217405199277
221.1244888404908
221.1226397814753
221.12455332433456
221.12237681903935
221.1239135658543
221.1224165334279
221.12474444229156
221.12184362312837
221.12337220899644
221.1226918503089
221.12427157528873
221.12258242921962
221.12457612402795
221.12262602905685
221.12420276473858
221.12245241367782
221.1237684331427
221.12274291300855
221.12330837079207
221.1229713876237
221.12383751118614
221.12131806561956
221.12480705374037
221.12150299198402
221.12502596528793
221.12049072193622
221.12551981602155
221.12144898781844
221.12413779093185
221.12122289527906
221.12492092388857
221.1206848637521
221.12547943915706
221.12099714002397
221.12523311012774
221.1205253543303
221.12592997963657
221.12133467389503
221.1250322440901
221.12089219536574
221.1253108325036
221.12051026901463
221.12556835186842
221.12126037279086
221.1244971458509
221.1213537131698
221.12509565459914
221.12128245850909
221.12453600061417
221.1224959990359
221.12405247287825
221.12269045374705
221.12376160324493
221.12235247163335
221.12369991345622
