288.1690134194804
215.27221849805295
249.3645185923226
234.91716465503941
240.71601601224893
238.29047738917848
239.27884888979997
238.87058305302753
239.0383343026624
238.96904540108608
238.997603860862
238.98561822377633
238.99075089555208
238.98861295863117
238.98950987317312
238.9890377041329
238.9893646689825
238.98921666044407
238.98943381851768
238.98874828052067
238.98932489953768
238.98932531002902
238.9889466325476
238.9893970685116
238.9892514449366
238.98916927051323
238.98919718310208
238.98854034035503
238.98964556852297
238.98918601288824
238.98936543563832
238.9888771691658
238.98956869601534
238.98863131334292
238.98945615889352
238.98915510626284
238.98839989373846
238.98989286332835
238.9886425963159
238.98972032441998
238.98902165086474
238.9889357461634
238.98964114856608
238.98921589306883
238.98862512885898
238.98951350909556
238.98912252722585
238.98930376757562
238.98906318880108
238.98937943283454
238.98927035266388
238.9887724871296
238.9894475855108
238.98915201676573
238.98946063508993
238.9888338091696
238.98945080900376
238.98878847270316
238.98954242601394
238.98906775545402
238.98944214570292
238.98929945523196
238.98902457359873
238.98935135033753
238.98941230266428
238.9892899599581
238.98897965208016
238.98934307162926
238.98926476740962
238.98927585556885
238.98917995639204
238.98916099691633
238.98935508321665
238.98932100800084
238.98925579635397
238.98935577003067
238.98914721382607
238.9893257607655
238.98890603686596
238.98922733367363
238.98923907678181
238.9893498720412
238.9892818188855
238.9889747791931
238.9887322842369
238.9894023136003
238.9892818120643
238.98900898547436
238.9892918389778
238.98894286538052
238.9897339207455
238.9888443048112
238.98941014012962
238.98947641025006
238.9893983929942
238.98918285936816
238.98891053074476
238.9894980677709
238.98918696447072
238.9893152316654
238.98921281782532
238.98936827100988
238.98909291392192
238.989259811613
238.98905533971265
238.989351513992
238.98936495285307
238.9892503371011
238.98908554284571
238.98940618122288
238.9888861207146
238.98956124413962
238.98913590201846
238.98950076654
238.98905812823796
238.9895658858586
238.989151342088
238.9893584924066
238.9891164915898
238.98872047560872
238.98880211569485
238.98939566806803
238.9892587088034
238.989014470455
238.9887212904796
238.98951828858844
238.98899679297756
238.98929812139977
238.98920145376178
238.98925777484692
238.9893711673576
238.98905149837083
238.98943765321746
238.988473372694
238.98829593518894
238.9897445460083
238.98865965197183
238.98894029582152
238.98966490186285
238.98890796439082
238.98949731735775
238.98913694032672
238.98947856037557
238.98935560261452
238.98895717374398
238.98937977263995
238.98903803590656
238.9891228684428
238.98956813418772
238.98918111788225
238.98841607697977
238.98971193513717
238.98916359416762
238.98927119489963
238.9892032559801
238.9885606439857
238.98948608930368
238.98905747395474
238.98909133155394
238.988898693402
238.9895921589632
238.9888475041589
238.98941822477354
238.9892924121159
238.98909307018766
238.9891719565494
238.98900278381188
238.9892692084686
238.9894206791505
238.98889282070013
238.98934495152935
238.9883824287972
238.98962438470335
238.98903135245928
238.98953170793538
238.98929118765955
238.98938800775068
238.98900499429146
238.98879898979067
238.98926775746077
238.98917635860562
238.9890951490961
238.98934678538353
238.9892139275471
238.9891937567445
238.98913496466412
238.98944329812366
238.9892002993729
238.98900693831092
238.9893566702376
238.98879689139721
238.9894121454854
238.98923201989965
238.98932637246617
238.98917075239297
238.98910442295892
238.9894217458641
238.9890817052801
238.98948020151875
238.98902506909508
238.98949806010933
238.98922515107552
238.98927600907336
238.9892975877592
238.98929957984365
238.98925274923386
238.98908114380902
238.98922450919054
238.98889356969448
238.98949952838302
238.98937860436854
238.98911138671974
238.9890130139538
238.98941769215162
238.98878030880587
238.98952587375243
238.98879498108
238.98940743686398
238.989024989889
238.98865957846283
238.9894822955248
238.98890923209547
238.9895772494201
238.98922611215676
238.989306950607
238.98918926503393
238.98884735725005
238.9893359534035
238.98943798836262
238.98889800642792
238.98904250963824
238.98968894811696
238.98877356805315
238.9896403978637
238.98912434752856
238.98911568758194
238.98909743569675
238.98937298676174
238.98860024525493
238.98973284231033
238.98882880168094
238.98957895081548
238.98915968532674
238.98932351378608
238.98940859713184
238.98917110303591
238.9885618486005
238.989755925184
238.98910299841373
238.98950078843336
238.98912807663146
238.98897974081046
238.98912167950766
238.98941533379548
238.98918545448396
238.98917419053032
238.98866560895112
238.98965204047272
238.98908044687414
238.98916688661848
238.98907886522647
238.9889559836447
238.98916353154345
238.98954332634457
238.98879847026546
238.9894103220431
238.9892315561592
238.989613665457
238.98898608158925
238.98960542723944
238.9877031199576
238.9902192580048
238.9885339995526
238.98939999268623
