287.94084044541637
266.57505712117404
267.61047153902905
267.5226483613251
267.5289849521737
267.52811300671374
267.5281256691751
267.52826731394
267.52738468671396
267.5283156003543
267.5278286485045
267.5284658210867
267.5295521163216
267.5282998769244
267.52840814713
267.5287993628717
267.5286244609997
267.527991392215
267.5290730951747
267.5277127389545
267.52869080124765
267.528719895261
267.5285136182665
267.5285684912524
267.52811500282587
267.5289024539379
267.52860562972637
267.52895577622076
267.5282319814978
267.52907799268723
267.5276597774973
267.5285303279561
267.5286874205158
267.5282101548146
267.52841924827226
267.5278824525012
267.5290816876404
267.528179271776
267.5275091684234
267.52943918967503
267.5291125008116
267.52767729817424
267.5286799562127
267.5287275659721
267.5283215674026
267.5287482456188
267.5285675568957
267.52824865839284
267.52837068747976
267.52905819184525
267.52946064456046
267.52879300923087
267.52720008072356
267.52856191176033
267.52822721370103
267.5281294989727
267.5290385576991
267.5288528005185
267.5287927172867
267.52848432023893
267.52864591752586
267.5286887749098
267.52847306320473
267.52892417356634
267.52878392605635
267.52817997540114
267.52817448658607
267.52842166471964
267.52911611244053
267.5291510701063
267.52805182993325
267.52902504694066
267.5286246147225
267.52814620471327
267.5282137873728
267.52909596926474
267.5288971952905
267.5274010350331
267.5287269494438
267.5291996002925
267.5285588034094
267.52794010704383
267.5285671371312
267.5287971037251
267.52792455876624
267.52922760880756
267.5285803346778
267.5283813471542
267.52900352553115
267.52855528084183
267.5288294306083
267.5283141575783
267.5291446957199
267.52699104390194
267.52865418757574
267.5286653746807
267.5290677601879
267.5283722053864
267.52819327518955
267.52784686079394
267.5281564202087
267.52885592664825
267.528503027228
267.5281584463737
267.5288232573512
267.52900886221323
267.5289604159989
267.52825653723994
267.5282935779105
267.5277777868978
267.52865584347455
267.5281405668429
267.52908448080416
267.5292717673947
267.52794215209724
267.52743999745144
267.5290195823982
267.5293070580883
267.5288136984964
267.52849221401993
267.5288784381628
267.52843508982187
267.5290682162449
267.5282131345448
267.52840092596307
267.52828171642614
267.5284601892927
267.52921184906154
267.52868920417677
267.5287171645905
267.5283900434879
267.5281560992735
267.5287989832286
267.528369002408
267.5278660850163
267.52808272113907
267.5285188152484
267.5283647699107
267.5289960346563
267.52879916528764
267.5283882511576
267.52835929342837
267.5289043574885
267.5281896170927
267.5287190848758
267.5285208757996
267.52870276678004
267.52844554725743
267.52881379083556
267.5284762412484
267.5284251670382
267.5286165918951
267.52800118614687
267.52847346299677
267.52752552695165
267.52871841455635
267.5288683948311
267.52899887386593
267.52844408294186
267.5285655169573
267.52842727654206
267.5287593266403
267.52901539237064
267.5283565255668
267.5286841578636
267.5294362613786
267.5286483549571
267.5287408652366
267.527585132033
267.52910024047014
267.52879983119783
267.5289104774711
267.52891063255083
267.5275458984106
267.5287362355157
267.5286875500169
267.52917115803575
267.5287391579477
267.52842953619256
267.52786653267685
267.52902914625884
267.5289394316642
267.52854149114864
267.52883148097317
267.5287010736938
267.52804436218867
