287.81061235604847
254.1176752346321
110.2995736986037
167.26479680651346
252.44118443542175
118.76695209798186
97.78962330162881
232.07706862843156
194.69681556880778
240.13165914198134
161.23695201777582
252.40214670733167
113.63385651249791
144.9028674298097
257.661100221153
104.04693276956095
176.37795031412134
250.26956099813196
124.85630850044708
260.266251726498
91.9106589073017
225.47036932943683
210.81054415455856
227.05736296091618
206.50684340190583
229.97289608444498
200.69432327113554
234.00353594551052
190.43940327643668
239.99038088806356
168.9445980613491
249.22879125995132
128.1580131657829
67.44638071471672
245.69757405360542
140.30074911266456
44.28186226116304
249.82139354209176
124.02960186496966
77.63807808373895
241.15126039607458
171.21205947515955
248.28099338346692
134.35831674609653
258.50583257854305
96.42141601328694
220.7494554044406
217.96183361706608
220.5550382760266
216.21395273596136
221.48965055291046
215.0442440490824
222.54581429911195
213.68898593681115
223.82080138855235
211.8962611296829
225.4529782919417
209.37460797110725
227.60792124048203
205.6236814104377
230.53734421650734
199.56583868011148
234.70138608367415
188.42034177204914
241.01431997551117
164.62820484147596
250.69041626087346
122.28782211297948
83.31810896625393
239.9531321377326
169.21721065115707
249.90796051949292
123.6434422989878
78.8808352633896
240.86374890924708
171.10330364000765
248.50827152842612
132.47548637052023
258.9395609288222
95.09525145181033
222.45517457669848
215.41648160228942
223.15948976963045
212.64309385250817
224.96075924516117
210.0041140653011
227.1434115630509
206.39739525701953
229.97968919209234
200.77485384662214
233.92752689245754
190.72887733710377
239.82880065646896
169.6627679674384
248.97019551145786
129.25153957572184
66.06019274548089
245.9548764305473
138.62369281947758
43.89681068432401
250.22979675522947
123.69314678082446
78.42469479567444
241.815192452661
162.4176333672076
251.8592146317642
117.10735781764743
111.24957764787905
164.0497649187564
272.9255298267526
65.58949748209852
239.30450755876154
175.86940425845023
246.11655941788194
144.5589368429719
256.1421317841996
103.71520286854138
204.8741649177573
234.070872944023
192.7801946999316
238.81936985766515
174.1749900645882
247.27714751315943
136.63370001659496
258.1268703372116
97.20915719294135
219.91985757065413
218.87380936740374
219.74204503991496
217.12073060259718
220.59881344511814
216.1471534407683
221.4521146702973
215.14363114300795
222.41762112719152
213.89019195024594
223.6190803259451
212.20373360112717
225.17340024792793
209.83111432374426
227.227182536255
206.32850531667646
230.00856499539805
200.75618816803762
233.9307346551068
190.7452256554825
239.81630501962354
169.73361136281164
248.94303993212088
129.3724485576604
65.98356011601572
245.9552151159587
138.5396057839971
43.844996640204045
250.2508968317925
123.72779901722242
78.3002825222502
241.93687774116552
161.36099149275105
252.22336446886038
115.62531174340984
122.77346563998435
263.13757738630375
85.25369784542272
230.84146426347434
199.13946527329244
235.43735689675668
185.45725162946474
242.5702061861448
157.2310243131069
253.01408088631433
113.43063171554968
138.42907498746354
260.32050084497314
92.09887993395387
225.80892372324888
209.870554778754
228.050198533223
204.34961759876023
231.63939485178707
196.5982520372636
236.59644499913702
181.91512208260974
244.1176683354861
150.5606679444245
254.83378167458432
107.27679544861894
190.20816145149
242.75504130795161
162.62777238851413
251.23734914462693
121.27422585765453
87.07198864570091
238.59427015403344
172.27760594656138
249.23244204479124
124.9221001417609
74.79790216746187
241.5642303521454
172.52538323559565
247.32472171997506
140.96273724434286
256.89214762020856
101.7045089016392
210.308516279154
229.85498777635075
202.51883160622674
232.93318973721034
193.58631089927803
238.29339312253433
175.82308605947037
246.65424790968973
139.22447288814874
257.572045828485
98.77778156496788
217.5983927096313
221.76074293588317
216.43902440074453
220.86346024405793
216.29373938496428
221.0783812382433
215.80927179883292
221.65738392794447
214.9875839434244
222.51838900022267
213.79899882023892
223.68530763984018
212.1267249683442
225.2346398319205
209.74211639411806
227.29879968707974
206.20208489411743
230.10280626687018
200.5486568795459
234.0656556215763
190.35090458847117
240.02310224314715
168.86910824837105
249.24946560484386
128.0998370314628
67.60269226577657
245.65919162458158
140.449683040104
44.17474173325172
249.8156773084338
124.01668769486423
77.7037526416243
241.08329083961144
171.73554761669948
248.0626533926261
135.45950031995017
258.2641251953464
97.13723750037025
219.75117771001533
219.32987898797728
219.0517744746321
218.06553608768445
219.50150467301137
217.5437103722943
219.94297767651733
217.06917391750903
220.41729537308856
216.51168069690175
220.99428283964517
215.7954293844232
221.73051622333878
214.84200331152533
222.68505922867917
213.54763531629578
223.93170533013472
211.75360123548307
225.57087773144303
209.19216898528975
227.75463123714144
205.35323072738538
230.73514128841634
199.11250757532252
234.98858322105662
187.5229819989181
241.46147033067246
162.67323549864523
251.32109480790677
119.84205246563943
93.7400209219777
233.64587308856426
195.03256978467107
238.72831128563848
172.0247536173265
248.38846732447564
130.52294943432207
61.361796414028504
247.11303437098104
134.95199857163243
51.061694754549535
249.13998936755524
127.66558255984273
66.52421250141924
245.84261010802584
142.78034745949844
257.0028688590828
100.1696558248077
215.52087059649057
223.90193272172473
213.93241438176483
223.2891813156748
213.17748095041316
224.11200879623357
211.6686976175406
225.57903418046772
209.26042626767594
227.6721336630144
205.54757648025407
230.58183960968745
199.48735126164684
234.74659585711197
188.2945040587947
241.0753963975003
164.37135269056307
250.7737565489515
121.96536149295571
84.54259417703724
239.3492713743035
172.07161068984715
248.91874793164607
127.55262008229329
66.5206248886825
245.6569694885111
144.7124917388719
256.46802632963227
101.98835377673095
211.39671103231376
228.1484966663702
207.2729531765508
229.10574165730213
203.36362960784754
232.03342865659215
196.28646431234665
236.6600869212416
182.15056560783705
243.959146329129
151.57032964398968
254.54634052816255
108.30140008268063
183.10145208369067
246.26634778850712
145.82410481032275
255.99658245623868
104.09552398041706
203.86652273734217
234.72930672980146
191.20919471711386
239.62396878666186
171.13848447884084
248.3992757879023
131.88335413418827
259.06791339075426
94.73257396592817
222.8162618203787
214.92118486306572
223.58915651250572
212.0452802078653
225.4843551166996
209.172188264929
227.82737959819497
205.13246069689922
