288.1071876138553
261.4129491949716
263.40541015563895
263.1452789964976
263.17207785533446
263.17011394184783
263.17018255329276
263.17040264365005
263.1692153612639
263.1694914631953
263.170241468687
263.1705848045067
263.17027463037994
263.17016767038604
263.17021157871204
263.17004871770314
263.17015043062383
263.17027289908765
263.1709450493363
263.16950641186486
263.16960799550543
263.17084193775554
263.1701680739661
263.1705234143501
263.1699694087929
263.17079486473995
263.1703992801358
263.17019467340833
263.1699649547645
263.170579926109
263.1700367185549
263.1708478960827
263.1708744588286
263.17031322729235
263.1701962153238
263.16882205101865
263.1706729663965
263.17089597342056
263.1694252989
263.1710130755273
263.17005566343505
263.1701778811621
263.1709059091809
263.1700369783539
263.169793137542
263.1698997816675
263.17062768783944
263.169722703351
263.17064037599266
263.1702132189348
263.1703703948406
263.17079907481457
263.17068956778894
263.17010012621904
263.1699889622505
263.17054368136814
263.16949377153287
263.1706442561044
263.17094573624854
263.17067078092805
263.16909518135435
263.17019847573465
263.17041312068613
263.16931919029594
263.1696081105147
263.1703952191565
263.1711403129666
263.1707562444717
263.1705953185228
263.1704559493155
263.17003660106275
263.170706520541
263.1694728898801
263.1704215538193
263.170452330829
263.1691891530136
263.1699429877917
263.16986528149573
263.1706573208867
263.16896487893246
263.1711623861411
263.17106456954934
263.1698350391962
263.1708339392935
263.1707009022066
263.16984017472714
263.17000560181623
263.1699463805926
263.1705392142321
263.16930922649044
263.1699125627929
263.17093801873125
263.1704706559249
263.16981999084965
263.1706655018497
263.17047894987627
263.171020944661
263.1702601420402
263.1705274274427
263.17010523162753
263.1708771492631
263.1701596400453
263.1703307073258
263.1706457827895
263.17059813283413
263.1689983798642
263.17070309652627
263.17009607829823
263.1705554368673
263.1691973420675
263.1705791355853
263.170425375225
263.17051480979717
263.1700280302757
263.1696550309134
263.1706063767706
263.17074218872585
263.1688612670623
263.1708615597672
263.1707588403515
263.169249176688
263.1704531445939
263.17080110076495
263.17050925262447
263.17028954859416
263.16972460409306
263.1702826781402
263.1706381333206
263.1703771054745
263.16883807412523
263.1706155526772
263.16890321392566
263.17073608799546
263.1696249540255
263.1705203094898
263.170551873729
263.1698883709905
263.17015367034764
263.17076549943886
263.16992779469
263.17096169835713
263.1706237280887
263.1704048047832
263.16948152969417
263.16918596436153
263.1706418917456
263.16935552725045
263.1697312759061
263.1707028799574
263.1710339516867
263.17003246631066
263.16956804387155
263.16981673185364
263.1706799130043
263.17008185783925
263.1708098076633
263.17015276048915
263.1698720200511
263.17052830022294
263.16940933330625
263.1701306795003
263.16982014258974
263.17042419819336
263.17027188517386
263.1704788230418
263.1705916447827
263.1704598453798
263.1697779450478
263.1709470582864
263.1703077731945
263.1698480053019
263.16969461196277
263.17038176023925
263.17030959275144
263.16968406768865
263.1692907553079
263.1707347278716
263.17027819220675
263.16964989501867
263.1702036160423
263.170779187014
263.17024609165674
263.17043290499714
263.17056915868307
263.17014624903095
263.1699297231098
263.17007178890344
263.1696069237951
263.1704913214635
263.1709521099983
263.16914423146227
263.17035152095195
263.17079230581294
263.17009324766695
263.16952238755766
263.1705915489438
263.170150670936
263.16919622810383
263.1705240346055
263.1702532413474
