287.86982027991746
62.37361409929963
244.2135767018475
184.1030763289882
246.78424866198998
177.4119350746771
249.0181416505136
170.5760234872114
251.27475173204357
162.32430630293402
253.76206548332448
152.36828386627303
256.4017875172399
141.54554026566984
258.88064295580443
131.69106969766744
71.72231160155116
246.09126077794372
179.04753555950083
248.83838595506404
170.0046559759612
251.5612679011174
160.62718484016023
254.27480644821208
150.04607528206088
256.97805183733726
139.1376183201537
259.38065102743803
129.80834020697694
75.89059226230165
244.95426574530575
183.23608944266743
247.25986229861883
175.7821881199652
249.6119592920113
168.30389179386293
252.00350350018925
159.37528337483855
254.58873683374986
148.9438622918824
257.2295681712749
138.1826343686571
259.5688394544013
129.14519234382897
77.70194982946668
244.3915818752139
185.0734805680495
246.54666715578242
178.20391993787416
248.74152310066165
171.5690992443615
250.95169366355367
163.5966196871359
253.3947976113941
153.87976863363292
256.023943586697
143.09216233121697
258.549892687035
132.96569374468527
69.86225768753502
246.45330411850227
177.3545138039808
249.47282430598716
167.45640187627578
252.3726471284972
157.2940405611771
255.18395222744948
146.2795509948628
257.8561557343637
135.61554316860202
260.03052683154965
127.8069956043073
82.09966714528491
242.9493926501964
188.88225787656847
245.09621564492772
182.5300877087575
247.12624080621026
177.18499858751966
249.01607560427146
171.01400202894
251.10080118573023
163.1972968105183
253.49892079312121
153.52314911898793
256.10973316144737
142.76418976643617
258.61936416991375
132.7021477805647
70.17906536205192
246.40587686588697
177.61857729437543
249.3722942517743
167.87765949641107
252.23928153604356
157.84821598279814
255.03562769401833
146.89473219332285
257.71574969910944
136.1736309976077
259.9450412385995
127.94581561640734
81.4457238205323
243.14822238275883
188.62316322190964
245.1525895216364
182.53622107722913
247.10604940489793
177.33787400029541
248.95367003402498
171.2845028206284
251.00916321089244
163.57764891504485
253.38713848177576
153.9902989432012
255.9913687399894
143.25211478256097
258.5127764071294
133.11510687692498
69.75156247845734
246.45652800345124
177.26280699065683
249.51238832021772
167.27149486387498
252.4320202953968
157.03903836303652
255.2521665309323
145.9949465548998
257.9199758326358
135.35959847082995
260.0512248851737
127.9287230217451
82.05942848431732
242.99560611172637
188.37561470061337
245.3637930098048
181.4923307631907
247.5518526427404
175.61008830614446
249.5883788564097
168.80859530661837
251.81554782800958
160.30463331572537
254.3222054548096
150.10818425981415
256.94956289586116
139.33314612394315
259.3382223892768
129.97922083182493
75.47183824262902
245.080749469671
182.78434806004225
247.43559715394804
175.1569429345982
249.83199544323725
167.45738775089558
252.2680667011009
158.29898049714393
254.88133533045038
147.73261703820754
257.5127396410462
137.04426534642698
259.78778678878734
128.40374957839958
79.91201221256779
243.6632258170357
187.285610667539
245.67092910870997
181.02271045634552
247.6852993551438
175.36982790932234
249.6543565319953
168.6522159826709
251.85839054171083
160.17036343030486
254.35718868830008
149.97640963835147
256.98026091275824
139.2133869336394
259.3623307165617
129.89189014877047
75.6955570493883
245.01388131554268
183.01178092851478
247.34851829976833
175.46298513734655
249.72501110428857
167.86747784295585
252.14026946039667
158.8177810812631
254.74021706159692
148.31464326686546
257.37735945857276
137.5870268673243
259.684694034564
128.74458697391674
78.8675876909765
244.01218045811402
186.25413062227744
246.08098693522334
179.7287571307461
248.1755368434824
173.63055666926084
250.2581525753485
166.32521725349216
252.58095921242057
157.2269105434243
255.15621801745874
146.6682462850804
257.75397508860624
136.101293733067
259.9580904418617
127.89753339640447
81.58565929494944
243.09581727360637
188.79401045809936
245.0793609838438
182.77130479751213
247.01206825778354
177.66547004992026
248.8335315376171
171.73338770660484
250.86032257504849
164.17115942080272
253.21292728881963
154.71151055535302
255.80753705798998
144.00870796118397
258.34828006302996
133.75951153741335
69.44765980608645
246.40173625508032
177.09553040357423
249.60523139836732
166.75147461067536
252.60205459450663
156.28484898255556
255.45377608420677
145.14532270358177
258.11230490673915
134.5961414114281
69.61438312480459
246.11233214674576
177.55457150285656
249.50186147241038
166.8745661231951
252.5833325169806
156.25304183796106
255.46826785775193
145.04919966348098
258.1356292372948
134.4946400351473
69.31355707644252
246.24722667581227
177.2387110155105
249.5934600091132
166.60549856210127
252.65922436051187
155.9782336127828
255.5377951530536
144.77558033762034
258.19511631745263
134.26266367225617
69.05803880620806
246.4003800733044
176.92330093687633
249.68001147938776
166.3907040246122
252.71628055792826
155.7908446247602
255.58375360757054
144.60320200398564
258.23250443873985
134.1217420388275
69.00413248219411
246.45662889386585
176.83038474484056
249.701179435855
166.36192487906374
252.72153104899917
155.790787969745
255.58250119243166
144.61454847177083
258.23026091748034
134.13314199750312
69.01927251215966
246.44844607626146
176.84695537453808
249.69718327460578
166.37060948497674
252.71950010843284
155.795655373091
255.58170340009383
144.61740058631403
258.22955524816643
134.1338751676667
69.02250606220332
246.44711531449866
176.85067797229567
249.6956408804108
166.37547329219524
252.71814687161532
155.80260428704787
255.57896207284648
144.62740329971712
258.22735686495434
134.14465425605886
69.02043235687597
246.44496838355553
176.85028928845713
249.69653432446648
166.37006187778024
252.71981342928484
155.79405805990973
255.58199416892603
144.6161745403515
258.2299731509411
134.1337444971723
69.01236018893542
246.4504030164244
176.84199306220398
249.6982440387801
166.3674464141659
252.72031147871166
155.79315522547404
255.5819729747309
144.61689327003842
258.2298577478068
134.13467402195965
69.02083800615219
246.44742216155282
176.84936013545666
249.69626746499853
166.37277164982515
252.71874732524157
155.7984641443618
255.58057023929723
144.622101013083
258.2286182806565
134.13975695421686
69.01979761153052
246.4463790403097
176.8499410134973
249.69616531477368
166.37322099604353
