288.34267962043646
247.39973182872916
254.27514751705644
252.6298493827892
252.95064420708718
252.87959488504748
252.89605338170213
252.8925747375156
252.89155716107098
252.89348946705195
252.89263245277834
252.89293603479018
252.89168975979283
252.89202317355193
252.89272630426967
252.89313374844005
252.89199453176207
252.8928922578507
252.89271529035886
252.89253789468785
252.89244236484046
252.8928377571192
252.89339481587194
252.89278440242197
252.8923208441829
252.89315273598731
252.89304992349025
252.89300941524016
252.89187470606885
252.89268139794876
252.89284681523895
252.89305123698068
252.89164555037314
252.89334241733923
252.89311924620597
252.89275727606764
252.89297811923643
252.89284421047705
252.8930127197782
252.89297981714117
252.89264146546702
252.89242245501737
252.89295759846937
252.89265212267128
252.8928690682369
252.89256623615802
252.89323944012358
252.8923949422715
252.8922030967733
252.89277038712316
252.89295953817418
252.8922721168783
252.8929281561941
252.89301383834754
252.89306658787973
252.8926661673504
252.8927860083313
252.89264691874632
252.89235732799716
252.89342903247598
252.8925624001604
252.89309680452425
252.89304463288136
252.8930898637227
252.8919465649742
252.89321243128506
252.8925957232932
252.8928371423317
252.89269640416387
252.89308470504693
252.8929437955485
252.8912864412705
252.892845344315
252.89307538574576
252.8933482069624
252.8919084208719
252.89354769692
252.89214839842316
252.89286530453683
252.89198918025068
252.89244955986214
252.89306650981598
252.8930737799019
252.89309650287032
252.89256767924235
252.89223330600362
252.8930356105775
252.89190721189516
252.89274872977694
252.89303531077894
252.89316981260345
252.8925013421176
252.89292754622147
252.8928011648968
252.8933361536474
252.8936978256097
252.89241791539098
252.89286730036838
252.89272521565726
252.89217799910693
252.8925026199795
252.89232625871955
252.89324188297905
252.89215640281327
252.8930144270562
252.89294468227308
252.89157162673655
252.89337106071616
252.89182477776194
252.89364775587455
252.89187290057453
252.89323476889695
252.89278151003236
252.89301253220765
252.89278174718493
252.8928809596473
252.89253689949692
252.8927060687929
252.8928677518561
252.89182836214604
252.89300367685064
252.8928798160632
252.89312862332008
252.8925809482971
252.8925377629639
252.89270254657458
252.89210034707503
252.89241184150887
252.89275155722862
252.89300621574512
252.89289260036458
252.89235414000723
252.89219308649626
252.89330462605722
252.89254148030886
252.89285933188512
252.8928996609684
252.89208757268352
252.89295593578572
252.89307722169178
252.8913252972343
252.8924031557981
252.89236773479934
252.89169161609607
252.89318263893801
252.89283832099318
252.89267270555138
252.893287263425
252.89258014023653
252.89326932121185
252.8926731217216
252.89283731618343
252.89235908119736
252.8929856631148
252.89317174277676
252.89229098442593
252.8927005463047
252.89310869159817
252.89346418903733
252.89232036472822
252.89301718611387
252.89228224285762
252.89200066884223
252.89326057767903
252.8927231212001
252.8931356609828
252.8924251658318
252.89280450856313
252.89253604706028
252.89237070956733
252.89337965882441
252.89282801952504
252.8929382807837
252.8931625543628
252.8918422411807
252.89315617937245
252.89293772299425
252.89252444139856
252.89265306336165
252.89271731986082
252.89291498746024
252.89338464038156
252.89244109053107
252.89366940013133
252.8915269626159
252.89216938329628
252.8934288812452
252.8925088565884
252.8930049054179
252.89255900682474
252.8932114425843
252.89302750997012
252.8932744673948
252.8929838984768
252.89327902317746
252.89297184745374
252.8930511137587
252.89257493977493
252.8927330456354
252.89195433397254
252.89295320876408
252.89268078097666
252.89292538541486
252.8929297077848
252.89207641810935
252.89345299178967
252.89208653147216
252.89292314546765
252.89313331404992
252.8922128912527
252.89294930717733
252.89182122699276
252.89305419930315
252.89316318221972
252.89280649724242
252.8927635646396
252.89237178572512
252.89318379784527
252.89304698193155
252.89253202055988
252.89274789649062
252.89311390502553
252.89196220421582
252.89299658899836
252.89226680784486
252.8928119870543
252.8929490497685
252.89260980652762
252.89149685803568
252.89345426183718
252.89288352023868
252.89285702299094
252.89306448303978
