288.0262029936748
232.4742096459097
248.45379955809904
243.31649397462093
244.66553949897593
244.27703000859628
244.382684689072
244.3544546605517
244.36115965181034
244.35977372852267
244.36003365113584
244.36076749014137
244.3595814909022
244.36051012377357
244.35950394933207
244.360164857806
244.36027195281986
244.36016286320864
244.35993034870444
244.36046907250602
244.35949330507992
244.3604331102124
244.3603761706163
244.36025125438573
244.36042744466613
244.36031731379444
244.3601152515439
244.3605143988807
244.36000128508385
244.35915769522944
244.36014814569535
244.36051924543062
244.35978679120672
244.3597173786129
244.3603894708085
244.3594156228355
244.36077047240178
244.35875834351646
244.36057115138647
244.360113404995
244.35983992038928
244.35901550153721
244.36041992601895
244.35998530610232
244.36055262439186
244.3594233884578
244.36085027356603
244.36050126573537
244.35948429175187
244.36047960666838
244.36001076485627
244.3599197692456
244.36078184982762
244.3603882483112
244.3607745493573
244.36030237741215
244.36018452061398
244.3603066987198
244.3604571099495
244.35990998433772
244.36058210139163
244.36005939091046
244.3596913070869
244.36027972724332
244.36011276895806
244.36022172710727
244.36031123189605
244.3595247601661
244.36086691948003
244.36016984310845
244.3586078674416
244.36038299236316
244.36049467649354
244.3598345563296
244.36037666572884
244.35958877016674
244.3600628451568
244.35991118211678
244.35999887516664
244.36036107511973
244.36061076980332
244.35978493941366
244.36006057612394
244.36053824554256
244.3598940791744
244.3602001634572
244.36023701023805
244.36019224348274
244.35950922837947
244.36062272864365
244.3602024051288
244.36004458328534
244.3597888132499
244.3605370610021
244.359776576086
244.36057167410036
244.36008934682468
244.36050683038775
244.35920623690618
244.3612840205751
244.35987111840222
244.36049422555516
244.36003173270728
244.35939663700992
244.3594903539488
244.35988921082753
244.36039465246722
244.35962065018248
244.36043789825635
244.35970751567947
244.36014847035403
244.36050183287443
244.36046687663475
244.35957431755378
244.36083253332617
244.36008199866774
244.35977539810847
244.3597402689411
244.3605345885153
244.36031167260808
244.3603961726476
244.3602204935596
244.3605005609934
244.35988340392942
244.360303248337
244.35989356704522
244.3597330531993
244.35996589747083
244.3605265153892
244.3603444801047
244.36028436497872
244.3582918924585
244.3607203182837
244.36019872682664
244.3604416550006
244.36061626481387
244.36030775412655
244.35981676267693
244.35942911610618
244.36053369521687
244.36004942390718
244.3593851198748
244.3601562438198
244.35982414479076
244.36026734823827
244.3604483602976
244.36038531889062
244.36006645705493
244.35965837944968
244.36038831804763
244.36011149021215
244.3600137045505
244.35972805842903
244.3589145174119
244.36106547449162
244.35953804635938
244.36029052970116
244.3604757164794
244.3600550148476
244.36001302013756
244.35939759456232
244.3603394822785
244.35991174973606
244.36009824768553
244.36048186171683
244.36006564563286
244.36000981387042
244.35986449238408
244.35976748318353
244.36007046500163
244.3603646124393
244.36004449546454
244.36081249119889
244.36036203925323
244.36013904928404
244.36022560585116
244.35999296560476
244.3596223705099
244.36049931435264
244.35918098110415
244.3607912654261
244.36008051891986
244.36026608241082
244.36036497715395
244.35979265776405
244.36019185300393
244.3590902283322
244.36047480082198
244.3600444112817
244.35992787368014
244.36060884071048
244.3603085536888
244.3598983345728
244.36010280532355
244.35978437878657
244.35962403881422
244.36012277309783
244.35986353135377
244.36001179403684
244.36054960994807
244.360230803155
244.3597643650719
244.36052157326776
244.36062750403653
244.35989226085076
244.36106022940658
244.36004094973032
244.36038258897315
244.36000220608548
244.36017316323705
244.36032895813696
244.35931118379813
244.36065915158542
244.3601946507115
244.3602294217999
244.36008133048017
244.36009376937
244.36083577977843
244.35971711335878
244.3605293710134
244.3597203054669
244.36023641178326
244.3599779466167
244.3595251908846
244.35980149533134
244.36049835688027
244.3605103833106
244.36056076703244
244.36027420884056
244.358674053321
244.36047577745921
244.35900027435855
244.36000257048
244.35999659424124
244.36064998454822
244.36029398110986
244.3602453795611
244.359991329271
244.36013931769412
244.36007211066317
244.3600850232615
244.3602157573623
244.36017170434934
244.36024490714772
244.36009208872565
244.36051156687608
244.35970018670196
244.3604609164031
244.36002096784068
244.3608898310049
244.35980470987852
244.35949727654224
244.35998938164266
244.35924124871963
244.36046708789945
244.3600319773832
244.3605145591282
244.36009022469807
