287.65841807912204
241.8117757416349
65.97726297411305
231.78208896386047
85.72732427731398
218.0311794970753
147.16894283822853
250.13998015775928
49.76251185231786
236.6093988760008
74.75333149526932
226.8804909322712
101.03421246802463
138.1456350877511
250.7492852229425
50.66469935693067
235.31652203212616
79.50920947798431
213.6602028858406
195.6842310560496
190.9306931694773
234.20249655427597
82.62211053973533
220.62934464055797
118.28037294116348
43.4135653248577
265.71420774223316
245.47887078221265
59.04418308231652
233.75824385981468
81.03154762492977
222.5769376700482
116.88334932569887
55.48985497580634
267.4206004870666
246.2325457021634
60.20620854519984
233.0808543695166
82.15781312836589
222.17835124340854
116.60340441527478
56.71518106874464
266.13678379698285
245.70801425436002
59.305341766119454
233.64023260224712
81.11683432708196
222.76955758072654
115.26727597620629
60.671803278784864
266.1994881955634
246.66702871609778
59.25539757026854
233.41409820936133
81.39911176821442
222.81265338784033
114.20812878806828
64.65658960487599
265.00522644928606
245.43785239182762
59.52312476431507
233.58009603492064
81.33348854828182
222.48491202577134
116.72013459803384
56.07211101289431
267.0330604304854
246.43375459994422
60.03297109328014
233.10220549639416
82.09541115755565
222.24632618762917
116.29482093055412
57.70345247461228
265.9708485090123
245.6623673671238
59.32829189014592
233.63694865747675
81.13896583063251
222.73207100982472
115.47478979796506
59.98247819144672
266.3371892490759
246.64640329999384
59.47759924173806
233.31089123297352
81.62420971780375
222.63839819208806
114.82683874215945
62.53030436953122
265.2945105935978
245.51348370767664
59.44207558692506
233.6058855288975
81.2552373823055
222.57585794226543
116.27980491469498
57.415063648109935
266.8090346825993
246.5105071100188
59.915994501276145
233.13429779426588
82.01933380535047
222.3134290044327
116.03132684976663
58.54993668699899
265.8478501192694
245.63577370315397
59.34339944280873
233.63323730345655
81.15567039103553
222.70668551107883
115.61106097537049
59.53634070372573
266.42344608413987
246.62675283309727
59.58776986787416
233.26219443426453
81.73187688088001
222.5526717080429
115.13749469734103
61.48439296678771
265.43824743233927
245.54750620134655
59.409703245506535
233.61581889756417
81.22384685460202
222.61388274005003
116.09011398790972
58.00618002132251
266.70571052502055
246.54424991897758
59.84778284179629
233.1583228284544
81.96512554169749
222.36019203565957
115.85219600100754
59.12980591087762
265.76511451539045
245.618555740788
59.35390676443785
233.631527187943
81.16573225355387
222.6908801454265
115.69577269005094
59.261167721379024
266.4765788647783
246.6127802971605
59.64805235517997
233.2367203583417
81.78872299585055
222.50681419132889
115.30547996680252
60.924755186184484
265.5152793973102
245.565200672645
59.394079742138274
233.62049188379024
81.2076081555133
222.63442855239555
115.98729274327343
58.32971453978098
266.6480580605639
246.5623274290847
59.80519679628924
233.17385693289543
81.92925695642771
222.3905400047879
115.73722826698213
59.504231248327415
265.71269890001713
245.60710684624792
59.36203766960534
233.62930715635594
81.1739615053375
222.6795804407011
115.7555065767956
59.068641003868834
266.5128934431996
246.60265699108277
59.68579683210555
233.2197697097654
81.8260418068021
222.47577129385172
115.42060544936976
60.543195590500545
265.56843425447005
245.57635014324478
59.385303310577
233.62284656227712
81.19859016282862
222.6462943952938
115.92683944951568
58.52106614715012
266.61318132789165
246.5731984309532
59.77660606896097
233.1847813417262
81.90515247968142
222.41049797328742
115.66287651244784
59.746907905777334
265.67889797897806
245.59997749334434
59.36705554712535
233.62797753589257
81.17945391590183
222.67204236838006
115.79425183337298
58.94408961652516
266.5360137557873
246.5957631074707
59.70847143438732
233.21142763266107
81.84479791267222
222.46093187780934
115.47471281264734
60.36477420493611
265.5928720931406
245.58222170900262
59.38019429420092
233.62461171500763
81.19298748185247
222.65321613649576
115.89183798401791
58.63225256300211
266.5936078919767
246.57824227646051
59.760946133312245
233.19078213896864
81.8919322333386
222.42169186464162
115.62133205373539
59.88295386079699
265.65985213905515
245.595844366464
59.370102102300734
233.62706847777008
81.18337302010332
222.66702236968558
115.81960880856059
58.86315893214487
266.5506331499637
246.59157510280784
59.72182833232364
233.20611702919268
81.85701530440565
222.450481376487
115.51396612987446
60.235617844213266
265.6108723417128
245.58605736511527
59.37734916822956
233.62506673389726
81.19127743457648
222.65590002819954
115.87650108511298
58.68144858472806
266.58398337781546
246.581861703904
59.75195361483202
233.1945533847247
81.88280724323704
222.4295912848902
115.59088267221523
59.982965246148524
265.64571774984506
245.59329404372693
59.371747614648484
233.62690890302474
81.18425487122295
222.66508886659722
115.83065332101978
58.82742201984365
266.5576455451301
246.58904634821374
59.728670249838615
233.2032513969316
81.86332430376206
222.44533122835855
115.53365805241629
60.170719770059804
265.62005948375736
245.5877461797936
59.37600335631578
233.62550013654982
81.18928884872003
222.65847624087473
115.86488050049229
58.718217769797775
266.5776377182774
246.583652212561
59.74625473191554
233.19646878125786
81.87835616327357
222.43322052773146
115.57853918886394
60.023229592858115
265.6403221334185
245.59161139630305
59.37335539236665
233.62619976443239
81.18622090056306
222.66267648281064
115.84247825507191
58.789858613570686
266.5638331123919
246.58778181309754
59.73395579031785
233.20138272819167
81.86779519055563
222.44191335886717
115.54511205997551
60.13324893845129
265.6248257712432
245.58832251226704
59.37583073943097
233.6256529502425
81.1888915929012
222.6592894516216
115.86009846541856
58.733794372397824
266.57432554950356
246.58395548835688
59.74399203574285
233.19744515357888
81.87620205519488
222.43501911114436
115.57142013918201
60.04675214034796
265.63713593913417
245.59172904127627
59.372826584789436
233.62662482594897
81.18608243588824
222.6625418446347
115.84432267240481
58.78390431229491
266.5646770644671
246.587569754789
59.73505062403274
233.20089625303808
81.86852289308445
222.44100811818498
115.54873034953198
60.12110598330037
265.6266571639426
245.58873032056727
59.37593489399296
233.62564928713255
81.1883195246919
222.6599925396149
115.85651777937892
58.745154390941025
266.5720695382188
246.58552521177626
59.74125554302009
233.1976334486535
81.87554220484162
222.43497572327033
115.57229151214415
60.04370387054223
265.6374904801196
245.59138522484864
59.37342796419398
233.6262925209885
81.1864265732438
222.66245528687432
115.84411786397686
58.78469731632504
266.56510902509035
246.58738196371996
59.73517861260916
233.20084058344946
81.868500541721
222.44145756203216
115.5468602947949
60.1275542183721
265.6254104317195
245.5888715267356
59.3751148506999
233.62585097216652
81.18816188588971
222.66000213305233
115.85638236602244
58.74544962529035
266.57227021458675
246.5854187803343
59.74143910873681
233.1983983200189
81.87415888383111
222.436841001836
115.5639593276428
60.0711913764826
265.63356160100375
245.59019492182415
59.37433253483323
233.6259836495592
81.18725437915418
222.66142733175366
115.84873413597234
58.77002628937771
266.5673448944726
246.5868974594341
59.73735119268531
233.19896349201736
81.87203685526038
222.43798149477516
115.56110158281808
60.08052274622605
265.63280303395004
245.59060790333024
59.37382584823354
233.62605467169487
81.18787222355604
222.66062063808204
115.85215712127683
58.75903210014803
266.56970920955064
