287.92689981460467
269.4449568048135
270.1060265697249
270.0716632042345
270.0723055796452
270.07205321642823
270.0716354787246
270.0724357072695
270.07244852909025
270.0721061957238
270.072256489093
270.07223290322054
270.07218117216416
270.0721890775094
270.07087839057203
270.0719803949105
270.07157504417773
270.0727911142785
270.07188323825176
270.07198748103656
270.072423618989
270.0723147707831
270.072581868395
270.07137448475805
270.0723095158992
270.07198878217787
270.072904857032
270.0717013673602
270.07294315059517
270.07195613220756
270.0723613420814
270.07223741285634
270.072125763174
270.0725901765909
270.07251844326674
270.07223082518976
270.0714457818576
270.0716580320659
270.07120795970695
270.0724732044255
270.0727182036353
270.0723278741316
270.07204447530967
270.07202710623824
270.07233058627753
270.0710402789555
270.07162922287534
270.0721076172158
270.071966365329
270.07117200205175
270.071771958701
270.0726747082517
270.0722375327314
270.07256092237367
270.0720423884377
270.0713505757449
270.07250902016676
270.0722597479544
270.07215568688844
270.0720468949803
270.0722357377672
270.07250954901247
270.0720754374852
270.0723761050249
270.07162802481616
270.0724425776134
270.0724876087479
270.0712557178049
270.0723837023688
270.0720752863417
270.071542501355
270.071472618205
270.071572863264
270.07186675380217
270.07216742803575
270.07286486426165
270.0716930507624
270.0722495704613
270.0720113960997
270.0726145663284
270.07260369867436
270.0727964467442
270.0717576863535
270.0723042472091
270.072701600453
270.07136278761755
270.0723795765225
270.072531284015
270.07200577905314
270.0726362201749
270.07247853006993
270.0722039707762
270.072345419263
270.0703002123264
270.0726935277271
270.07235199731804
270.0719181095337
270.0725612284805
270.0722496504386
270.0716002076442
270.0717287115767
270.07085213755636
270.0721273158051
270.0724834366192
270.071770895207
270.0718645696543
270.07200580452627
270.07205142200837
270.0722448722954
270.07229051397735
270.0725636642528
270.0718485350735
270.0725594942778
270.0722525544188
270.0723720861788
270.07135620186455
270.0721636110102
270.07234315593087
270.07247980441025
270.0713695481245
270.07233285655093
270.0722745045932
270.07195116358344
270.07229300253675
270.07112882783986
270.07211380137596
270.0718405710213
270.072102146878
270.0715129933087
270.07240200777596
270.07226435808116
270.07244793663267
270.0721241863357
270.07232579006813
270.0716009842872
270.07221117574954
270.072455998481
270.0725044503197
270.07289351498184
270.07179634741624
270.0711398778367
270.0712627579778
270.0724626538431
270.0725725628581
270.07245426802547
270.07217141803994
270.0721605944127
270.0718171247572
270.0722389776056
270.07265171589097
270.07206251348543
270.07114831935905
270.072127001491
270.0718318139552
270.0728937530075
270.0725508621981
270.07220635058184
270.07237304867886
270.07208360351797
270.07278036436765
270.0727411741682
270.0722990232316
270.07140287954826
270.07248522726877
270.07177283012425
270.0709854591696
270.07134483513073
270.0725140616996
270.07246071436384
270.0718990217283
270.0721025881503
270.0724646360468
270.07255948834063
270.0723276837234
270.0719954436063
270.072923789543
