287.35739261321714
142.43740367171324
190.28923957212055
256.06974511019837
213.9510746344895
167.4865441285301
99.35462259065184
178.5668027494646
222.54215897230142
257.9856028777708
214.9251237819799
155.92130358865097
192.81384857669445
216.1545060696144
165.7137314032252
136.191298962769
247.6540556631444
57.12510313992152
253.7913879477237
218.2401438855377
139.765125853869
225.26234073832256
105.11876220873546
111.94803656659224
253.24039948963764
47.04312144142568
255.19761735181783
217.46158761364586
142.37768499596586
223.33718102143212
110.36922213541857
81.5613745776318
260.03222733489383
35.85264159805956
240.87887261851392
67.18117102819997
231.06977480511523
87.41283090669822
216.16143778439618
150.5731585771773
250.90290066295165
231.44183184905887
230.0417526520505
95.51743324548261
146.89219029010565
253.10433963482865
217.77893420123291
146.01220562877097
216.15984948862388
150.25063684688394
217.50885027021468
126.54750035831967
22.81704961190917
267.8252186712507
164.2371511515703
230.9546448151832
239.6658606006131
224.03670009097732
120.68750287319745
235.5542801393949
78.8596778877436
224.35250638712023
108.7437452056256
88.3588222498729
259.7889748440721
37.541279641842266
240.07521655180608
68.99484272935297
230.19902195491886
89.37107568732245
212.74102835716621
153.26869326351516
260.18938956383863
39.071610074675846
73.78517721646494
234.2621985499136
80.24206064893224
226.11658071634156
101.36175734973585
139.46738833762356
236.1067731455223
256.7969346486825
214.0628357730784
164.40333256784288
122.9038569540644
239.43932134393253
71.08226893631218
230.4157189344187
89.386166722099
212.998177004818
152.74952564200066
259.63090499742975
38.231197875047656
239.92980722637367
70.79835386127161
215.00130073356559
259.0212676394076
211.87481155488058
176.1737942324762
71.04211903216492
236.14758915745915
80.1288271122794
216.503420804107
180.58526596058437
216.81268316353817
259.4057474652727
213.2216515067921
164.2785863480167
138.62345833584186
249.95500280041233
51.912234823765175
236.2127334360739
76.16173539282681
226.71808344057717
99.13951656850986
161.5885737117933
226.75601933017606
225.74018944367708
141.2154092012097
258.43685189151074
40.02667975340955
239.08837221037902
71.12811093223718
228.71328509505838
93.33959816766583
200.87725518459047
184.29889636435473
238.75356996740084
72.69494000427585
199.24656838446754
227.62337752866006
232.97457886698976
86.20484627840415
212.322223755531
173.9589245099196
89.00418739141605
259.9619023426203
38.80915261521295
239.27497226178093
70.60268447938142
227.8670621334968
97.59790539754613
166.17123203182564
239.8859468301962
74.82872333766136
250.6618146204637
52.708341413061135
39.77057999250974
72.65437149882928
243.53345414905925
225.77873319339415
108.62572819232446
78.77610900943546
234.97132025394967
80.58101773948147
225.88302375937928
102.40894071842195
133.4738028540014
240.39880766231363
236.95327781621017
227.77188567283883
101.14749043266056
113.58878711520083
65.42250943100953
244.53571203209867
60.66851227708685
235.09105682231893
79.8310298640281
221.31227200548892
127.71869997512113
235.51319963414426
78.84745413882047
225.1553234083185
104.33374158634251
118.53089174886554
250.8590640705006
52.32914239087404
252.62055591661192
46.66761715330358
237.36506557795656
73.9547932947753
227.834727307687
95.61383735008712
189.03747057324654
199.51341858445812
230.97377954614058
231.26949211775354
91.97175007278565
166.39476289606682
153.90095200295036
246.27867557007994
59.0383414057942
234.6689975069603
79.68574992587673
224.5449756220769
105.69995789268432
108.14665193901601
252.4693374933704
49.19189492534497
253.18703407442808
45.91728183229861
237.57698476126097
73.68324207429396
227.84846790310985
95.48343335132085
190.2183744255526
198.51368363855
231.55460338533157
231.12208708325488
91.91802252593334
179.57302446075482
64.69808080600342
256.0401825376466
46.201021309389034
45.108733899010986
246.19675121641922
223.04286099949968
117.63608214698615
54.10946568455256
245.12918858332705
224.21438111736643
113.32068699966476
63.952354741093586
242.0667203779085
69.16230357339373
213.11092683878087
259.9176425413607
211.1708066433639
178.02861749199656
66.11105971756479
237.80810690792714
76.18677745450987
218.6470250597995
170.94747213802475
220.02091426921106
259.1386509178192
212.3605083023358
172.1894658093006
83.79665186657803
224.92651459715125
117.20797389217478
54.34404958353116
245.8705958311839
63.6907373688955
203.33657947092433
223.36607079746318
235.16555597607658
80.63404555680609
221.03490312334907
124.8874399828419
21.544188402447617
262.7371362370832
211.36311816480156
173.13105985138827
85.49271969762776
249.65534989224398
51.76488451213663
236.37205393614568
75.96220605573035
226.80112314734288
98.6162470125928
165.9854793374252
224.29888608262263
244.5971970013925
223.64084991495474
115.16551150767191
59.05952065512247
243.64615253591182
225.27068538122694
110.00199364565196
74.79964581516833
238.36316621008154
228.99637989507755
97.40073239710182
148.4521472765191
217.23314100429707
176.01525803327968
234.94335435757966
83.09492369751388
214.29226672755613
185.49300294519344
226.74495480193582
116.89427117386367
234.80269125914492
86.75245941613684
246.91168349553482
56.205468059299164
234.84734717215179
78.98843187613238
224.8149437187094
104.62215078089503
115.58153469560784
249.686909486918
56.16222931489756
233.509652241788
123.80052609098493
226.21778631344205
184.24305741068383
188.70906633866252
256.10460639343364
46.31546336808242
40.61944551031047
247.03309013300168
222.69765776972054
118.36206187075004
52.21775121631799
245.5325689320016
223.99062062436133
113.992166794269
62.11701986286789
242.64228802391153
68.49371483968571
208.3024560551421
215.26696480126702
238.0066185911419
75.54379707438056
221.96823642357776
136.74066334340023
212.65933302827762
257.42664498889644
39.99873911541363
239.33773544240103
72.88577821674698
212.2069021557545
258.81827810827235
214.42541812213312
153.41290400923754
207.48254127125256
163.23367818302359
259.98988561889564
213.98770240116573
156.94012615333486
194.74586088558135
194.2144074156531
233.18945476651425
229.80243760882877
96.56031056234497
140.6986544693209
254.01007307542022
218.4414266350359
136.98974055112922
228.89463167078793
93.38458257372258
201.02280076917668
179.49108420702396
258.1852068661392
213.8801003571134
163.15306159912143
141.75792972742056
250.60165204366785
51.71987775505113
236.36169883549155
76.11333820942673
226.58522446452116
99.21151083799487
161.31317285283876
226.90855577103503
258.5126997898042
212.8484936891473
169.887384562011
93.31598360084172
174.9506618167652
122.88741361642315
267.21997066731274
205.28034911712166
197.59080498521507
220.47584596551314
121.0622805666062
33.76320161789772
252.95484620481147
47.77391892862215
246.56522861364647
61.796727203414775
250.77077696892957
49.056572914967546
236.95708491945697
75.10763573842996
226.64789450538228
99.08949516812572
162.8584800522658
227.72553253562364
257.5191351307294
214.96049473746098
153.63844983867602
204.81790863603237
175.75787200317427
241.99533007276477
225.49426574893005
108.85757783227018
77.65916392093641
235.9225364569429
78.5964418304211
227.08170644490747
98.59736488615454
166.90748180060473
219.2980493753421
205.19667442471837
243.1080530292238
64.59193360904464
230.918567511515
89.82329185404524
208.87055814011546
173.1095912529563
243.09010823357676
224.08854306511057
116.99605822650483
239.11979431992222
71.6377890008298
226.48104108759435
106.27515931888775
243.9760854463675
67.22094302563346
203.02120060673042
223.17027184511244
234.6356246926298
83.11903008907393
213.32876029465115
187.46434906539798
