288.33890867889244
245.07548721651222
253.16034295041777
251.08806693964334
251.5220553888753
251.42066748707066
251.44375766100575
251.4381212013277
251.43903355827388
251.43971782172275
251.43897475967788
251.43919562299288
251.43859006961156
251.43968213689095
251.4384761633637
251.43928340169896
251.43967836880347
251.43972239996583
251.43913693170998
251.43958945971917
251.4390599919152
251.43917458857686
251.439575558692
251.43939295394375
251.43939681481606
251.43866047234224
251.43974192857422
251.43947285465038
251.43927436562808
251.43929330185892
251.4379430027584
251.43971062430137
251.4392137527866
251.43906625313684
251.43967417148633
251.4400620947108
251.43896936906094
251.439528329709
251.43879192321583
251.43940294267304
251.43891720650936
251.43992837783298
251.4383265769684
251.43963696028732
251.43935453825907
251.43918517287239
251.43891169801645
251.43956051251735
251.43938274907123
251.43987374408607
251.43904636158913
251.43949362354033
251.43841404542036
251.4401291767972
251.4386893873343
251.43965832272443
251.43965242133345
251.43952068177532
251.43931369701022
251.43910404887356
251.4393291476954
251.4398185661994
251.4387842773358
251.43996275030077
251.43931951610284
251.43801726207312
251.4403031156944
251.43865455349442
251.4399305363986
251.43847452003683
251.43836271905093
251.43975129042155
251.43866739875375
251.43909065434127
251.43959269070547
251.4396086098277
251.43892534093175
251.4398360003579
251.4395650579172
251.43992270239687
251.4384639156051
251.44031189422094
251.4380677118461
251.4400955332094
251.43958001793362
251.4379020396227
251.44002177925722
251.43953293369123
251.4392225636184
251.43985265444644
251.43933710459532
251.43871143117576
251.43957027113356
251.4390169627295
251.4395490507959
251.43972852391744
251.4390778028246
251.43904605763237
251.44010222774523
251.4392757891037
251.43855120364606
251.43952304968843
251.43984743845067
251.438752661139
251.43984781998006
251.43900925330672
251.43902029612946
251.43951674437267
251.43939243039495
251.43886019315687
251.439050929519
251.43924256455648
251.43933519906568
251.43953032325226
251.43925799360295
251.43914540131664
251.43902870514285
251.43918555553682
251.43920236223494
251.43930346407433
251.43973641999037
251.43868832471344
251.43958247797855
251.4395903940822
251.43944729695795
251.43934068530507
251.43900959045277
251.43936937242688
251.43946999595937
251.43969251204544
251.43952323967824
251.4389281214826
251.43995456836274
251.4392209101643
251.43963371640712
251.4391435878788
251.439157586261
251.43973108048522
251.43913884391804
251.4386003202235
251.43967060976865
251.4394175567213
251.43814506395574
251.43918130819657
251.4394867063238
251.43916683195857
251.43983648669382
251.43887928796903
251.439451953971
251.43921357563522
251.43936815057532
251.43857194255543
251.43946260334633
251.43966191547224
251.4398636631231
251.43881547106866
251.43932517143548
251.4393746485439
251.4393635636079
251.4397189203446
251.4391528054548
251.43942892435007
251.439051815134
251.43877362814965
251.43903941290046
251.4391547653795
251.43976956789265
251.4396639035549
251.43968698800018
251.43883116188226
251.43960723771306
251.4389018034999
251.43988669129612
251.4389309875114
251.43966227411875
251.43873661928228
251.4388025500084
251.43954637326533
251.4392677116848
251.4396602693596
251.43951595324324
251.43921165986103
251.43947766631027
251.43944196688244
251.4395402486407
251.4381183082587
251.4401577840763
251.43893625683268
251.43900934315752
251.43956681778945
251.4379347240465
251.44019583737827
251.43788102651888
251.4393187223177
251.43858563620597
251.43845830700593
251.4394947191031
251.43892520420195
251.43906895264809
251.43956339742
251.43926718535658
251.43872217413445
251.43915838637622
251.43943470634986
251.4396362498228
251.43946811610658
251.43951621204906
251.4393487626803
251.4396405870939
251.43921294916072
251.44009466540592
251.43910463554494
251.43976199821918
251.43933729517448
251.43935567184235
251.4392290595424
251.43942691615666
251.43952198614716
251.43931465990318
251.43869169037498
251.44001361593837
251.4387544359197
251.43969302311598
251.43942830520973
251.43912652156723
251.43820702504308
251.44029346601747
251.43909625099332
251.4394401286263
251.43963480790262
251.43949594063452
251.43804823044047
251.4398820791539
251.43950693424267
251.43970411545888
251.43973962900054
251.43957381887594
251.43923229600477
