287.1761242575613
219.57271944911332
162.23068836833795
222.3557073039226
137.24934491745057
231.96813960868985
225.46307190983748
113.58741821440844
71.42615997926987
251.5961520536489
240.99701564643237
206.3152971166769
57.882940470670746
237.19326114401792
215.3272505254713
178.38300093565613
164.2787941512879
54.55156190539401
260.86263444017095
180.42066756262284
232.85693706638904
100.2768268631371
132.4853369749726
0.41726474620372755
254.20140735564746
54.69033939798828
93.54075876102979
246.53229468521386
204.89671302460374
209.0184714881625
199.70516554608002
83.67421409894541
243.23613535838194
67.12725486461113
232.16748868240938
96.19713779698213
191.96218838311142
206.6271330919717
69.83956068063526
259.39398098422316
43.04481305874651
238.8729422272554
79.68685599784476
224.58529729614202
122.271832133325
44.53200661875053
262.3574546560467
176.3499783977568
235.38857432913574
91.83994125802201
194.3619734274016
98.2879735575898
253.5826120670299
196.1840507717534
219.66607011746783
162.20437474898608
219.83026067434548
163.2841178251674
220.09612032387122
157.3111296389834
73.86501541742109
236.44790675924378
88.73263261710417
239.94607986380288
76.86806005681865
224.4402035572857
135.21904623458613
187.37233212478895
250.57522016892108
192.938413813652
96.07289651527026
241.60268535190335
75.8193407487197
44.18351770865047
248.0941750132879
200.09539104610303
73.71531606822828
49.659918992969324
196.24421912292382
109.18538181143958
245.57969114922525
85.39069156877304
256.7595452636051
47.20988978736568
236.3558532609568
88.24587689442706
242.23643645410266
74.43635767464002
45.243987406400265
247.53934407207635
201.72266256968942
215.01337466624318
172.46717413156875
39.98369365666076
245.47024915036673
204.6173482370832
211.03469004338695
187.49153400566865
138.7201463206984
249.91271269249046
59.53452478681356
234.28648915402664
91.24652938889994
209.2860512932093
196.35717103474235
263.1133497679475
172.2904258042945
168.81240826317662
256.51944111083503
179.71960812808538
169.50914142393958
211.33912805804357
202.51635055745646
213.92224578812966
190.08912634131775
227.91803173103472
115.17502855634302
65.2817008450802
241.30197526244956
75.62032508771154
228.76568644442887
106.35404494254544
111.7497489566158
254.23148892819518
52.71912395589243
249.78811277386194
59.046772366978985
89.28686957066384
227.40900905280432
115.79947372491006
64.10897489284616
263.96813863384523
38.35299798256165
179.9759401301635
8.959880678470654
263.6445840956185
171.15753598003357
171.05405883491767
255.77462852782992
183.92350325475127
131.35723688539292
253.64029732016934
192.5647810806404
224.84948854682443
127.51329246848763
221.33494271958625
133.27414645925455
14.108562322304351
264.9777497711184
163.45389119496394
208.451177499599
54.20211726608977
257.9609391109625
45.93203959557286
150.63549507677817
252.07460313633783
188.42897527394234
122.61861653693632
244.31172156972025
70.02601276770292
229.99802971159806
104.52833074251248
120.73797505504626
256.3507828816946
48.82740489385469
145.90231039775244
266.1417789015759
157.5503346290643
221.59807352090138
168.3688054778977
237.87623550982244
88.92510445405787
241.35739367994393
74.9099815825175
227.94283691785677
109.30912354571774
93.0317579536786
259.9641786857246
42.93419060344604
239.43238935338013
79.54677184283355
23.89658169780887
251.76645997643936
193.93425589038088
88.59164039701864
220.52315267269296
149.0394337577527
258.69629004294256
46.0961064768926
150.0040868234064
106.7371981072938
114.76493507371924
236.58123319423612
99.94044214184396
256.9759639839176
47.30874143164692
238.18726444068307
82.15478876074485
12.239915878482861
227.1276553936259
158.64268104342045
220.72298358755506
21.80103669410164
257.36534108332125
44.603159671853064
250.67306068477046
56.47847829758393
235.59310576366988
88.89357365859178
236.6474038006927
90.52161660807906
249.21819123121531
60.05488495124882
248.87346793577308
200.8225661609613
214.40908526177373
182.98229282274406
145.92513622232946
143.6190426319081
227.52878186002636
167.2176851324475
217.31575036566937
28.7724752973445
247.7995466607099
222.26776610551315
222.4422951184897
40.2240624504484
147.80032540953835
237.66194833494228
83.56001032322092
223.17365128867823
125.63685115639964
25.067487784603145
262.72567353437626
39.137549017243145
176.51966062552674
242.6671113008706
203.0554779061713
65.01014097115694
232.39382216128433
102.05538681223697
236.95062737975968
85.00985190338542
220.12983870006428
147.63199958694895
259.694957276537
175.29077400552342
182.86985976579308
178.2668997072542
225.10791357717244
8.237659496655397
252.82365510817908
50.850990932296554
234.2962798498993
95.46680148156884
251.36063692156313
198.80622798648983
216.13844657415757
180.04458472332044
150.29900341651228
251.43404481383186
193.89158680573746
89.32029467839311
219.2613705258991
150.92795907278924
259.25185950514424
176.80275306247495
171.9001397052125
22.847179222670093
258.30059191660257
183.22036611875228
128.39652978422237
17.620556841844518
264.3680029142779
38.973855281830765
186.1919245537283
150.59354897300364
247.18763400579337
65.06840642193129
231.48881585456547
101.73953613385675
128.6492955597787
226.39456855884055
123.45706116297515
42.83346917577728
257.2887290824583
187.28247855234076
228.30386247219576
116.52838717788109
229.96951233047002
103.98331585485721
130.8757396525325
250.66595237783622
60.06320632882125
247.78914696494758
61.7859452663979
233.5697791454586
92.42072984261904
207.07711142199696
182.90066406980623
240.29715215117903
207.0362700113037
56.08826913450321
237.50407034542877
83.69053911448282
9.283191563081346
235.38822780133341
98.979984268095
238.2866190628556
109.00756205354992
249.8626434023754
62.84977430157596
255.5502269626886
49.0151828234666
237.64416289216024
83.48215124699345
5.289812936782255
228.74706455113483
146.20248358238314
227.32114354576333
14.179547877181903
259.78227228543255
41.58625057739846
239.70422967105696
79.3552075837797
19.30418149547768
252.20439746632474
193.4624063194933
90.09106664615683
218.57895226338587
152.11622849879495
258.4949134459166
183.64669888437493
230.7985891786666
107.0672011817951
235.6887778895907
88.19257647778431
238.48501116107218
81.8260092681885
244.76400806680613
206.2899424041825
205.67765310313553
208.01427053962834
204.45279207575368
211.23937822405424
194.90656686648435
87.03874214839016
223.83895862959616
126.71312517604383
22.660464971937472
263.17870696558384
38.852809856281965
178.38994193461258
206.2151912653935
236.9021571681078
92.49638771647005
240.0362504368677
77.98797997442307
225.82961852317385
117.73441190464655
58.00900486255705
259.5425767694396
43.099659940126
239.37857344618533
81.71135394179146
5.4980136834929
253.0087072816532
191.57984486072382
96.52832591673359
199.32587892224547
206.04431876944727
255.31503465154674
181.82736013674003
158.59296407498186
224.53803335432895
145.15702808261267
233.7394166798913
97.78119362745201
150.0727607878216
252.910445573958
189.37380364444107
110.11413353684475
236.2600156943372
88.1581281308172
239.01340913087188
80.15994544464047
245.14307334809564
205.84254460151715
206.4511446683464
206.57285246401443
207.59115071849374
204.42573684816307
212.61412053303502
185.36494367556588
149.61138804665825
247.6549783905648
63.6403731234459
233.1605547664658
93.97026687671314
201.9535703221045
199.42149935390626
254.73885527966195
48.70750774801127
238.06628347771766
213.52748637707555
185.48813148512272
122.04497744468972
45.742411771730985
254.18227502089576
49.03921985284251
250.9847779848642
196.96215956599917
219.58385818875104
156.39291148411576
76.1194746037072
235.16155372811772
92.1553897911217
240.13412518519908
75.85086523438804
227.6318143883691
110.8766231371992
84.45161984361766
261.89965533172654
41.262873204410425
170.8151092928747
24.151610530592734
262.7476158619247
39.732528883745545
