287.99582005418574
184.42467638141397
254.3960812883654
224.02028859846973
238.6385568874016
231.79392854209937
234.93682657873978
233.47378595298323
234.1481736212545
233.8348707786522
233.9806088209857
233.91238620458216
233.94441662276859
233.92980732558226
233.93636070702905
233.93345061028413
233.9333888413248
233.9347893512304
233.93432226522418
233.93427958033226
233.93408084530984
233.93458950939203
233.93435460715136
233.9343040785534
233.93419003959025
233.93442596245404
233.93469955936416
233.9352575826233
233.9345444372757
233.93383070665004
233.934957703108
233.93451187271785
233.93479137797658
233.93449433267597
233.93471031494482
233.93397922177792
233.93473586307846
233.93426316891055
233.9340942442832
233.9346132794526
233.93403682682583
233.93430407144842
233.93481227847042
233.93379384034233
233.93467957321081
233.93438272927415
233.93380078581686
233.93458263843786
233.93443095088878
233.9342140593144
233.93495479576086
233.93452347974016
233.93410063827469
233.93432856403888
233.93392847471114
233.93495536468254
233.93417462280559
233.93452064584926
233.93412057771639
233.93448556651492
233.9348795030346
233.933309557553
233.93529633390062
233.9343990484631
233.934830009508
233.9339888960203
233.93399752973346
233.9347064513713
233.9349269978702
233.9343623397399
233.9344354590903
233.93384311848058
233.9350258184313
233.93368020505295
233.9346282323313
233.93473004924817
233.93357404088601
233.93528471831814
233.93380665778386
233.93472320832734
233.93362937876373
233.93484375699336
233.93384697593865
233.93472473994916
233.934341875236
233.93489439647237
233.93422686154736
233.9353252341898
233.93448900375734
233.93430624755274
233.9340398985878
233.93452378478833
233.93254253244595
233.93513814068865
233.93461532572474
233.9345195775968
233.9345631743272
233.9346833874297
233.93447324855515
233.9344175824299
233.93479148946062
233.93442392865109
233.93450885035418
233.9341949977097
233.93483715516777
233.93429532374284
233.93479122695135
233.93464166592457
233.93437186508527
233.9346828242269
233.93366438864177
233.93439107939048
233.93459766568412
233.93428218259942
233.93443105630286
233.934477570765
233.93493122293148
233.9343172012741
233.93463552388857
233.93466884307418
233.9337203804098
233.9344695896434
233.9343272009064
233.93453387553745
233.93351928758784
233.9352797821557
233.9339636020086
233.93483714761533
233.9347199801632
233.93452391049505
233.93381448142463
233.9349517825758
233.93461091484642
233.93486003442376
233.9337609034992
233.93444265099242
233.93433322553028
233.93415897297382
233.9340895976202
233.9345252474959
233.93458765985997
233.9348145468466
233.93425793349888
233.93497636756365
233.93385521332675
233.93450544231746
233.9340065121869
233.9348679508912
233.93405599063408
233.93452573027753
233.93422868633934
233.9349793452202
233.9342444829017
233.9344285962361
233.934402616047
233.93461536876566
233.93409321423678
233.93456355878152
233.93442282412434
233.9345366227426
233.93488855701435
233.9350921333462
233.93371845333604
233.93490847544308
233.93417555333872
233.93290868558688
233.9354982032528
233.933580474848
233.93491471468587
233.93450840786682
233.93463880990748
233.9342651132538
233.93462037679274
233.93478563884128
233.9341224406453
233.93413076047
233.93457630541525
233.93385995947756
233.9345388997899
233.93461198244768
233.93449657829478
233.93438868650992
233.9347717048513
233.9340722555644
233.93427926048753
233.93447639454826
233.93480273839668
233.93430222254392
233.93421024107374
233.93466295629332
233.9342761583539
233.93476309231482
233.9344238104968
233.93413829054043
233.9341178462928
233.9346717058943
233.9346031511668
233.9350271801086
233.9341779962706
233.93400585927884
233.93477320676902
233.93300654663472
233.93499543325743
233.93437044636812
233.93450005007617
233.93428617985046
233.93504227354424
233.934938176797
233.93434186794912
233.9348842760519
233.9346222239983
233.9342405576317
233.9349304234347
233.9337942853599
233.93469309473585
233.9349611405778
233.93383538463968
233.93424271492404
233.93466401932528
233.93418656397262
233.93421114575176
233.93387786435778
233.93484327857732
233.93461577202834
233.9340804881067
233.93441849967348
233.93434607118252
233.93446747960115
233.93450517082238
233.9347331693425
233.93419564314536
233.93466511799488
233.93454503863177
233.93399487089482
233.93499728120514
233.93412340564828
233.9340668613877
233.93369655526476
233.93449354522454
233.9346617563133
233.93371136952192
233.93484318975243
233.93424578002305
233.9343764968071
233.93481590406736
233.93476027647557
233.93476989408373
233.9342593751353
233.93493951852724
233.93323255771247
233.9351942579815
233.93460693812813
233.934635293248
233.93485179824347
233.93432669498725
233.93494176505192
233.93441290371993
233.9339526273543
233.9340889032028
233.9345751824585
233.93467711427365
233.93420082848752
233.93471928866347
233.93399521049287
233.9349367688119
233.9340197750862
233.93481966234685
233.93371947287233
233.9346973782085
233.93441183304822
233.93443839873362
233.93448951333994
233.93442532874178
233.9345277263783
233.93428715932532
233.93400146861677
233.9350103262259
233.93404089522664
233.93450656881032
233.93460933843744
233.9347418248799
233.93495918469853
233.93448564781283
233.9343439015356
233.9346838973288
233.93382823640422
233.93503289291402
233.93442274858535
