287.1874926388946
100.66937005694234
196.91052284799053
211.08503424570722
255.27540765772983
61.09847954305246
84.5916486168785
248.97285863209117
71.71178023173843
231.70650920364324
115.66813424902375
75.7005317427247
256.51139683544716
58.38107805904701
226.37479165987406
182.02959041030363
210.8159610595594
73.06403328104625
260.7840212845131
50.8169392555792
238.5990094287281
95.38822852583235
204.60636971298482
212.72496620271977
55.35753778138405
250.5958644704151
68.06485155969494
232.40517334143442
115.69858418907643
73.03748719835221
252.07723680931576
65.73530462545023
81.63488090101873
13.864876639844624
245.48378803162177
78.22017209209025
222.9629022045292
186.53688469827648
225.34453800099618
14.404068517582346
245.57138074440627
77.93136549889823
228.04514842717617
130.0327059454521
21.533157049325382
259.60784928008616
55.34806949224003
109.52581041978192
240.28932012314726
93.42979331445895
208.53475093201996
213.8483083546198
207.15449149841334
209.6797850178864
60.43543501454951
238.09227969039603
95.84968255162858
206.35525446987776
202.2104749012069
256.83808877279444
199.62411043721295
86.6924809426564
255.6985538939498
201.1510447983419
80.93288354732795
39.715006517155416
222.9448924936787
200.5395231253442
187.61771151986613
253.51183466656767
202.43110829074794
77.392138379264
46.9753404554649
211.17039071571708
245.96406511439272
211.04997498502416
208.78090250527748
206.16932153755988
68.40748266363516
235.07867855631412
106.55076980080412
128.66505302619407
225.17163076780707
28.86022818724814
255.16639661008958
63.75138570447234
71.35601663138732
235.97511695582216
122.66809563061543
253.52513852554694
64.05411596504928
233.6485469775289
113.5083082880883
80.28496007127251
236.49203233965818
102.91975889029345
169.8615373283901
238.06636374212394
245.8932172800778
78.14039663072981
40.96362739977485
249.00525525003104
71.59850371562425
56.77957640732711
245.53350770980978
78.70348192205711
42.86138211922662
249.13738598383497
210.02361512776042
208.28401290504553
210.75726388505063
208.991719900092
209.563577050616
211.87041453557322
201.91443487369907
79.81833078200725
229.29136507220392
133.55736384523334
218.65975563924803
166.16951068145136
247.60674162942087
210.17286370127113
209.5993586214754
205.86687820263614
68.93467117801629
235.56712907254405
103.31562814280551
162.79324541577807
241.45529960132626
223.16556788068556
162.8611198503204
223.86613591508285
163.61012846889935
225.61790301613655
143.437724267038
252.2609827688284
205.93226618325934
215.32446325753335
192.79565598271074
119.37691640599587
228.22941547192022
161.21492230573858
243.92446233922237
85.72996840115957
208.49748259378975
66.18440353700862
251.45216721614997
217.27978354397783
180.95195598423743
184.34948196695768
181.11740393390937
237.73048316454515
104.39757671309053
124.3414007818501
34.113758437095385
262.31547459557623
47.281254586734576
252.43684868673154
65.41481614890654
72.77609645357006
239.05771996577096
95.91530317863362
202.64363163076632
220.25546789126383
194.55857243031642
223.66252627615177
180.56390366908454
234.33189716161723
121.8005889549313
213.07742617309123
216.19121553773584
178.94684291255544
203.5519247926859
214.3168964171855
51.36091481339827
239.97876068914775
91.07565806007187
216.1107415560764
177.76112425900646
21.29837147409853
262.57070578826824
47.48431041002186
239.7319708847208
91.18528667417559
216.00099068006966
176.44225754451327
217.43809187185252
160.62993222538353
258.02039941027033
55.8718449674343
112.43321660662332
238.5870134629513
99.04610196511203
182.1214316922633
169.6687382319942
248.37260107121983
209.4405035626478
211.18465379066038
201.92661703892372
80.3685707166369
226.39749386280891
163.9503483367589
206.94324332701217
244.67915391864517
76.92843522579642
229.6753070340128
120.14579457029322
60.36510522476601
257.13957426496927
57.84432135224051
248.77249474223936
72.3007418306297
227.1592253531271
159.1157296519741
198.08101582661038
235.1119946405306
104.08802917315188
252.34158876024594
205.47009368104773
215.7135484157261
191.9247037998357
123.72932187852712
223.64593068652903
187.58765721854434
226.78162247685395
10.610110348541639
213.572456458729
242.19158030325343
213.51838307138678
204.41781002754578
212.84984435988008
54.659166829660535
122.7891818136195
50.72860016519553
260.96325395579333
49.6222343920017
252.05496197964385
66.11339940587641
70.6009652196517
240.08962981720833
92.48283710618853
213.05680009969365
196.61908359364315
229.29317841954617
125.36516695730825
46.511434212683525
246.71522839749377
75.62919333334867
229.90338780805178
122.55706375071895
52.71638158985297
245.17832091463788
99.80244041635888
254.42514689092786
64.55409656527627
247.1336792867296
76.82171699702303
206.78495061747526
77.42197782838775
258.72612287414086
54.794112664225395
226.56995628694858
183.0909719215706
211.06619393776782
70.80846181743982
260.41619418759365
51.4742628212407
237.90059291978105
99.02748801190319
173.7193107031344
218.26491779675416
187.43891647518467
170.0218760139469
240.02508016322827
104.31523386571644
221.8465845767205
239.36447484758537
217.25591776404326
191.54936951230775
110.84832444046333
107.50022588764841
256.98874561689445
59.4495712552889
249.7063762032194
69.94784526902367
232.0388683873607
114.99682625684363
77.82781387677824
257.2611964368698
56.547411933672265
236.60965986235533
102.00436931212607
159.82433120399946
214.50713147953502
255.15063838785863
198.61802404747868
88.3715494434582
222.59919535726658
161.4228220076766
79.7182947370602
244.8092119019566
262.8738721560658
51.084156098004314
131.7485216271889
245.31442090618657
81.15780691060354
225.18622779379075
151.5429394183011
128.14399718531058
224.4555024894944
24.843825442847447
262.3050410885626
50.171153028757544
144.6598726536031
164.24429551935464
251.19530875924102
204.7277253339562
71.41003761047614
233.8508395166573
109.53058803976455
108.79637996286328
232.1955991465802
13.8159552628058
263.45439937134506
189.89479528507218
117.59433654216991
69.81552926902077
264.0762481431302
45.67278813976736
240.24406229695887
90.49390647087421
216.71611818113888
176.4509191478428
23.96966604712361
262.4166352855682
47.71201714625931
239.6645841110585
91.42246300523402
215.56486114652944
177.88373747341393
21.631116396049038
262.0799134642293
47.95621682610363
239.50872143953166
92.10270582215162
213.9649131441256
185.3363115102402
9.910633964798762
256.481526940217
56.24053046743211
236.95936440226797
99.3222179976583
187.39524308565888
230.6310124485317
224.9068744394317
165.71824214945082
202.349773427748
256.21108717688185
57.384136085325736
106.72315010761668
133.52902102952066
14.811682950923569
265.63263103025383
42.16807453041838
241.2442281331896
87.50442143148393
220.88077807803347
159.55237376892183
249.29168930796732
208.68690312476247
211.7315535217349
201.63283436647907
80.54624761870946
228.81446333993517
135.73989678795624
215.2822137884359
177.15891381668916
216.9191826264141
162.89891149001778
246.6732921826333
73.21320331958123
223.16916107472207
12.25186302541988
256.7839808849385
199.6375759942166
86.12204725141055
238.0438281694951
245.84138230288227
211.30225296935532
206.92389016576635
211.3053347064415
209.76504136978474
204.78829003343708
72.20233805468888
232.74529991930467
118.92221598571632
231.4329035707924
116.44002828495286
73.81138971539622
252.92605772265233
217.5697833574086
168.7093179985095
53.862345339686726
259.6911819342786
52.081457593201776
238.4185396488756
94.8909904948523
207.79565576088498
201.81827614565555
246.4268106991367
75.44813644817623
48.17160750106268
247.57897721862537
74.79823275307717
48.96996299996681
247.48961412505014
74.85767545443377
49.12624876489281
247.49038470032974
75.01145533879753
48.43869550943782
247.58614262887568
74.59958421101328
49.86187133938074
247.34615549020236
75.38941707223421
47.4869994615874
247.78596889879555
74.16891099046916
50.8184211008338
