287.70931505308494
247.54124723230905
77.80367318010553
229.39229676312345
136.0112136220191
255.56937318587575
63.15929872662787
235.79180965653063
107.49821292223669
128.2388047255322
256.5949424107339
61.79658881562227
234.99545398427836
119.71077618397885
258.0104543347652
59.22912605590591
236.91617878885017
104.34815087747666
154.23167180027667
249.67582688285347
77.5916563703995
212.66871488673132
221.23263683355435
157.6570442255952
269.1713910950566
42.40440305072934
241.36938536522666
92.5195693754331
212.5560709702304
208.95840484925338
216.8924987719538
193.7535704065349
231.2810025727822
128.25455124730433
46.49875362640341
247.99425618188616
76.39242564120286
230.4834015786564
130.08055490721745
41.237041577185664
248.99462228495395
74.50747388073069
231.15914414907093
128.25452057135044
46.216465735666134
248.07391107374133
76.26598321944402
230.514376375937
130.13947814129824
41.464200461212386
248.95390438635513
74.55544773338261
231.18989930314274
127.83686672943804
46.25624371372942
248.0818167241232
76.3221991054761
230.39418146369644
131.19142752457446
41.07666077907379
248.9621014842087
74.43952751881989
231.39494738462054
126.08571022706383
48.27672053289825
247.4818519991113
78.03276997873945
228.95229570183437
141.0291527286263
254.23299105181286
65.29553323752043
235.12230490669208
109.83376447487535
110.31626153794059
260.63749408449075
54.30103303712167
238.20634054137918
103.2069425820664
144.00942507706714
256.3776247281603
63.62186450446097
235.69841296784216
107.05285801987338
134.98720728778062
253.99359531332084
68.36877297632964
221.053908208145
206.60452216482008
181.89990588899673
242.11851577826383
88.3780239939515
216.42554057753296
206.9028376072456
212.5863870491885
212.85830714843542
199.72644338324972
227.74772274297356
139.20390292477532
5.600197764149925
252.68450646831116
67.52705075547055
234.1542726767475
115.22732135863043
78.28482092719787
231.9656601240058
160.87995546927777
242.61045850321534
103.51000503480464
259.6661413972106
55.837664983529976
237.7882667726917
103.19324273451275
155.34699690782872
251.5019518207373
70.5269375891985
232.84699756358532
122.7572299177773
59.10016790598456
245.42201535767526
81.86153313706745
227.574485841531
143.1936189089356
254.16032123238983
65.3954909563945
235.11722172144437
109.64703001924863
112.097194478858
260.10951382549683
55.17925691633718
237.84033603891658
105.07654407488008
124.33088304509147
49.89436859135094
269.7245434147553
43.432761690401094
241.03445460307557
92.67216941467268
213.81577136630222
203.15933407552075
225.16940667540985
152.9892832733276
251.42148722066122
69.94759239470295
233.54254249283258
115.05241500404372
81.79313513264788
265.4627275947423
48.31800665778428
239.89842955776112
96.0116571805047
205.08816940944234
219.2618866568664
200.09818477453518
221.77249738705723
189.08332081779372
231.54555770845036
139.8169281902883
253.30706612018548
66.48602437373484
234.4408051725186
114.53839136576426
80.55489644992485
233.66935519850813
139.42829027472908
252.74807839431014
68.2155366037914
233.02357077252236
124.68317510699126
257.4462551207471
60.48521025417722
236.53996199365793
105.12626570858993
148.87636681783624
250.93090587716142
74.9809662605985
212.58237877594365
222.0020379220514
136.17240477334417
20.40496432573127
268.7592959200265
42.373717611255415
241.38168858772406
92.99850856285047
210.10144593882433
215.11987228041835
204.3181108867575
219.98470267596713
188.07149528342416
234.05853810283588
120.2823718228974
69.79938340494846
242.04622906048462
89.50664041737036
221.98000738934206
166.9453218512208
247.77429107564967
76.31105483372812
231.00177276901377
124.46026301621168
50.85785682959977
224.14306736079016
211.3745174044161
169.35455564878066
269.4530937406598
56.90050871643325
235.59970092102594
105.9233341190702
149.39832002470212
248.56365893721522
85.7474337311287
262.5519559130771
52.09953167405183
238.85965728957672
99.02676028374117
192.0268676569831
232.0396563552422
145.16586452702177
251.34453397110337
70.69353968805808
232.17576668065885
127.22147604425118
257.0785087136028
61.12910685095994
236.35111053565925
105.6303395441646
144.69964107955457
252.09294957735256
72.14517806772346
221.64071372699982
203.19420116283436
194.3942278402683
236.86839648133173
98.0323618523471
205.90939966113365
204.36431841157173
229.7931982202208
118.45870066880889
72.45813932069723
263.1922889974376
50.27842710581899
238.1173651942372
109.79018982328125
259.44233308306866
56.9227909209003
237.55731980271958
102.54320589264535
169.18239753232774
244.24372007993952
93.3907161966199
262.24899075800204
54.09802510551526
238.2013545167938
100.04165631304932
189.3537881702141
232.481985227103
149.81461961850437
248.91050337920024
77.5311191157889
225.10819154242927
179.49655319304293
236.17779126721143
122.93382799963729
256.78144647943554
60.571513705683174
236.43485030716693
107.24126138401334
122.74992142568954
259.90514026847086
56.32104412719491
237.91940972484008
101.67903386009857
175.686205887112
241.44966918596037
102.89865948403167
260.79834797114745
55.36181461948581
237.96269173883047
101.07502858036605
181.5780932248308
237.8213274187583
120.25141598487971
257.200453872676
59.84980708020157
236.6144805036165
107.05673364704126
122.09314547157555
260.42733023800247
56.396850710894796
237.83607053538435
101.29443373120739
181.0189922221034
237.79970731753565
121.76687508744362
256.6777943066263
60.7091357215686
236.24609695548133
108.96382968124817
106.10526814032346
134.53408650874917
15.442868241399992
273.38749295780144
249.84823057545873
72.6584497269796
231.94892449966574
123.499492110961
53.68420128982689
245.99958782276371
81.9937817959144
225.54767381759302
163.60170796411694
246.7747070123587
79.21973088452069
228.50195693566639
141.0434993152303
254.45541686975048
65.1357559816679
235.1716147165571
109.3861510130373
114.22073211242969
259.56521774531575
56.14512258990726
237.43124085685122
107.15008159588615
109.6611627717648
137.82156587064674
249.66001226581284
90.86441627606109
259.88381552961073
55.56476627761731
237.00228985513968
110.95605815276213
259.65621022868436
57.392746043071384
237.36736136997933
102.54552670486737
171.52840168321563
242.45895249758905
101.94534412336361
260.6159451805579
55.032814015678014
238.0853890167782
101.18167446345615
178.88494834385347
239.95643569083768
108.30847343438654
259.90114211131004
56.36056821582315
237.72045493921905
102.00646807953308
173.81161887281633
242.08540167377214
101.28895841422491
260.97914603119716
55.033530444809
238.05433229108166
100.85387220837583
182.91680669075868
237.1332871596096
123.1966366500128
256.58228581777075
60.86949623429973
236.25993895583088
108.51854464103235
110.47625150307431
262.8017797614448
55.18502815994725
237.815439542901
100.71023080295708
186.9295247865375
233.29134148421872
149.14390065801854
248.58536605205154
79.19424834764504
215.00496231208672
216.44936068711104
162.80121151416097
269.9052069408208
250.15063600614667
71.9772091943887
232.16638014056662
122.79159067491128
55.43112680136983
245.65108794847038
82.76560303691076
225.10055703183752
165.33267548050208
246.23622248019092
80.33272079986637
227.85399793987744
144.04080628709926
253.74966154669528
66.20068418096344
234.8372582767479
110.56338801833044
106.02071909529332
261.27094010284054
53.26824103028048
238.5009847109177
102.20294085297792
153.16485534669482
253.6968443213118
66.91284389227803
234.82064260456536
110.42547736690904
107.90035429633281
260.57483510098245
54.41242629021872
237.98591587209376
104.98967015865492
122.56257632577035
55.54606720809534
267.69638876571844
43.46546685369685
241.10880299237033
94.27666932315333
204.1559967258945
224.56516937144625
164.90977239288623
246.80397152759542
78.60421901853988
229.29357499552134
134.88402205900638
18.380319835283444
