287.97778075925027
101.91164438800405
231.74421450551063
228.5467368550212
229.72124084147822
228.40241317921277
229.30031313452537
228.66518496829713
229.09801368986882
228.80461031023333
229.00241314681716
228.8696502923426
228.9580642043543
228.89971681506813
228.9384497641231
228.91247637623928
228.92995798018
228.91821763413373
228.92619233962978
228.92080953434925
228.92426543310557
228.92204341397337
228.9235812338129
228.92195036362864
228.9238732293261
228.92213326816545
228.92347120199156
228.92244382859644
228.92348595557996
228.92216774221197
228.92360716994335
228.9224644408696
228.92321187926063
228.92282487225384
228.92296586878183
228.9229200748323
228.9228760175647
228.92297629650238
228.92287428325835
228.9231668552202
228.92276981579562
228.92308006396524
228.92279633544786
228.92227317633842
228.92300331010665
228.92316589266557
228.92254940612474
228.92317717389415
228.92278981787967
228.9230389219574
228.92280071829373
228.92295756880048
228.92268203322965
228.92328415615702
228.92122592863598
228.92447103156155
228.92167715277537
228.9238013836257
228.92164433302605
228.9243641004141
228.9218678938705
228.9234276422285
228.92269610723815
228.92293898726712
228.92292074152283
228.9229541568966
228.9229458395239
228.9229815740291
228.9229185225522
228.92271431462723
228.92279941914603
228.92292596201514
228.92279411319396
228.92303236301814
228.92282690358843
228.92297465384763
228.92285336482382
228.92296637264008
228.92284139297772
228.9229988537263
228.92287150863558
228.92285380607063
228.92306254053256
228.92279349368982
228.92323845153442
228.9227053588802
228.92306426431242
228.922800061202
228.92306123932576
228.92291697464316
228.92301296522783
228.922904759831
228.92290922522443
228.92286609641087
228.92302511936578
228.92282045964384
228.92301322958883
228.92282530279408
228.9229964255428
228.92287896744529
228.92299859154446
228.92295717461093
228.92289576440817
228.9229586460715
228.92292050780816
228.9227657763331
228.9230739959021
228.92290768290695
228.9230183156178
228.9227481195485
228.923008394544
228.92294189228414
228.92308757520368
228.92264011829684
228.92311708177294
228.9228723986089
228.92290568924363
228.9230627621946
228.92285775611526
228.92303337511112
228.9224560037037
228.92346844542044
228.92251682555798
228.92320310438663
228.92271413194248
228.92298661911627
228.92293506478018
228.922504445487
228.92333202348527
228.922701069685
228.92302314580593
228.92294173403934
228.92287234280957
228.9230242847043
228.92289791259827
228.92293085320125
228.92300616315333
228.9227837871149
228.922656484021
228.92348865935492
228.9224552194064
228.92328343711415
228.9227683158315
228.92320385732455
228.92234596983326
228.92348606063752
228.9225923040649
228.92323036120797
228.92270228476264
228.92304224397958
228.92275606299518
228.9228876877023
228.92299213961815
228.9228654446706
228.92293651129148
228.9229115012422
228.92286677783704
228.92285847540916
228.92299162971904
228.9228886733763
228.92283168076392
228.92292859612644
228.92299597094097
228.92292892086698
228.92295097960596
228.92316057127755
228.92293903297832
228.92292674160126
228.9228889257938
228.9228543561112
228.9229932442031
228.92298756745004
228.92291366475547
228.92295632827154
228.9229306649213
228.92309472451598
228.9228190030044
228.92300301929936
228.92283765008324
228.92311145747226
228.92294704402593
228.9229496712578
228.9224434937205
228.92336590448394
228.922648899279
228.9230839371303
228.9228219630313
228.92233273354213
228.92359121113986
228.92221220776992
228.9233633964468
228.9226364303613
228.92314985430858
228.92287710885284
228.92287347616366
228.92303093002556
228.9228156663812
228.92261692911416
228.9231707343206
228.92270528660447
228.9230682804773
228.9228025956254
228.9224026047741
228.92367288430978
228.92226131711504
228.92340368909936
228.9225376751565
228.92316563078202
228.9228014260152
228.92312616974232
228.9223272599338
228.923650638666
228.92245556188573
228.92336744120985
228.9225779437984
228.92203206838167
228.9240740298119
228.92195181337593
228.92357013926085
228.92260688883835
228.92321511394402
228.92272646605852
228.9231432051165
228.92290149925975
228.9230067548051
228.92249409029318
228.92364229528175
228.92244584595028
228.92305741745804
228.92288073833333
228.92292630120937
228.92294267885154
228.9225258501101
228.9222020747111
228.92425797809847
228.9218649296381
228.92356470118102
228.92258555837907
228.92313979333267
228.92182154524198
228.9240313472983
228.9221449807228
228.92340793112817
228.92250647416222
228.92328171344707
228.92267248030112
228.92314597696532
228.92290215998946
228.92287215396937
228.92299748767982
228.92287106103322
228.9229569438903
228.92297666022205
228.92148166664992
228.92433925237856
228.92187758241198
228.92371460513095
228.92237174297043
228.92330999094702
228.9226717618585
228.92317319080757
228.92275266452634
228.9232517297205
228.922716001136
228.92290482108365
228.92286158708157
228.9230282123026
228.92263658304
228.92324341075437
228.92278753322898
228.9221686939709
228.92384513025172
228.92159081163118
228.924140419389
228.92207900415815
228.9229754107655
228.9231324288412
228.9228698707593
228.92313956734142
228.92283576312184
228.92295838188147
228.92273854708765
228.92321490004542
228.92268404734205
228.9230167515634
228.92296496183553
228.92288920175633
228.92223253895645
228.92339304443158
228.9225982443313
228.92295735466178
228.9226221068384
228.9233481676929
228.9226972340839
228.92318981261633
228.9227418921364
228.92300350194273
228.9227890589391
228.9231685395498
228.92267593323777
228.92295809515053
228.92259154499334
228.92303686062223
