287.69856714787556
111.26993020477568
248.04396728121844
217.42112063814432
237.3144920808927
225.02841718784498
232.9157671078558
227.94711576286818
231.1322029407388
229.10696154902598
230.40364578601339
229.57648754802904
230.10599888677416
229.76768440058095
229.98374836871335
229.8453517776943
229.9333588176687
229.87771807651097
229.9141407772422
229.89056959712616
229.90546233645182
229.89631815528446
229.90159230064
229.8985627350503
229.9005559867901
229.8993206673349
229.89892120128025
229.89962420947631
229.89939045197934
229.89999614360204
229.8992073895406
229.8995439013106
229.9000018707684
229.89925102716188
229.9001903669723
229.89983265442606
229.8995539985408
229.8994056675183
229.8997332352319
229.8991714220083
229.89983086482243
229.8992052475478
229.89976520976597
229.8997365695741
229.89998174034736
229.89985078991413
229.89980171271418
229.89928355914526
229.90006763549718
229.89933694321007
229.90001682271395
229.89967037192037
229.89982248583692
229.8992256594829
229.89992130589235
229.8997142430817
229.89923212048961
229.89903289610083
229.89961075851897
229.89926686203398
229.90011171644437
229.89964117929048
229.8996090752189
229.89991344989903
229.8991886964941
229.89946062636955
229.89968282187692
229.89984314481262
229.8996157283218
229.8994065266561
229.89939996344037
229.90038186263337
229.89905459664442
229.90019956793913
229.89927676556908
229.89989013794911
229.8998630939277
229.89989922209134
229.89930359874052
229.89883324224866
229.90037574800226
229.89897822072453
229.89969733558246
229.89914922889147
229.90026874979958
229.89906774417977
229.89948184948662
229.89965983223738
229.89977286555222
229.8997158954844
229.89943145571306
229.8999993649195
229.8997212778704
229.9001307485596
229.8996029151167
229.89947781995215
229.89966425733655
229.8992649411739
229.89931477776918
229.89983797272725
229.89925906742428
229.89937631236535
229.9000992778674
229.8987185655642
229.9002651109986
229.89982908449747
229.89940081864188
229.8997759752674
229.90019580272929
229.89975108287035
229.89964555676124
229.89942576159228
229.90032919523946
229.899416569373
229.89952709138743
229.8998418508345
229.89986993404455
229.8983688468652
229.90032625521417
229.8993808505329
229.8994967458275
229.899620796823
229.89936777921685
229.89925022165698
229.89944456295052
229.89937058323267
229.89930234861822
229.89945487360092
229.89992689282371
229.89926703263336
229.90009675599867
229.89974714419077
229.89963966917276
229.9000297097591
229.89971713288105
229.8992623800441
229.89922251261305
229.89953671009425
229.8999641160044
229.8998604841472
229.89906291975785
229.8997204521147
229.89973903071223
229.8992248543509
229.8998313007687
229.899714610503
229.89933956153982
229.89936821771698
229.8997674222701
229.89959943667054
229.90015138586023
229.8997948658798
229.8990033272421
229.89995926672418
229.89906772739778
229.90029785322258
229.89992205570888
229.89975892569055
229.89919123557047
229.89945467071811
229.89928797889297
229.8994776188265
229.89975012022478
229.89918014078285
229.89942013926338
229.89989435402822
229.8998441613221
229.89905525866925
229.90010512206936
229.8998210093123
229.89929593701527
229.89979198939545
229.8994686418082
229.90006610320415
229.89936672024487
229.90018490093644
229.89915871658013
229.90002816279593
229.899778507257
229.89929534716794
229.8996986214479
229.8997841633609
229.89977579213155
229.9001060646624
229.89935972628882
229.89943099629454
229.89916873160837
229.89955787318468
229.89975160090398
229.89885351902922
229.8997568922714
229.89975462260918
229.89983315139398
229.8998867617047
229.89925287382357
229.8998595583398
229.8998852730292
229.89927602073294
229.89967833772243
229.89976643607952
229.8999648407189
229.89921964694804
229.89943460091308
229.89925589819904
229.89988070176332
229.89971385033277
229.89936108257098
229.89978144211636
229.89921397373837
229.89951297869266
229.89921595454507
229.89969723159447
229.89989919649088
229.89883505170292
229.90023799568007
229.8997762999934
229.8990981111565
229.90022659141687
229.89978242608777
229.89976813271642
229.89969032484805
229.89924579148646
229.89980716721038
229.8993553987093
229.89946413646976
229.89964701409917
229.8988677325833
229.90034587959235
229.8988804782275
229.8999927718396
229.89919066241418
229.8994850669842
229.89925566350576
229.90002704612562
229.89904547316837
229.89950080157723
229.89927113216254
229.8999851012195
229.89950626617065
229.900051607372
229.89930009008094
229.89941652442212
229.89930189099687
229.8998027993075
229.89920860377606
229.8999718616833
229.8992138675676
229.8996544539259
229.89929246121028
229.89986534850323
229.89985206298297
229.89969594300783
229.89988183429523
229.90007753121608
229.8993666988972
229.90018438067636
229.89933653066691
229.9000369864516
229.8996018419275
229.8994549382478
229.90001553452748
229.89940082110115
229.89978407201124
229.89962506014854
229.89974437557976
229.89913045083813
229.89999728293333
229.899816875768
229.89944481645944
229.89986867737025
229.9000496649969
229.89945048597292
229.8993576683133
229.90011819274514
229.8996132106986
229.8993935923063
229.89894271473167
229.90020174290112
229.89901822830143
229.89997058114386
229.89971967505699
229.89934276326676
229.89938604201598
229.8994258685707
229.89925510615285
229.89889818039956
229.89944445154106
229.8989389086637
229.8992105719517
229.89939607422275
229.89912918802293
229.89977122859273
229.89918994059553
229.90039104089374
229.89975317122298
229.89965886058053
229.89943411205604
229.8997441472602
229.89973529678537
229.89889510258217
