288.2333058058571
226.9186587793347
248.6800111890783
240.5478384468513
243.23669776358497
242.28020469127023
242.61066700476567
242.49495366908695
242.53497622473787
242.52158640556308
242.52554421438754
242.52423784717394
242.5251242799277
242.52457118216353
242.52489077277914
242.52457658636013
242.52490828644113
242.52502860840195
242.52498680933968
242.52453076458823
242.5246947105743
242.5245476379896
242.52494541885244
242.52451991099224
242.524611198427
242.5244554750061
242.52419720320358
242.52537339149785
242.52327297309785
242.5253604117297
242.52474928703305
242.5245402476412
242.5251923142041
242.52438575699125
242.5250960428475
242.5249491366103
242.5248343836629
242.5242688246417
242.525352048473
242.52438503031408
242.52457270893683
242.52492092910506
242.52463370158148
242.5250750688847
242.52473977476257
242.52499441640248
242.5236587165382
242.52535962803086
242.52409189357058
242.52502269785327
242.5246747009951
242.5246848545503
242.52486062436947
242.52437053516405
242.52510656172672
242.52459603072566
242.52480112364356
242.52481036394965
242.5247265659491
242.52493026112643
242.52417097587022
242.5251702721216
242.52462516673768
242.52495455315147
242.52509767404263
242.52456642597826
242.52491311424092
242.5238010143985
242.52526953990673
242.5246247122741
242.52489885867908
242.52491183220627
242.52480762451887
242.5247105736562
242.52509927848587
242.52421375619087
242.5248733334447
242.52450467780727
242.5243018149922
242.52502603870744
242.52484405666473
242.52463289068692
242.52503578404503
242.52480154034492
242.52442912508195
242.52464176728972
242.52501884332378
242.52448624982208
242.5247571699074
242.5245601779461
242.52514156488178
242.52486203079025
242.52482710255572
242.52458911784925
242.52466385269508
242.52473818700673
242.5240946512713
242.5249560719385
242.52453407376015
242.5250347688925
242.5243867797617
242.52510463471845
242.52477450977312
242.52464756928384
242.52491739390825
242.524661275791
242.52476422631298
242.5246090317014
242.52509018154524
242.52406609211175
242.52476820806623
242.52484430147888
242.52438664852525
242.52465512798517
242.52429162917542
242.52520868102874
242.52448423436726
242.52513813527185
242.52488179273496
242.52457815076923
242.52458420047333
242.52490946609032
242.52452511451702
242.52427433892444
242.52464732406952
242.52507261590654
242.52468592303921
242.5245786163723
242.5244798517233
242.52495540485688
242.52437841846404
242.52472582261544
242.52494947401283
242.52471663678443
242.52489740712917
242.52504605411377
242.524892990652
242.5250831057565
242.52464790349768
242.52436257170484
242.52521333078766
242.52458641748672
242.52452259069105
242.5250696299845
242.5243661736531
242.5247851006061
242.5248362239654
242.52377845407318
242.52507122637326
242.52418387578655
242.52491999870108
242.5242074089474
242.52464563959802
242.52463206400716
242.52494428231876
242.52429975875566
242.5251035253168
242.5245715736819
242.52472770476743
242.52450223306369
242.52494253542682
242.5249988214855
242.5244475430809
242.52509147500677
242.52436181437224
242.52423992090917
242.52518089706427
242.5247220419551
242.52482715294173
242.52477753152925
242.5248830122946
242.5246995978814
242.52502696838928
242.52408482497412
242.5251562754711
242.52444878943788
242.52458999653754
242.52509005836328
242.5245139223698
242.52502846847347
242.52476848912193
242.5246108109277
242.5243863606447
242.5244815897022
242.5252218213427
242.52444544617902
242.52489729724766
242.5248179826158
242.52499018085655
242.52498733246466
242.5240042322548
242.52451144490624
242.5250902005355
242.52498941117665
242.52479155317997
242.52472601091722
242.52501992117323
242.52453409144073
242.52500052338291
242.52466292277677
242.52492471164442
242.52418620222306
242.52507677047106
242.52462000645755
242.52491794306843
242.52464933338342
242.52465963784198
242.52452520444058
242.52511463931296
242.52487786456186
242.5249152489123
242.52476066390227
242.52477164189622
242.52456302277278
242.5244164253818
242.52446076922934
242.52511645192862
242.52453369829163
242.5250001373497
242.52470242649724
242.5250766310637
242.5248792580096
242.5246717822156
242.52494830281648
242.52494414064859
242.5250950925256
242.52466581117187
242.5246635968506
242.52428247961507
242.52489152920316
242.5246673069778
242.52484576006827
242.5250578748819
242.52383206655213
242.52538631339849
242.52468811578
242.52472594819847
242.52462531498168
242.52478401477856
242.5246059033816
242.52447479215334
242.5247649403609
242.52502775505127
242.52450493974902
242.5236922520271
242.52513668533356
242.52483391051646
242.5243257030961
242.52489444930688
242.52474734430143
242.5247705635411
242.52504678466357
242.5238006748259
242.52496791935118
242.52486839868652
242.5241694565484
242.52488692980842
242.52497807142208
242.5245030327642
242.5249327153142
242.524564420557
242.52432061641593
242.5245874197426
242.5248578403407
