287.4225840019707
221.28668301759774
210.85358867662876
222.06828421380794
206.91680515236249
226.09893838895528
196.34757748075958
63.264145429262044
216.37868829956005
14.616390939411758
249.5470110009278
102.12779233204947
206.3941998842165
225.68123869900774
208.2394768772583
221.9043767948201
210.9334975509846
220.18973180626563
212.05702665189074
219.81847597414253
211.6525851790384
220.8699777981592
209.12908290461746
223.92495541825883
202.12877087735706
230.3251894581881
181.32251829990128
119.3485805198743
245.23097561452687
125.39383456745236
241.94838910056023
130.01193148568564
51.506001572421155
247.5186623439131
113.383125695731
114.1750345557266
116.60362841757888
149.6327429601588
250.2239872834416
144.00184417149467
251.06828630462041
114.98184405392021
242.6361750575743
146.83533178205107
207.7508716362845
42.3851160589129
231.60964836214043
261.2317845604339
74.0076110044356
235.06583628878252
155.6783400749955
225.12013440937335
185.67633870076315
117.88230963547903
256.7763698390663
95.75978548835155
249.55676597495767
110.50394567151307
122.99431466146598
75.88353689809446
264.9422020743277
72.79884997020417
214.69460183718547
230.38278393268592
163.45127751602195
259.30728614560576
89.93649806666144
237.81169720876278
260.97623308016045
74.39183384974967
235.1591721616278
153.21198897813156
198.5904733210118
239.95055071830575
121.6367861231447
85.92066964974583
262.7033267483057
77.96906991718424
205.68981569662355
236.6615459673667
137.27313159378537
22.736563851496612
234.7940900267895
209.40566616864817
189.440847687536
260.0713381964233
75.91555687985237
234.55950732501879
156.1695824423914
214.50270081578492
186.42670827515394
259.9871912968483
75.91583448707752
234.26891291972788
159.4352850393334
220.99406609454672
197.3273495106223
64.50068516205283
253.22394993636044
110.20363861473379
224.5186718995792
224.3612474551519
167.17699722562247
262.14291412036255
73.62428603807712
234.60667101738727
164.3775656179423
210.4152710682538
221.55367925730388
212.50274197345425
218.2689231954464
215.1979432866974
215.58981144690188
217.9927021786898
212.00101023088064
221.87433334253
205.09024877896445
228.3826567655633
186.89667765890772
91.29132274763833
213.51630261997707
10.340608018559578
261.9016996624632
74.67464161385942
233.800311539806
170.42487711635476
187.06681652150291
240.4224022832641
146.1777453078903
229.91345656022895
186.63451682409504
89.77930605653091
230.03304817855678
183.62019803247676
118.02570018456026
220.8776667494676
229.2033565926613
161.80687809074152
263.24826720755664
71.18516140785505
236.06548585771816
154.39202390335413
225.612452212692
187.5178288334355
103.16939658601041
260.42077257748315
81.53887224759819
223.63387329990655
192.1400992252893
82.71202813555283
262.5114451869449
76.31937932583969
229.59720205757912
200.25030623314524
227.79797555844561
201.29816727145953
228.60333224789792
195.17627804702352
234.11659184712335
170.4757361457232
184.161320799205
97.50311441633676
228.5637791197223
175.7081029573892
248.12127730312204
103.0840825279738
207.39149349358922
220.57619805163267
248.8578985653512
104.59511090128944
197.0782120628428
232.90913454226393
192.07032514081948
234.6855486624554
175.91557214075874
125.99553017182916
68.22287278861768
265.70961301638454
69.98488335120055
232.50179410877172
193.51665909651638
232.09895705167582
190.8312531532647
235.57247741859464
170.30731932551862
163.72812912203517
252.4223116150024
92.94968260844325
224.30330908994802
191.32664444577676
86.02328892212972
229.34517342440085
222.4287049845807
174.79012407446862
247.3123553324258
111.66217034925648
117.43332633664977
119.21089269351069
256.99027274008404
103.92215274069895
228.83341136263334
219.598649423162
175.6809794713845
261.6610233124593
73.50049330540787
235.35370917381806
154.86728224337276
225.80583830273827
184.03508770421467
127.93264808772074
254.65707871253107
104.37800983435591
245.9470998066172
132.11905904563173
231.74261581414612
199.39772917800292
227.63768130296376
202.83970757649513
226.94830100492254
200.45033691756544
230.15366938106308
187.50654562744603
84.34319383749244
234.73331748275814
156.84738945643767
252.421370976037
94.61003882814839
221.39484480529063
202.88553095858515
49.06567945968709
243.45734814660682
127.51779219626042
60.35144196343754
234.3538908304472
192.49414500319835
237.27803325865534
146.0885242503864
253.48557556809828
92.40862565841235
223.619620719066
197.701870286357
60.70313386709313
230.7223520135085
261.31390452546475
73.94644360413804
235.32085225587798
152.7172292296309
198.00281259017356
240.26367223398847
121.84565665601258
84.13865098021779
263.3202657101647
75.65422161317838
223.47052709804848
236.76054792468494
260.6701688102621
75.05152412023745
230.0134717162873
196.72570514892868
230.7366960242798
192.91806736013677
234.71589551624493
172.03927883210417
159.6868585113407
222.79018461801752
206.9930578541971
227.29776396314264
192.17024865974963
72.1378534038231
238.9272594765498
140.3865614438837
13.56216683954699
253.3357171023381
94.26196102841641
220.61044799385127
207.9724187298416
44.38723512325669
63.72181617564638
246.87122981619905
111.03684960110695
153.67723242474312
251.14400624946575
115.52603965561138
242.5904419072467
147.0117335023533
208.06546841403178
33.33854688578867
260.5821667249111
77.35929237114033
233.09382198804815
169.00597522618773
200.500155872709
229.46740127347584
199.1577557579294
230.22506963796332
190.82221120879694
236.6544923028414
159.95514553337125
215.44198205960856
218.15926832606783
214.66854547857656
217.5099976592901
214.55508438157267
217.78588181319355
213.86119098939525
218.82389374820923
212.04214136970404
221.09932458092226
207.8005505176261
225.58890958970005
196.95760675988276
61.709990736912005
42.1169118098187
74.54040864926355
247.57141580620373
117.8693153916538
89.03490732502542
237.49049767335237
141.48413922985492
15.687014282506425
263.2702203736699
72.65360372804571
234.39065571270476
171.1019517411478
171.08328468515538
202.5352951963432
227.50981766848417
206.65821021364536
222.4865069102234
211.14456622720172
219.18652180403296
214.33736053679604
216.37791155713785
217.23684537339432
212.95505192902056
220.93768032744993
206.8631192384928
226.90100616656127
191.70971103884222
73.81257044944505
237.75734852973255
149.3017533148377
230.1659609455237
171.5003593696456
199.8583830960706
224.006373978802
248.27679559735407
105.68100694549503
192.54151042703597
235.25897361409443
186.37960829862277
237.606173362321
164.68974875792628
181.32046483941667
144.3184559140209
256.14874794600473
84.68877175172383
228.0409443834069
194.02640549080388
70.50134924668237
217.97626927534293
227.73426943800587
162.81035342207178
259.91932902287226
85.7606075808435
249.3100830609037
122.79346785109374
219.5623473352025
228.09418499931053
162.44254289125092
261.8934297096421
76.06654478613927
228.42826796826557
204.7151709709724
221.7270595758746
214.63216302574438
212.11114770108543
39.06980450300034
74.97582171202521
242.00778518116567
130.7704551090137
49.75894711942237
247.93425552047847
112.4401542354899
117.49876136737294
107.30550888823927
248.42467980842048
