287.7015374320776
189.77411375497422
143.3461283272827
234.5281433974635
238.5226780235721
234.02359126717124
236.11977961650723
235.08711939827208
235.5762973696128
235.34422446993494
235.45458406924126
235.4023696633294
235.42577892165446
235.41545334046077
235.42016125901046
235.41828103884654
235.41944656451506
235.4183194342504
235.41885975638252
235.4184795249157
235.41863279664358
235.41901548663282
235.41884510979708
235.41886905439242
235.41902343522634
235.41853927627017
235.41852886448396
235.41813594185624
235.41901418558518
235.41880773684534
235.41901039576078
235.419091706588
235.41918389671991
235.41914376736167
235.41898474545633
235.41843318146675
235.41859615718204
235.41860454960442
235.4189023957806
235.41845545376418
235.41844707404925
235.41898627804767
235.41832563554271
235.41883495269576
235.41871253455975
235.418521343463
235.4191439021306
235.41832090486605
235.41932495897709
235.41902777083305
235.41917752080917
235.41829026174673
235.4193080228397
235.4185415951797
235.41843847818745
235.41869728675738
235.41918803140288
235.41903703461867
235.41822862844128
235.4191523641457
235.41796786855411
235.4188956709986
235.41916046223923
235.4189642590427
235.41812649658823
235.4190154262251
235.41893460337087
235.41912475536083
235.4184371676638
235.4191140448347
235.4189391102991
235.4185909425796
235.41903600012665
235.41810962432282
235.41853635638836
235.41839306539987
235.41851723703803
235.4185594669143
235.41908708029223
235.4184882812806
235.41920821294843
235.41877526519238
235.41886818972853
235.41906886496145
235.4188913862963
235.41889312209605
235.41865133477768
235.41923967015828
235.4189722018782
235.41870483181629
235.41911858055028
235.41911682262435
235.41883907666124
235.41910824117076
235.41926055861404
235.41825248389796
235.41864899162465
235.418725588097
235.41887007707555
235.41844018371194
235.41895859260694
235.418449044133
235.41905610620597
235.41840378608322
235.41869315718213
235.41929697658634
235.4188305082498
235.4185192787263
235.41783080919413
235.4191240077198
235.41841867019684
235.41849578364054
235.41815005708486
235.41913584440772
235.41931377932633
235.4185705970158
235.4185073944609
235.41866124704393
235.4188646587936
235.41823402923183
235.41901215916732
235.41898202666925
235.41906650935562
235.41830930115975
235.41856779049704
235.41835419151903
235.41851618559303
235.41857309620536
235.41847497347771
235.41877293141442
235.41837950373156
235.41873794166167
235.4187802874294
235.41843463858822
235.4189080208307
235.4187367379127
235.41911336939665
235.41836690023774
235.41821442912624
235.41857542866637
235.41853726359113
235.41877536701213
235.41881641370128
235.41922864967637
235.41823663011746
235.41824501608062
235.41867396731686
235.41890396647068
235.41836331784725
235.41915119362238
235.41861546223663
235.4192500375575
235.4188804791993
235.4191974780333
235.41911719075142
235.41839354266995
235.41903973584704
235.41842614638153
235.41840859005606
235.41900114966847
235.41909108003165
235.41861395547312
235.41842558370263
235.41863271612237
235.41857661753602
235.41912571604917
235.41827010102133
235.41920409173326
235.41875924312626
235.4186446458625
235.41865674046858
235.41837822560774
235.41929120553687
235.4187773235899
235.41861014285678
235.41928752008243
235.41741190711036
235.41961869822262
235.41865629063977
235.41911925996828
235.41833256572863
235.41946671785263
235.4184197491777
235.4183604347054
235.41852090307657
235.41886817213526
235.41849622184964
235.41892287860537
235.41913145183935
235.41843824478565
235.41841728780128
235.41887605916418
235.41924924124032
235.41918096701556
235.41832284677366
235.41903871588875
235.41886019408412
235.41844927775674
235.4184089977789
235.4189371089742
235.41922366137442
235.41845466694213
235.41851170931477
235.41851568809943
235.4189044778759
235.4184167991043
235.41842625531717
235.4181816551718
235.41835637109762
235.41884051419038
235.41895472072065
235.4191672217712
235.41775132947078
235.41927318889066
235.41831407588325
235.41933761142718
235.41893326240825
235.4183677717374
235.41912573759328
235.41836435663572
235.4192578986549
235.41849916410865
235.4191135786823
235.41890920777223
235.4188228764251
235.41888884962827
235.41903828582144
235.4183975054475
235.41854660971148
235.41840588275227
235.41838243680832
235.41899911340442
235.41893907205667
235.41893609917315
235.41842381787137
235.4184867041622
235.41849150664348
235.4184843130497
235.41855504279374
235.41932932079362
235.4189120788069
235.41887071380916
235.4182164650847
235.41873814474093
235.4188511831453
235.41857656922366
235.41846991717466
235.41841813750216
235.41905583595508
235.41893652519502
235.41884816694073
235.41903218186053
235.41831279681355
235.4191314784548
235.4184116281249
235.41848090745043
235.4187840263039
235.41889203773462
235.41841951989045
235.41912651418534
235.41837148230115
235.41865244679502
235.41878312474
235.41898384720844
235.41907989495667
235.41835731193714
235.4193850341835
235.41849960180116
235.41944799145858
235.4181882655248
235.41860095634183
235.418527893562
235.4191852446529
235.41875484109914
235.4185045768827
235.41889845495461
235.41890425527527
235.41903374281537
235.41880719679466
235.4192020927876
235.41826437276904
235.41931422006746
235.41831315128366
235.41927511744143
235.41892297971935
