288.03458696728126
238.70636843899808
250.0680921021443
246.87429331173507
247.57935225763754
247.4057188391248
247.44614799015153
247.4372543499203
247.43943281281827
247.4385502662135
247.43892745775247
247.4387478868648
247.43911967233817
247.43829058995925
247.43869039544916
247.43905387766063
247.43796756059692
247.43849942271027
247.438927036108
247.4387023520385
247.43866604205687
247.43896371274968
247.43792548495912
247.43904169013877
247.4392104174749
247.43783663261638
247.43928075274198
247.43851539509706
247.4389266063954
247.4392876324291
247.43754086666377
247.43920939738928
247.43887667059607
247.4376945869044
247.43912770682437
247.43855040343624
247.43845559287547
247.43894954773532
247.43789690214726
247.4392013505094
247.43712045082066
247.43936254313667
247.43780270390562
247.439046669846
247.43908957664826
247.43787818801138
247.43876807296692
247.43891553139838
247.4384499774751
247.43828919076986
247.4388944100392
247.43948003172045
247.43730501733444
247.4393228158624
247.43853609586586
247.43867020725884
247.43840481896405
247.43882090673287
247.43877285519193
247.437565040982
247.43936178661534
247.43855780388913
247.43888497099033
247.43851329253448
247.43932592462806
247.4384187651267
247.43908199560246
247.43872195926815
247.43864303725786
247.4384442591545
247.4385504698257
247.43869031209033
247.43898127870852
247.4386226230672
247.43926453267704
247.43844079128394
247.43881188282467
247.43854141107659
247.43823370365135
247.43916176273342
247.4381324749993
247.43871609878624
247.43909102173347
247.4386578183039
247.43920374407026
247.43860715163464
247.4390888288035
247.4374645201533
247.43895374038402
247.43929621276038
247.4391790023219
247.43866513429384
247.437675771871
247.43863108819642
247.4384628123371
247.4390706150807
247.43880005284154
247.43886382027995
247.43763948567357
247.43955690957227
247.43857201450737
247.43798807239364
247.43755595035327
247.4390548078154
247.43880000911304
247.43745002033393
247.43907199712703
247.43791251418588
247.43887479964906
247.43923456715856
247.4387880329814
247.43750326990266
247.43928089152905
247.43720881363697
247.43975154259533
247.43842855696857
247.43893529771594
247.4386438924921
247.43787468477967
247.43929829719127
247.43878880852571
247.43836675695638
247.43884839669772
247.4387403275614
247.43840599229588
247.43882686333382
247.439135066983
247.4391549028078
247.43906941677415
247.43817165270593
247.4387676853512
247.43847881841793
247.43855005891965
247.43902912626072
247.43916550314316
247.43771464427118
247.43870574696484
247.43917940943356
247.43836427549104
247.43884570163937
247.43813821966614
247.43914262003818
247.43878858345852
247.4387146295703
247.43894579724292
247.43858493002335
247.43773069060262
247.43975237137056
247.43888223916292
247.43897145490337
247.4391641596303
247.43784294566285
247.43919178329816
247.43820598101593
247.43928815348045
247.43852998345392
247.43917162290745
247.43813525469886
247.43900983056665
247.43852409592364
247.43953624581627
247.43885752345523
247.43904881221533
247.4388788182041
247.4392462076794
247.43734401196707
247.4386754259176
247.43852431971754
247.4388222671987
247.4383675553545
247.43782496554195
247.43947880584165
247.43879545763775
247.43906120366591
247.4377254510182
247.43894858106796
247.4389553303772
247.43885012800456
247.43888974830043
247.43844123915187
247.43891872497625
247.4383463076665
247.43865194547107
247.43811531741812
247.43871886759007
247.43871853707242
247.43851627741242
247.43865019142686
247.4384795861697
247.43861763528548
247.43867456442968
247.4380856584612
247.43788762688928
247.43871039300575
247.43897771750926
247.4387503432663
247.4386380467622
247.43889556838258
247.4392214014224
247.43849875316664
247.4389086254523
247.43945779913338
247.43844269069086
247.4389916042419
247.43886113232293
247.43775611884485
247.43919675370853
247.43859962488932
247.43866753844486
247.43923383588844
247.4379556907079
247.43961733250762
247.4379712733935
247.43875626257795
247.43873700706172
247.4387050740479
247.43897858611308
247.43840474745957
247.43938190225163
247.4382998104702
247.43897273309994
247.43848908718792
247.43739654168894
247.43908283924975
247.43848527039518
247.43877646303736
247.43876794444805
247.4387485130428
247.4376645451266
247.4380366185942
247.4387495701376
247.43899911666813
247.43808579890174
247.43933525933244
247.43816307748784
247.43936848823796
247.43873914069263
247.4390253955935
247.4388661809644
247.4386198931461
247.43938984569104
247.43748616783705
247.43994598669815
247.4377224179043
247.4391627931618
247.43933710501005
247.43876858329168
247.43753779555846
247.43916698655812
