288.00099171058343
264.1704506882787
265.60501552437745
265.452370019201
265.46592823552373
265.46421986869564
265.46370569675673
265.4644395045284
265.4638572722397
265.4632343315434
265.4640187458908
265.4637469628633
265.4631663997725
265.46396884043224
265.464325828857
265.4638401585962
265.46418017085125
265.46415827005694
265.46387233133646
265.4642693473488
265.46389644343617
265.46417778491013
265.46389941696
265.463145803722
265.4634580539496
265.46422212215475
265.46380156324994
265.46369099131516
265.46438552255677
265.4639861908563
265.4646473437333
265.464434269079
265.46422587473717
265.4634520554828
265.46400862499286
265.463860944561
265.4642004135276
265.4643305398786
265.4646113812123
265.4645114187151
265.4635779920427
265.46448015831265
265.4620775588519
265.464490240367
265.46416813013275
265.4635142408515
265.4636516950559
265.4640845423237
265.4641775388409
265.4644403839666
265.46419867043005
265.4644041606407
265.4635720991246
265.46484294527545
265.46462333119416
265.4635394540528
265.4638600030048
265.4643153558718
265.4649194234371
265.4636834614139
265.4638073357237
265.46430991272064
265.46412881252036
265.46392216626555
265.46447790550155
265.46437487351795
265.46398769120424
265.46410831757385
265.4638848740651
265.46485564577597
265.46427210618276
265.46331378843024
265.46307831547165
265.4642418214862
265.46385799511336
265.464337371639
265.46442910319456
265.4639567452614
265.4639105824681
265.4634062294281
265.463442144508
265.4632134698113
265.4639375597544
265.46457630182704
265.46432745783386
265.46367180788366
265.4648562851871
265.46363650746207
265.46421854187065
265.4645027267179
265.4637580756753
265.4646427629559
265.4642913628195
265.4629718044671
265.46477913743
265.46345947329246
265.46454432373866
265.4626792956333
265.4637711346586
265.4644504716998
265.4641333243417
265.4638300311635
265.4638259585481
265.4636675261863
265.4640748567472
265.465210605209
265.46350822759996
265.46465284607257
265.46398453685106
265.4636059122131
265.464734190522
265.46361148105643
265.46428922841733
265.4636456665321
265.4645050117251
265.4637238829673
265.46240524569293
265.4640907118155
265.46467879503325
265.463115290273
265.4632672852895
265.4645881646138
265.46380602681165
265.4645529295085
265.4642067001914
265.46440251822787
265.4634972502099
265.4632476680563
265.46517121084617
265.4648534684675
265.4633152932074
265.4646051899326
265.4631279171881
265.4646247240744
265.46310563803127
265.4637883465912
265.46420321082405
265.46511600243684
265.46370869581006
265.4644789850572
265.46355929136917
265.4635544970224
265.46439265347726
265.46425126021495
265.4646254479885
265.464255402665
265.46408397960477
265.46378279330384
265.4639439982566
265.46484770753887
265.4630503752851
265.4638822712441
265.4640437347698
265.4629245991964
265.4641878205439
265.46427087057964
265.4629442217265
265.4644788759324
265.4644005657319
265.4638981810276
265.4636236852384
265.4639152526215
265.46418255133904
265.46310897843796
265.46310058516974
265.4638423784636
265.46350035839714
265.4643368709076
265.46334943405236
265.4645562215446
265.4636784280301
265.46422903300845
265.4633067396353
265.4642992633453
265.46403055892733
265.4632247790141
265.4644775922643
265.46438390231924
265.463522928374
265.46417975169607
265.46436883241404
265.4642678907694
265.46377601323184
265.46394415445684
265.4642007775983
265.4637697213766
265.4643246592459
265.46396605887276
265.4644696726755
265.46425225929124
265.4643168110051
265.46379553769657
265.46475920850935
