288.0269532086254
232.97490969757337
248.5508091103402
243.59189678920006
244.8777386356751
244.51111067357806
244.60946464252083
244.58356643153184
244.5893918395559
244.58922439190064
244.588345342318
244.58933201870695
244.58709680187985
244.5899796458434
244.5888507681375
244.58882489429834
244.58891608849808
244.58849772007034
244.58883935712038
244.5889735907831
244.58947508041274
244.58851186554966
244.58905456331013
244.58764976529528
244.5896581551915
244.58818453440654
244.58969027096828
244.58828300902678
244.58943794052902
244.58910059072696
244.58883465686085
244.5885483639231
244.58908556245296
244.58833568408772
244.5890464746044
244.5884921085726
244.5884810627249
244.58967287107953
244.58851913380204
244.58934291332116
244.58823854792718
244.58890787504788
244.58860293279213
244.58934661950116
244.5888573252996
244.58831595560696
244.5872805167237
244.58940055325365
244.58934038446387
244.58905390837754
244.5887088919917
244.58861468868054
244.58879134572635
244.58850250208707
244.58877357655365
244.58781697905943
244.58907090102002
244.5889501487036
244.58776898077122
244.58837038453566
244.5887977656348
244.5884026465028
244.58921049965284
244.58907420088144
244.5887596059074
244.58819219963698
244.5889518576987
244.5889277869428
244.58868890739177
244.58921888041368
244.5884746183292
244.58881283638038
244.58898357324506
244.5884993835316
244.5890092053014
244.58885102243948
244.58865251888346
244.589136858056
244.58876396198684
244.5887439766011
244.58841971223592
244.58879433311813
244.58875562421235
244.58906421967913
244.58868105187867
244.58844813370524
244.58896249082318
244.5889280362244
244.58919874553976
244.58777571887913
244.58950244776497
244.58855362120084
244.58813857069617
244.58870272875356
244.58900836926477
244.58902938838582
244.58868373501173
244.58947156870272
244.5889933052822
244.58782540068933
244.58974532464345
244.5883053103753
244.58820500340516
244.58931497899175
244.58918806292786
244.58854041797895
244.5882502091481
244.58959185599815
244.58880504625267
244.5886875644792
244.5889974083766
244.58880113791383
244.5881836369299
244.58789811942552
244.58875637475285
244.58916928528197
244.58850613118557
244.58937671162857
244.58868792834255
244.58920154072257
244.58903325869323
244.58785463613458
244.58850315673044
244.5895847712818
244.58869351145404
244.5879881574947
244.58877614937228
244.5894991309251
244.5888850815827
244.5891170850955
244.58866949930234
244.58889776973956
244.58920601854334
244.58806106055272
244.58881417974044
244.58861469320254
244.58898424121435
244.58913267650496
244.5892191506282
244.5885442176368
244.58946900541923
244.58880529108865
244.58878901537537
244.58822628758935
244.5890385664825
244.58866338076768
244.58899368772836
244.5887733678901
244.58887582142052
244.58851227715786
244.58984428842086
244.5882776259241
244.5895045846919
244.5882244289387
244.58886586301378
244.5883359728614
244.58853080613335
244.5878488993112
244.58922162628733
244.5886818485087
244.5889241215118
244.58838927126635
244.58800189205795
244.58882592752343
244.58873642956314
244.58880823975778
244.588079424233
244.5896181259377
244.5883647064329
244.58851630381832
244.58945957834658
244.58854916911514
244.58807049831375
244.5896002817608
244.5883671657357
244.58824213621847
244.58910823398037
244.58802036228008
244.58977716403024
244.5884158113331
244.58924271741125
244.58783255504386
244.58862740358745
244.58793931534456
244.58933287163381
244.58850591161172
244.5891673918668
244.58922291472845
244.58875868214818
244.58841972499795
244.58939081945573
244.5884829034767
244.5891905247845
244.58881979786383
244.588900575749
244.58755242245388
244.58936826337595
244.5889173849573
244.5890549056203
244.5884962635755
244.58880948145816
244.58867072836438
244.58939230063697
244.58868348118267
244.58938993538322
244.58732875794522
244.58942424104316
244.58764396983315
244.58879554730083
244.58860369154718
244.58859193164972
244.58908271389373
244.5890209430072
244.58809309877688
244.58955954026897
244.58848088812374
244.58913114576717
244.58923068793956
244.5889865425852
244.58902853781183
244.58890956909454
244.58896506993915
244.5889928957622
244.58884559407306
244.5889178776997
244.5884128901671
244.5893733920966
244.58893083961448
244.58920727143413
244.58908237866126
244.58913647182635
244.58876428396616
244.58870516551542
244.5892619912338
244.58882477170846
244.58779294759734
244.58900039174478
244.58887804485857
244.58881818880036
244.5893215722317
244.58864227321465
244.5874223398132
244.5894493516971
244.5873667553824
244.58934979316837
244.58907046429522
244.5884526725422
244.58925964431546
244.58849486555846
244.5886397766444
244.58891104570648
244.58862296392908
244.5884328984539
244.58892400302284
244.5883189383021
244.589312853117
244.5883623463742
244.58853896752407
