288.34026415748474
245.6776044636772
253.4381973173313
251.48220530377853
251.885453989491
251.79161716710178
251.8131878096251
251.80797374950907
251.809048673515
251.80920201221898
251.80787518043417
251.8092993624914
251.80898817594516
251.80954139722508
251.80913445156966
251.80990236646085
251.80926747630292
251.80974151136706
251.80881108924223
251.80944682139034
251.81008373982877
251.8092166563256
251.8092119249086
251.80819104637158
251.8091801059618
251.80910243306607
251.80862970470298
251.80840139228349
251.80839554035265
251.80983527977696
251.80874676129497
251.80918016626856
251.80881022702124
251.80933608868872
251.80897753795034
251.80937920110227
251.80864850267426
251.80955452838498
251.8094751986664
251.80917590992976
251.80850679848663
251.8094113469233
251.80821133411882
251.8100755452906
251.80815736204022
251.80982606315956
251.80960607190354
251.8095267015633
251.809112095023
251.80920053639784
251.8094976593893
251.80900671257405
251.8091319798623
251.80900711590584
251.80832169652058
251.80976368734264
251.8092804464868
251.80939173497245
251.80962600609564
251.80908796733274
251.80964683326965
251.80869101181088
251.80878260665122
251.80863692775893
251.80945375517695
251.80838894562476
251.80970391127994
251.80918084820587
251.8084063163369
251.80981444423014
251.80896405816384
251.80871661366473
251.80960395057264
251.80920943268575
251.8094170209224
251.80967409086588
251.8095133194911
251.8090128298718
251.8094912768138
251.80923078139313
251.80884930962202
251.80917082280212
251.8095477786337
251.8089805924028
251.80863841096289
251.80937577832083
251.80920202800917
251.80945000175416
251.80966169150634
251.8090981608184
251.80825374838605
251.8082662543311
251.80887866094417
251.80977613243886
251.809041612054
251.8094743445181
251.80862628590694
251.80953072838747
251.80961246539664
251.809472312445
251.80838879069051
251.80986263371597
251.80916344895377
251.8093057018632
251.80909728847473
251.809243373551
251.8086631254846
251.80938393162796
251.80926485154487
251.80974809401232
251.80904577577166
251.80924877838697
251.80964594297984
251.8092931296851
251.80868000390183
251.80960374607093
251.80888439576665
251.80983152168483
251.80878388926794
251.80873433296074
251.8087906345536
251.80960275098914
251.8094948823782
251.8089703928781
251.8094233054362
251.80908193771756
251.80943557417777
251.80948914634064
251.8093637911079
251.80925054075487
251.8088414042286
251.8090877270879
251.80931910246727
251.80883949434065
251.80956653803878
251.80882263318927
251.80915403745894
251.80942630639765
251.8096611164001
251.8087634118492
251.80958089284832
251.80975988418504
251.80902861915092
251.80976831515
251.8089074828822
251.80913337797392
251.8097085743575
251.8092059349292
251.80953520562616
251.8090970386329
251.80902657375555
251.80924184092873
251.808918868177
251.8083517073901
251.81002296142833
251.8094384975193
251.8085300214443
251.80875596174155
251.8097938130377
251.80879850122437
251.80936778566684
251.8091444850288
251.80888896195393
251.80899968877202
251.8093189741776
251.80964289703115
251.80826124339364
251.8095704257721
251.80905233320664
251.80878845891857
251.80847181825084
251.80991412693402
251.80964429907908
251.80911905954417
251.80977898962738
251.80941913330753
251.80862405855441
251.80948557067313
251.80879135345458
251.809683243584
251.80916599016928
251.80907762290735
251.80918971227948
251.80885778002266
251.80926791127422
251.80900761304656
251.80962504800118
251.80798983038403
251.80957501103694
251.81005163952068
251.80896139529068
251.80884645054175
251.8091591437842
251.808026808023
251.80994093997288
251.80792200889846
251.80946310953004
251.80911487547564
251.80936971624033
251.80922763294075
251.80952973682724
251.8095078587794
251.80942367085663
251.80953126015083
251.80870944693743
251.8092462306813
251.80900338110223
251.80949601305474
251.80890075249772
251.80990521682543
251.8093687017972
251.80956373628578
251.80907673035108
251.80900541963638
251.80921769126144
251.8093296013394
251.80894095091207
251.80964018603845
251.80858876998536
251.8088602150965
251.80935176630737
251.80922207470576
251.80930253425322
251.80873260357475
251.8093407064589
251.80930340221676
251.80937118375732
251.80975831767137
251.80839840997942
251.80928014141682
251.80914094338368
251.8091425545863
251.8094797130325
251.80927446944406
251.8088355547079
251.8099287697114
251.80932853416016
