287.64916462557085
239.54778275083441
63.31050414612321
231.77414132639035
76.98365194433336
225.0613472718503
94.09412055184521
188.77957399800925
203.18733287289115
223.4937339176572
254.00768073542804
246.97914883757403
248.12952834450698
60.47792759083222
228.93123235869825
83.11748090427682
219.75510930428118
110.65817608058296
72.10698572755427
261.32744172364255
244.34325181964505
54.47616154439493
234.13466980612702
71.99000942542352
227.71219711884987
86.59690393475012
214.73145330132866
147.60083374892474
269.6732651829634
244.00230678472417
59.69851766237662
231.63344092195257
77.29018582480057
224.8107870281019
94.4858309989304
186.43952706495838
204.35676248904383
222.84857090871265
254.2004360100509
246.94973845041022
248.13360449320862
59.27437299884514
229.77596240469393
81.24092765587557
221.65766353092113
104.20752375935444
106.43140580944419
253.71162698295484
39.24599225779457
265.6482714262838
244.4666927760136
58.969130193958335
231.77770954333755
76.97622811672773
224.9875963767863
93.95133290269041
189.89947849250711
199.64928948234956
227.59563882315706
253.02912888254104
247.13093206081248
248.0919379262923
59.43275380252453
229.68500639284503
81.43929234682219
221.47324102941639
104.81679728153904
102.4555923424814
254.77809724821418
36.561008860968286
223.93137723391192
143.34000441806347
214.92238095703578
196.13518160560852
223.08051994502603
254.05710886694578
246.93611431570025
248.15308440185981
247.83432534753592
55.95654362989444
231.96277859972906
76.58788475625624
225.1810247386784
93.32176344497566
193.61059319497144
193.60110547489967
232.32797322601618
251.8644071466224
247.3135958042658
248.03693309415758
57.490865756924904
230.96803221379014
78.6724124149514
223.76353591830048
97.52480205171014
161.54222684725028
227.22350463541807
141.84429816338525
220.6588608005368
191.08965474416982
174.2917920422624
266.9335038752033
244.59060306206447
61.30980541194367
230.25815535114089
80.21523215778507
222.63552841207638
101.11205650448392
129.58847949435585
245.82572613688535
56.016828808882565
262.46058291603913
244.9435240618841
55.60760747995664
233.40824190139392
73.56223070790656
226.9536421100711
88.48642510578793
211.21975762186412
150.74135735934033
269.5158615367327
243.75474135178592
59.19115976536705
232.02211800737132
76.45399987627388
225.3422084858248
92.94955478233533
195.6286373864932
190.44974599899433
234.2826908704228
251.37615440046648
247.3900480193115
248.00429566110688
56.422927114297636
231.6243296617613
77.29337783494702
224.72484442180576
94.64591014992038
185.29193212895188
205.46783471659
221.6391547937892
254.5033140002779
246.90328120606864
248.1440979363324
58.97944153831486
229.9702060658965
80.81668165466544
222.03994688179955
102.95641067760153
115.17684422199818
251.11123630024667
43.91081335585477
264.9918030599729
244.75338272785302
59.631564855117176
231.24398403207306
78.11061072938901
224.22299772084807
96.20292067203263
173.25812852811214
218.07455806736107
192.71444806311047
171.6134933045687
266.66825534257805
244.76154391413002
63.214537981424655
228.79196480665996
83.48916553804156
219.41470280079375
111.94078731901391
66.87095549086371
262.2868782565856
244.54107823040977
54.519071520371654
234.08654460800608
72.11728630019934
227.66867030048888
86.67581650471402
214.6608509921134
147.6649529095812
269.62514154522796
244.03388196008746
59.76432852166181
231.57959744242544
77.40486450167373
224.73485688013898
94.70751911583648
184.90709242849698
206.23985286422976
220.54296848188096
254.76731357692188
246.86228871600906
248.15374300601252
58.946286008715106
229.98851189444395
80.7773579087443
222.07484902047145
102.84343429757428
116.00578941681306
250.8425640284404
44.43523649022245
264.9004434172748
244.79780535157624
59.79547610878217
231.1208181921902
78.37330759716133
224.03643622519303
96.76414619695424
168.41581933350972
222.19608443722973
172.31973332953203
195.5269920777646
265.03417284407624
244.44194066289492
58.98774506271002
231.7512075735649
76.99635603477509
224.9779614160143
93.96020926089841
189.854752934516
199.6517507284516
227.61076997070631
253.0263253479934
247.13125524125644
248.09096757728548
59.34964729537023
229.74273258856556
81.31277813185443
221.5908912273444
104.42779548517865
104.97287929697632
254.11129208753118
38.533351540303556
215.65007994497864
191.89854879870836
169.22998486582946
266.9151315702329
244.79930673092167
63.708259458748216
228.39378834312083
84.40783280610776
218.28398420154554
115.97449573502672
51.161026087007485
264.7814564010041
244.77109454220044
55.0709884434109
233.79567414650228
72.75636655111884
227.37675802662852
87.38742424488737
213.47309192662942
147.1444765931592
269.6514970501303
243.92835649226618
59.53833029526868
231.75672276684782
77.02472189890977
224.98336392042984
93.98244906270702
189.72489213330846
199.95275289920392
227.31254737937707
253.09853844632744
247.12062004799373
248.094267130582
59.48702460882487
229.6473485914903
81.52273931005038
221.39479175038286
105.07724956059246
100.8108685061161
255.2001397717395
26.70567583819502
231.88650032841542
96.08316586530418
249.7128885629354
46.005498275742866
264.12807679438265
245.15937962672615
64.8010928756994
227.22287788090762
87.18820461681753
213.8030960879987
149.16131723645958
268.7538054341421
244.601456522636
61.98435574771429
229.85374972046702
81.13960062085243
221.84551325744542
103.69041489119991
109.97046231024433
252.7797963569028
40.8495001357951
265.4820811699319
244.51661116575997
59.01452602892823
231.72792465913517
77.0836104235641
224.9174724319746
94.15439632293419
188.61146752431523
201.4495435605786
225.93068543405388
253.43992032344977
247.0676794541214
248.1072435324313
59.49582667960203
229.6360597684834
81.54790882008092
221.3711253861111
105.15561378806888
100.32231694708753
255.32345866799005
25.904672670192667
233.8945071970811
85.35322039249877
255.18500490882434
37.327784264838556
238.16224294817948
63.715098920467426
230.60030728652782
79.89229733003594
221.47190752800088
108.56084019000991
77.71592565755418
263.9651910386019
245.5430902573862
248.4519741939439
56.164200544852065
231.6096266683162
77.33473337517353
224.6987089334143
94.71762259826937
184.79321450430143
206.0296707196685
220.95105013270222
254.67305836535525
246.87716580125561
248.14981692923175
58.865128553137765
230.04373288205534
80.65654750802787
222.18047553311044
102.50086166831898
118.5616710697359
249.98829399212264
46.16491428909649
264.58345323953836
244.9520917676855
60.57502283064241
230.54416903147649
79.61334707280912
223.1019937233068
99.63918178032327
142.26318585450645
239.52817037931527
76.64725955207541
257.1998046464141
16.119283439707942
242.83399831384304
56.11086799374607
233.58426996816706
73.01015372393886
227.04660946859804
88.6008932228724
210.26708834635792
154.77992810842989
247.37490703524963
49.057564939692384
236.1658182402025
68.41109105249052
229.49240927053324
81.96771815858665
221.05220683860534
107.15386960917385
88.28870751109207
258.88694167576614
10.150894762569806
243.6166112103092
55.097183779551415
233.95049378393742
72.29936743626604
227.484581211771
87.3186375504738
213.20415780480835
146.93187801685417
269.8801382249949
243.70137502087164
59.21764290273131
232.0389218479104
76.42254050617339
225.3631738373224
92.89357642573304
195.91664649467566
189.93225710027036
234.59170829229697
