287.8807580435907
64.09351008481707
244.37262758095267
189.95835598317774
244.8149342453064
189.95409542409834
244.49229150180645
191.59848545743716
243.65242473609942
194.01282867717373
242.47863792042517
196.8743464190752
241.04732888807257
199.99088702108156
239.4082945489281
203.1909383212742
237.62501135633738
206.30789184678088
235.78058629371753
209.19705591136153
233.96748936320273
211.76150056333154
232.26888495910498
213.95639314218715
230.7415272476992
215.78703966044577
229.41200214317723
217.28567776110322
228.2825642338521
218.49826280699017
227.3398166833158
219.47191769481105
226.56287578571937
220.2502423290789
225.92841454009795
220.87095051530014
225.41321507953398
221.3656079853954
224.99683912900218
221.7596129523099
224.6610762813416
222.07355485386688
224.39136268476977
222.32335122181394
224.17480665387484
222.5224480558154
224.00133122230181
222.68112947629015
223.8622773845036
222.80757408196223
223.75103221685094
222.908446264546
223.66233221281254
222.9888501533278
223.59103132822202
223.05292154534254
223.53422546222282
223.1039394460604
223.48902169713983
223.1447155074893
223.45274389909173
223.17713654269392
223.4237742062178
223.2032057292854
223.40040580634377
223.22421047660464
223.38182385274922
223.24081702108015
223.36702219168728
223.25424394503352
223.3548628249955
223.2651464150149
223.34533720717081
223.27365873050803
223.33756137164164
223.2806940489536
223.3312519764113
223.28610858564934
223.3266391720972
223.29030155658256
223.32269537541652
223.29392201970768
223.31954660321935
223.2968520930117
223.31691115784997
223.29895425795985
223.31506787415128
223.3007071864704
223.31355305588295
223.30202736433057
223.31230545878134
223.30315432888528
223.31129256179702
223.30399322654557
223.3105822087564
223.30474403087646
223.30990381195807
223.30545642130528
223.30919417297991
223.30586383113405
223.3088564101854
223.30622892754764
223.30874215270524
223.30627435929637
223.3085640726713
223.30655823204143
223.30816987333674
223.30688885007112
223.30795482922258
223.30706765354262
223.30771985672618
223.30721129303856
223.30761178505782
223.30720002837916
223.30775998486206
223.3070784027368
223.30780436821806
223.30703369501134
223.3077504227258
223.3072330223731
223.30767662533617
223.30734914422646
223.30747607284866
223.30752954134368
223.30736205678113
223.30757681211253
223.3074488278653
223.3073866322302
223.30703334532882
223.30822049604467
223.30658763942483
223.30827197989856
223.30671488238295
223.30805100034922
223.30684352826938
223.30800351261132
223.30685405329132
223.30783878781222
223.30702809978538
223.30795175395906
223.3070690488821
223.30774349984858
223.30718354640703
223.30769074178534
223.307390688562
223.30756277655018
223.30744338725344
223.30744300467632
223.30726618493645
223.3075863707054
223.30745397270948
223.30750615511351
223.30748098078038
223.30712502293318
223.30778897870914
223.3070957383752
223.3077955764602
223.30718710478686
223.30748535186285
223.30755938436778
223.3073223573665
223.30737951274932
223.30765325488755
223.3072878990497
223.30766826296895
223.30741713075258
223.307490658015
223.3073751086631
223.30755394932203
223.3073491086252
223.30755595199298
223.30746390193963
223.3074400280384
223.30735307464784
223.30768336822803
223.3073384157251
223.3074365024877
223.30748533410224
223.30756719448254
223.30736011711997
223.30760188461863
223.3073960539914
223.3074930542498
223.3074525239499
223.3076188907362
223.3072254131257
223.30767539436783
223.30737400284124
223.30765933991643
223.30720747393934
223.3077194415091
223.30732653054292
223.3075755089958
223.30742595750053
223.30760963085777
223.30730066506658
223.3076200610085
223.30711175048054
223.30772808223992
223.3068888285634
223.3080634277576
223.30682631371747
223.30810636172828
223.3067871934618
223.30803878033475
223.30688645318878
223.3078706977176
223.30704942026932
223.30770008414402
223.3072703621874
223.30763982421195
223.30720127488894
223.30780129198683
223.3071623274882
223.30767395604926
223.30738319276134
223.30753854074283
223.30742366524646
223.30744692454755
223.30750523843744
223.30742213013582
223.30759457747627
223.30716381729872
223.3078611685487
223.30712457795744
223.30784923669125
223.3070895060955
223.3079020937148
223.30710064117739
223.30769077855803
223.30747223287472
223.30755633632361
223.30712332941766
223.3079884161125
223.30688249166997
223.308147877804
223.30685898936645
223.3079781167762
223.3070392326481
223.3078764937236
223.30705461511388
223.30782833079866
223.3071369278914
223.3077994867781
223.3070123764628
223.30759774069884
223.3075493597571
223.3074382959312
223.307436498304
223.30754787703336
223.3075225855573
223.30753264312807
223.30734272465634
223.30755194711674
223.30737025690905
223.30753237729368
223.30749791074777
223.30742628508597
223.3074651689967
223.30755368100654
223.30741960919113
223.3073034222034
223.30747407113086
223.30754552535655
223.30721986715798
223.3076686810964
223.30724942072993
223.30754744236765
223.30744794396742
223.30760692250624
223.30738085857593
223.3074297491694
223.3073518787278
223.30758785027137
223.30747993277328
223.30744633817812
223.30755126547592
223.30747141884058
223.3074288546195
223.3078347521223
223.3070865698537
223.30776810769748
223.30721725684998
223.30767486109107
223.30723642057274
223.307654559394
223.3072168684157
223.30770930949075
223.30702445289353
223.30792955683137
223.30707489563792
223.30780754033185
223.30705973692238
223.30790855249506
223.30697038244398
223.30799435004883
223.30695725156693
223.30789548288158
223.30701691676222
223.3078964974993
223.30708639243676
223.3068608916219
223.30846020992612
223.30648413249583
223.30833552210242
223.30659453946282
223.30832729738904
223.30668348861218
223.30821907242353
223.30665593406593
223.30804392934078
223.30703798144532
223.30778752473998
223.3071159979154
223.30765901827544
223.3072610765812
223.30746149009792
223.30773072387092
