287.2419518913451
86.39808167549222
57.06462520273561
259.419449215172
37.577059314711505
224.8006362941885
101.20687244933197
7.875113896397352
244.53608875535383
56.081546332078005
207.67956111909461
188.2165804231572
72.59731108585083
255.0238705558054
45.04025043367483
218.36005247502362
124.94867651539926
242.54621267404127
210.7524339877732
179.0022204048396
96.33448683825463
16.36953118770907
265.2298743517176
171.18865525603906
127.1135428502048
256.5121171213377
189.26185566973436
224.07474045700292
106.85381705836517
223.7926338145826
104.23215011262164
9.645825239567785
256.23070417063536
41.57261290477436
221.66082298768106
112.40079021204201
244.84209722960532
58.44257505104724
200.41791174106766
191.34040356805235
250.4492708049147
196.06156726001245
52.668325008397005
220.26213611477215
121.59163817728586
244.1655735245149
208.86112858167508
187.17980048696154
226.04125047345224
101.71885880356422
227.89298061240333
92.52390355176976
29.098653860233753
263.17439750742415
177.96906082799978
232.23618593586434
83.25533258279756
69.33374104479117
197.6907581577252
222.1520292111727
141.63909045612127
247.95620386305563
52.101676848573334
212.4551133647401
170.94205081653854
165.7276615953706
240.32289651754945
66.21280371977628
141.59022684220508
239.31148573186329
212.2093718798933
183.55294869159115
222.86208443116084
139.34198889056643
245.7561825158191
55.981693534879014
244.05951843684306
64.15765411862594
151.61050398594307
242.43569613989166
65.28571945570002
253.82154510464898
45.46636732326442
218.31031147878093
125.89242819010906
242.17136862357074
210.5973875334057
182.09991510022155
229.51590025245605
91.32360082620289
233.9691310545204
79.09234250764712
77.87063232036598
242.30780632282404
74.53682327858769
254.16766310000457
41.43385020081405
257.44254662992535
191.12579758219
219.6345142109385
136.83492066991676
232.57630786634036
82.19181044676952
72.07044621757086
153.99828131370668
12.885382671494881
244.43158208294335
55.58147417350483
255.97488249916933
194.97794946600698
212.52464562435125
184.3947015283302
221.81010603532923
233.56663030025084
82.06220558216228
61.03291609453663
254.0134197398147
40.95362101526189
244.82295382532538
54.898326098595135
182.76813156327262
236.81044779274453
216.91835781486225
144.2527410942821
228.65752231548686
91.02415088675843
46.552375545063114
252.6209386442788
200.92475847041715
204.17764904171054
206.27660531248694
182.11898061204192
106.09232904283999
253.37024709792968
42.93288931744246
246.56543184083785
61.52850093557936
163.1965871177963
235.46278307789908
228.09856857401974
221.01189330135458
137.64608312779092
247.2298764821535
52.9010228090483
199.39187115694222
43.36316182127484
257.1174741669165
38.72786221138085
223.9539820282007
104.30732527591317
246.18142650802474
208.55462748638092
180.71874956516695
95.50849531222775
231.03087762653013
91.31519078969723
214.60558670106548
198.8022971330356
239.959500714147
67.26567821993376
135.75743941666587
255.70829182945454
187.82344366902544
70.10233823145973
153.5191269675197
247.25085304840468
53.07982524874387
199.9819586098165
41.88526341080433
256.4924680929398
38.31154073527432
221.87823850165296
126.69717500572006
226.97337464084558
249.23478234169306
49.787832520996744
215.9199979248515
131.26220698218094
240.2216558583168
214.42382578256365
155.4402104334804
217.290910175936
132.80297895345575
101.69733578952582
253.990077163151
42.12702523315238
243.8141538626005
57.403803141147364
242.8351191361362
59.85292817780282
197.53839688395237
207.6949795625842
11.354544151101436
252.3509642959616
200.68655099497118
202.74901066632447
43.270502016057435
226.26322809521662
97.08007245027693
17.282623147657432
255.8571838787102
41.33879837794666
222.1252832721584
110.37073960823909
245.2424448755046
61.0094903737845
179.571153504432
224.61628277220007
243.93124453044584
220.39560560999234
227.362271814447
101.85135047855147
209.37821702909423
8.671946400987508
260.26192989033734
39.66854095648887
221.36584217575728
114.29120165146014
239.35564981555217
68.59942186434637
261.110228439793
185.30396423459024
225.06262994655845
111.7190164639469
176.50056018276518
164.2398677937963
252.13677511015703
45.45498843727546
196.24642869093805
248.2462733935463
203.78725705716352
195.80588068711222
52.062335256370716
221.91945839656546
117.90117831054522
206.5214117727519
163.30532308066176
220.78238365356083
120.90330378658837
263.92945101282385
171.98788328914816
124.18200810060807
244.2014832388595
211.53253936396504
163.50793722394883
205.69971718700253
164.5769217787747
216.82712753248052
231.91293226773996
89.8368220329794
227.4111331161912
111.97987936784193
253.87244639152777
43.31324286569725
220.60371398113057
120.72783697665727
187.60354532897327
208.2970574167557
216.11894562454836
123.22519166312122
256.12180680650636
191.57998703355406
220.62296078922373
125.1775748982036
131.53342117302236
241.0553770075494
65.67825441909372
170.5204702549163
234.5801147750317
89.2710186845652
232.35612493407825
119.92313520389871
233.74624578446674
122.5123672707341
236.61986238790269
102.68368113665201
240.27737824196083
87.2440374456055
249.033126909555
220.59442059637513
116.77167071217264
246.83454608423926
220.31978383284877
228.93779384429217
92.35453057877021
232.81180108853732
80.9774910802953
71.9489176646166
252.09980717796134
44.21131112232979
257.3533149005525
189.24300612746447
223.04868513869587
113.7466525886266
210.14079588119057
172.64574301931134
254.77900996728567
193.6598843702377
218.73047229621443
132.36814169037098
89.24422281765146
229.1481656991673
250.16802074068983
200.6204308152519
205.36148449587927
202.61025130731286
197.069773147683
49.23960020605591
247.76761084583995
56.59524633396359
199.95453022411675
191.71221937944938
250.304414368351
196.45181508401583
52.41429580570548
220.33880945885903
120.72322890191572
244.25937620752666
209.66395300645672
180.45544146744942
91.45450349095336
48.035466614877805
234.28841083716543
85.19966173599823
259.2044965940295
39.53916623588884
222.13800393334532
110.46836310623621
245.24024779789033
62.6626574772672
160.8925636097265
236.1154363889509
227.92900406302942
94.01000071463932
18.315463802966406
262.87223084997095
182.14884181055822
227.5444605841476
102.211564160345
213.15719891664048
252.24572176583752
200.42454870486108
201.8124948918121
41.78482993852231
227.44691820935986
94.33008801162941
40.75562094374618
224.76253834477393
149.28979484374577
254.2091930295428
42.37938890553778
219.41941035843047
141.4741569944017
219.70874479938357
251.2224876422988
201.79589482014126
197.77777106357098
47.66931508781272
200.96519676646858
247.4111121797323
203.62827106374607
199.43042142750346
213.81947364890948
149.80095409994829
25.48168875023839
249.7253239617712
46.870162363906275
256.5692662667134
193.19300408313575
216.13830047033844
161.86560518844635
240.84298037514964
63.97690831402724
173.09877601511835
149.35600039224664
230.62240542267682
87.95317918049113
51.49173667059222
259.90071596008784
38.34992859764316
223.34860112956085
105.53365336846036
244.54569143083063
55.923323129318305
208.364926739785
182.5523527804762
101.20479679807613
256.29749534137954
39.345330622789334
222.10739015550644
122.48480563108751
240.56959695456317
65.22857561762794
172.69227349376888
234.85054620992742
84.47695908400055
250.29091156418144
48.649015314673306
216.6012250847416
137.0503515334567
75.8143799607351
262.2037644408847
9.597047530158306
233.55771690583788
78.93800496059703
81.96004155314586
243.18360246178054
59.70684550778242
200.66490079584764
203.59225054144918
24.131196232439834
250.92085927919834
47.19306458476058
218.446450260235
125.66827402429772
156.35067485368927
224.4550465897628
240.62883650214644
207.93756522786862
198.35041589170578
193.05499358981615
228.5308666000201
223.28415141880396
116.31369203586655
172.53681836641044
