287.953635629346
88.94486328737497
238.27249002297435
219.57576050205535
233.402336012035
223.09643437981094
230.71897109883707
225.2467126497172
229.2238363468132
226.37951477404158
228.42999979764363
226.96330078732262
228.0170433476087
227.2629638231756
227.80376095408246
227.41662746944712
227.69411546158062
227.49544764525945
227.63784363950435
227.5357623177233
227.60896617609978
227.55633308919823
227.59417312059213
227.56723000170223
227.5862248818721
227.57287137434923
227.58223029857072
227.57477573396682
227.58120754204174
227.57640969277054
227.57985540414302
227.5773636867325
227.57918097340735
227.57747539547745
227.57950986365722
227.57769581330467
227.57886175347085
227.5781066282034
227.57848970307532
227.57842743074434
227.57842577331394
227.57857891750064
227.57826183906036
227.57852972638284
227.57839268594762
227.57853196834185
227.57826011235193
227.57865860371385
227.57822511506674
227.57863919483862
227.5782676063518
227.5784771643048
227.57827138239736
227.57857022723329
227.57815536841736
227.57855764057604
227.57805114202347
227.5787694154642
227.57820596248712
227.57849885241012
227.57819171404844
227.5784959570592
227.5781427982365
227.57857253978727
227.57835331268143
227.57828136757234
227.57850245623922
227.57809112347968
227.57860628023263
227.57824557911226
227.5784319841332
227.57819982300134
227.57843424372913
227.5784471846746
227.5784359736026
227.5782481492497
227.57847220326585
227.57835886555768
227.57845115446253
227.57835204372532
227.57855960793313
227.57833721467614
227.57779939598913
227.57912893587854
227.57782798194603
227.57885743041697
227.57799026208522
227.57870996664496
227.57833598940852
227.5783721699554
227.57862838507572
227.57831970846382
227.57825037507064
227.57850786374183
227.57829172925994
227.57848401253068
227.5783362221664
227.57799174473257
227.5789282514961
227.57801471860512
227.57879556544867
227.57821824371058
227.57853523303493
227.57831240619998
227.57845883216942
227.57824921179417
227.5785353386891
227.57765139407275
227.57903166501637
227.57779498776654
227.5788350281291
227.57802800919308
227.57868602039525
227.57817943217378
227.57854186231998
227.57812276257027
227.578604635979
227.57827428552264
227.57863411419385
227.578201945209
227.5784787112134
227.5784270195145
227.57841788746737
227.57831647693092
227.57848659638694
227.57829412375577
227.5785095746105
227.5782531365403
227.57856043454376
227.57832706002227
227.5784883384331
227.5784102629259
227.57841438773175
227.57832434940065
227.57856240428373
227.5781065739211
227.57862052810378
227.5783093630016
227.57823629747145
227.5785689726108
227.57823752152763
227.5785519072815
227.57820616050594
227.5784993887646
227.5781931540405
227.57850810520176
227.57837449629733
227.5782682026038
227.57854888297152
227.57830956887483
227.5784696886185
227.57844261843275
227.57843731848698
227.57843140343903
227.57850360914745
227.57845819893555
227.5784232848091
227.5784387688036
227.57836631697137
227.578506852813
227.57820710937085
227.57846607488318
227.57830763772654
227.57853654184146
227.5783400695218
227.57834219164215
227.57867566469213
227.57808356094756
227.57843533543928
227.5784859527339
227.57825441573368
227.5785103065282
227.57823893208842
227.5785954240564
227.5777530725827
227.57921260580042
227.57784423699195
227.5788231426195
227.57814245818736
227.57846361418342
227.57841004631337
227.5786307278904
227.5781952766556
227.5785487224639
227.57816871104296
227.57877873553662
227.57807718749245
227.5786612351003
227.5781587800011
227.57867711650033
227.57807308633346
227.57867580940365
227.57805058810482
227.5786936104123
227.57821437909297
227.5784427876206
227.57844841438782
227.578521821677
227.57825216272613
227.57845701593033
227.57807627553848
227.57884056437615
227.57782559834595
227.57892858651758
227.57777000841452
227.57902198805823
227.578023542781
227.57848333010043
227.57854060943646
227.57807370407681
227.57870223460486
227.57823255305993
227.5785534970637
227.5782327419438
227.57844698963163
227.57839785312535
227.5782785906922
227.57839899678947
227.57836087686883
227.57837492838735
227.57848154832027
227.57825949345715
227.57846461751615
227.5783194956166
227.57830826555437
227.5784218695917
227.57845773939334
227.5781507576321
227.5787901868316
227.5781805449369
227.57860708321095
227.57828587856784
227.57822744669102
227.57852788125456
227.57828662636166
227.57861736883933
227.57825545672677
227.57855475728866
227.57817930661258
227.5784891203948
227.57840244060208
227.57843130541733
227.57825946343655
227.57870805432322
227.57815180574835
227.57854800279893
227.57817916898057
227.57852604177606
227.57831276745128
227.57847345135815
227.57805699617893
227.5783800866193
227.5784671568108
227.57831334572984
227.578437304197
227.57819570903666
227.57848831414594
227.57850298257836
227.57837634871248
227.5784175877634
227.57760545071505
227.57945478516922
227.57742983945354
227.57920857363206
227.57785011328815
227.57883798581315
227.57808128815668
227.57863525669381
227.57829782321642
227.5784035208344
227.57842172584787
227.57843846359174
227.57841270111385
227.57829412439605
227.57833938229305
227.57843471439264
227.57830062658468
227.5784827736934
227.5783723356144
227.57784525718307
227.57916610014217
227.5777883703704
227.57880912812834
227.57784352326416
227.57887692957593
227.57787848020962
227.57862316712271
227.57826194581867
227.57845412053575
227.578505033307
227.57829579849204
227.57831267971778
227.57807885768125
227.57864055492973
227.5783232140384
227.57843097450677
227.5782672847272
227.57858439568372
227.57811905750714
227.57819361287693
227.5785255486844
227.57827497609833
227.57849719793012
227.57781399335363
227.5790494337707
227.57763718644856
227.57901205020607
