288.33970330031605
250.01743620059335
255.6733228435662
254.43108393752254
254.65401221654338
254.60879829286569
254.61728200954485
254.61615720705595
254.61607419229813
254.61557707539396
254.61681797855636
254.61549876131994
254.6160567096913
254.61633016875294
254.61562750868234
254.61638763152132
254.6152692577125
254.61665238743808
254.61560388389807
254.61560014713905
254.61588997062427
254.61653222387213
254.6162603635803
254.61609575520743
254.61539050008287
254.61653027715147
254.6165807863581
254.61569904422504
254.61646508808008
254.6164285950963
254.6148716396583
254.61709908686316
254.61596897469462
254.6164413573715
254.6164414815321
254.6156198406843
254.6163752075572
254.6163081625873
254.61605429191695
254.6161101499274
254.6164815778393
254.6158419059684
254.61522965680706
254.61691445376346
254.61640783060648
254.615591291702
254.6167690845905
254.61608755968336
254.61515073773262
254.6168189234304
254.61614689650378
254.61601791176508
254.6164577731397
254.61634392107226
254.6152756507763
254.61659582053107
254.61592532280702
254.61599613088765
254.61624545130326
254.61608691249057
254.61617427563397
254.61660321470117
254.61571558530704
254.61675723461303
254.6154318595618
254.61656501770267
254.6161019543688
254.61682048856164
254.61519970994414
254.616370459069
254.61631152783593
254.61561366661044
254.61556636627938
254.6158140181651
254.61644519614129
254.6165437812524
254.61582262034062
254.61611022770376
254.6159862052009
254.6162976889318
254.61647535827797
254.61606632340408
254.61674111160391
254.61583199530287
254.6161833277656
254.6162299991338
254.61605539781158
254.61607871065644
254.61611797085789
254.6158851120199
254.61622346200602
254.61514660473767
254.61639290855965
254.61550548506057
254.61576518468064
254.6164094951455
254.61646376233693
254.61662620389689
254.61658429860836
254.61606635710632
254.61611415127118
254.6153526806811
254.61657679658674
254.61624161370128
254.6162136516068
254.61587286424037
254.61610917510552
254.61594249014888
254.61618911530968
254.61646234074578
254.61658204113337
254.61656224323815
254.6153827740127
254.61608403721766
254.61488162446767
254.6164319997697
254.61614063798334
254.61631488008425
254.61654311142775
254.61633769279433
254.61587944882922
254.61576293008693
254.61609773481177
254.6159243843067
254.61635494780057
254.6161093862538
254.61646489534905
254.61640580797393
254.61541135165317
254.6165051807111
254.61625053314492
254.61640284053283
254.6159982635072
254.6155676399212
254.6164889421052
254.6155091481487
254.61599612692953
254.61636881337472
254.6163917844824
254.61623794885963
254.61650615521648
254.6149422894523
254.6163483737837
254.6162222361745
254.6156808805099
254.61604992570938
254.6163726824525
254.61656630720972
254.61595863150433
254.6158774438445
254.61601590979262
254.61646942472726
254.6158637348708
254.61652120685903
254.61685231584124
254.6158005224279
254.61608526560303
254.61571308082785
254.61653745350486
254.61621553986333
254.6166641251475
254.61655485862866
254.61621506921074
254.61659206729382
254.6161712268222
254.61561014574545
254.6160708709358
254.6156886753306
254.61578562638897
254.6163968995097
254.6162349491642
254.61561166211322
254.6164776643418
254.61547238989442
254.61648104706546
254.61572965323285
254.61659007845446
254.61551229505858
254.6160707654053
254.61587172406144
254.61650650914817
254.61544585654337
254.6167411392089
254.61605197828612
254.61586296469613
254.61516546894563
254.61570013000164
254.61691136762965
254.61562537180725
254.6163634214463
254.61607545943116
254.6165735454415
254.6163088743342
254.6160576219845
254.61600233215722
254.61591936009063
254.61653812178702
254.6159157611255
254.61607396059844
254.61585949567962
254.61654539519805
254.61616707633948
254.61584491693066
254.61492975875444
254.61606481738272
254.61548960189975
254.61638133981614
254.6158513151313
254.6160031104664
254.61667334311642
254.61591201502597
254.61617647716776
254.61686521819502
254.61532295387588
254.6162650444021
254.61601143263397
254.61471197249193
254.6162164255802
254.61646196241782
254.61636936957075
254.61571725510294
254.6165576797357
254.61592398639186
254.61618216871284
254.61617354636837
254.61616226642218
254.6157071779744
254.61567373893922
