287.9292994989744
269.81454398837
270.4298767833693
270.40082993651663
270.4012612881588
270.40149180161643
270.40182093134854
270.40171499275675
270.40183940561565
270.4015540483342
270.40224339470205
270.40141833495363
270.4014108491856
270.4005613861418
270.4019171721793
270.40163784144534
270.4016468708214
270.40169413172225
270.4018869398915
270.4020995466799
270.4017099021439
270.40170554685574
270.40184608079835
270.40045647456645
270.40164211581396
270.4017746168847
270.4022629877127
270.4013326150798
270.4023504326833
270.4010494271424
270.40085517215266
270.4018692540776
270.4016677710315
270.4012841962358
270.40067586605073
270.4011885230175
270.401943947385
270.40179448794515
270.4012947061019
270.4015938782468
270.4012764799336
270.4012928277698
270.4021376107994
270.40193386375176
270.40116472958107
270.4021813850959
270.4020059970244
270.4015624440981
270.40200163261034
270.40132217585415
270.4017375156436
270.4020087625795
270.4009455066589
270.40143718613035
270.40205765807696
270.4010983043954
270.4004667257286
270.4018536385811
270.40145090998703
270.4019281276924
270.4022399228634
270.4014069109253
270.40169103315566
270.4021371318886
270.40202242691885
270.40188564588607
270.4021902925815
270.4012281933319
270.4022437070016
270.4019930533177
270.40057055684883
270.4026926463266
270.4014992081429
270.40159046433837
270.4006183056408
270.4015718165683
270.40186720048223
270.400151761889
270.4014985266331
270.40216171127395
270.4005192947807
270.4016324987315
270.4001227640547
270.4011767778138
270.401311777161
270.4014397090941
270.40276094122237
270.40105951889564
270.401536823083
270.402537541544
270.4012418281054
270.40140408651496
270.4016444371591
270.40133127732406
270.40232617984293
270.40185762322653
270.4014827856736
270.40217029375344
270.4013146588477
270.4017656329088
270.40156460506114
270.40257287880377
270.4016393007769
270.4017975139359
270.40115945178695
270.4017991938017
270.40148898703046
270.40250669629313
270.40167908387957
270.40200904335506
270.40188548277365
270.4004368728638
270.40149140438734
270.401433417057
270.40178489072423
270.4009857505589
270.40142864218797
270.40096399099275
270.40134399321687
270.4022445824812
270.4017438343435
270.40095795363595
270.40169075128506
270.40196826920146
270.40107106116193
270.4017072823917
270.4021554512001
270.4003727967938
270.40186310703575
270.40155639560544
270.40241940265696
270.40200371282117
270.40194264397724
270.4016811614565
270.4013647309039
270.4015087183943
270.4011539291532
270.401976212539
270.4011232209159
270.4021844540257
270.40028672314656
270.4008787314233
270.4013331837923
270.4017334272212
270.4011824900808
270.402029060584
270.40132685408753
270.40041273945826
270.4020197633654
270.4013376017101
270.4019133339607
270.40186329418793
270.4020336096728
270.40218348198687
270.40147661637457
270.40196382190334
270.4022869858163
270.40123564332316
270.4016398742824
270.4023089569091
270.4001476796111
270.4014295035595
270.4020479419851
270.40214009117335
270.40177789611334
270.4011801129236
270.4016893868684
270.4019491904328
270.40162743712426
270.4012220137811
270.40142422968347
270.4012895588676
270.4017528174154
270.4015009630384
270.40181727104937
