287.6292750802767
238.5374648939528
166.63426788224058
91.5049285416519
249.96762523470784
117.22802826766838
238.1757709522724
157.96116992320754
166.31044571325765
246.90631799133735
155.4342868049357
250.99982581725226
120.49792737691996
234.5518005433437
184.68610159364107
242.2604461533747
145.99940291563053
212.39831573871652
222.08431761897737
217.06087659504465
215.8654311084947
221.97024436280935
209.6354116176908
227.28641272604727
199.31182342981356
234.90725067030235
173.65982352181527
69.03767258074276
253.70775239222166
107.52526865097934
241.64633858884008
147.62759649072723
209.19124847068633
225.04045769515142
213.49000734251604
220.08025918116073
217.21324586400442
216.811738422879
220.11192165061038
213.5833383532754
223.15470052889395
209.05560342280842
227.2587233934355
200.64344167144918
233.74929626408266
179.73899907943087
53.06841995085415
177.32517508211822
69.24011936372335
264.31844412539976
86.50544081300541
245.5169278742269
154.67436752990398
251.05770415194638
119.91388528073367
234.9273365833178
182.90672743366486
243.12699679958132
141.948845321298
219.2018286248749
212.9891127245137
226.53091102036342
197.39102668736814
236.7878939546681
163.10361710143843
125.25409417548872
258.0972478894473
101.27306839565063
242.4776519793013
156.77774204475645
124.35782686027233
239.2735308394549
161.96350491892008
112.70040193375098
244.29423224383572
133.34658740869418
229.9281250948261
181.89718676766643
50.05021154028145
242.77157423609242
253.56406107955263
97.3516167418602
220.92298412747186
243.9234184499619
253.16098353092457
97.09482512902105
3.6540818210341968
262.7785619443275
80.85814979687711
54.193155426557496
222.252932595733
219.90528029711277
217.18398627237912
218.86679900606396
216.5888857294849
219.2193837654777
215.94533630667138
219.99668666205253
214.81285594762448
221.30362572307058
212.83024212858072
223.42301401473742
209.2521730926528
226.84848228020564
202.15212010940013
232.56636981767224
184.8464620162049
45.69684690242866
218.77434262788302
218.97792687282708
219.11736927206584
214.8671142754065
222.1066058956967
210.61345710687965
225.96419556960973
203.4889123768262
231.7456043443417
187.19968133825023
43.560043517729355
219.52059966154775
216.6362626795526
222.32458905757085
208.85604698461248
228.16326904932066
196.52315057199303
236.7797899004363
164.93045295379852
110.83882242652908
261.3773013822647
88.48684496446367
247.78075148139033
124.46818083684047
233.93592910010193
176.10811627706425
63.03923709567607
253.9574795401204
109.77750748089602
239.623976670744
164.7891853771216
93.83087734666333
247.31682504553464
135.30567742975836
210.8129878237014
259.1994328365836
87.09822633891599
39.716395619565446
231.9280546083537
205.73242449951795
226.05850138108508
211.06124565753998
222.56920473066566
213.77299907948327
220.98018082515046
214.7636260832951
220.60069486289285
214.63003658578964
221.13124448736198
213.4805867489049
222.56648005098396
210.9785142722758
225.16620679568587
206.01935405583208
229.56208223444264
195.05383454020193
237.26046098868392
164.9509183242917
107.98873938300676
262.4763100454802
84.14247810214147
249.2125792001898
117.46881344477151
238.04035386355827
157.33198500494473
171.79891354469873
244.6402925907896
167.43835827838484
246.8475604859268
140.38003219897655
205.1643253421862
212.9022681645365
270.0144396642645
65.83180164944497
106.5633243943521
245.6492887755012
147.59090984566865
162.18133798714553
165.04259040943725
243.23428266771953
190.6628477365157
233.32300085233874
203.03783321925584
227.7434294333143
208.08727120939147
225.47386786137213
209.0719199392188
225.7480378722903
206.8180764708959
228.32400220241107
199.9621177609297
233.8098001965118
181.36243130263028
50.742172620259225
211.84889066278265
228.40383051261597
203.11271865873277
231.53771952438547
190.76029323093098
239.50398191776185
155.90534831993136
174.8540044334586
245.04717527941102
157.78236747877236
250.960522729918
117.43475485034287
237.1364564953983
168.19328341213986
88.26520886477374
249.01669421950646
130.34065368771553
224.00778023181192
216.38497202595318
215.00549616508943
223.93563332240592
203.92212909473164
232.40756359061197
180.6699879566222
51.11202828558453
256.93865995948
94.50492449386365
246.6678855725113
124.31310929118627
234.75928447283513
168.50218312517973
96.94165653646633
262.39746105127415
87.50183979176654
247.64467551724374
127.82255694002379
231.01318009821262
190.79934125463478
240.05201803674572
152.24543874872325
195.9148835401138
234.36511772303493
197.82209232282185
232.89527925981383
194.09285318148613
236.38505612271547
176.73699081648374
61.697712366833
152.21588177430385
254.7233082431485
114.68135029062978
234.5290225200879
197.22915752067638
232.4939070885157
197.09907907851448
234.09470536091249
187.24454829544993
240.65574407610984
154.58116457174765
177.96897739777341
245.11703672584554
149.91281070918194
159.03215979195375
186.46923623043403
230.93466653037467
215.7983749838313
215.08110522275092
224.17965955605905
203.52257585800544
232.68733893545868
179.67287408947595
53.326897872873815
256.56090534811665
95.99525932011602
246.22773103258805
125.67454567283858
234.06381654583674
170.5591366873996
87.16624025914643
263.8737075539102
82.67649860378879
249.23109985694464
119.71723065814876
236.48384074693604
166.56662567530293
102.12899033690337
262.8375232729595
84.057050910822
249.12316120095784
118.53131732472684
237.39379917108454
160.78735668021545
145.076389263515
253.15246460989874
124.40874496147444
212.69822671885777
269.68373142633936
67.27145633287728
96.61773633204575
266.5266775043274
72.79372272800538
74.03978545825521
255.6169064657297
100.63776964541466
244.53019392052374
133.61988436733373
228.36597871444246
190.96983936226752
15.651035762712127
212.49095822908566
269.7643354682368
66.80444265664846
98.42306325743266
250.06008716612996
116.72270698726061
238.3196149166033
158.92333670127846
157.04388543061214
250.35033259855118
135.88291588173888
179.94570908060996
62.732525900326436
266.858395963558
75.37186833354644
251.2226187949418
111.75635218052776
240.4808356032445
148.2405345779407
210.0409074249328
221.91690504807048
219.39882702483737
209.8495031473576
228.66407925826206
190.89622318962938
18.447920972845168
232.06848028954118
197.88543974599452
233.84200093096297
187.87248285469832
240.38703128423367
155.56464937444252
171.56605881593714
247.58346593743772
138.3425537236326
212.31834845796402
229.8183204047382
181.19107318283932
51.36802862858167
245.4055083514686
183.1579344363563
235.47499762540974
201.05539343660348
228.20372673145903
208.83657581203443
224.09024842274084
212.19103359861765
222.315995535595
213.16770460914995
222.15941377394483
212.47930404898943
223.3266994382575
210.01967000841978
225.93350252130767
204.637063400849
230.5966573501646
192.06442615074047
238.98167929712508
157.1484682209557
167.32919205389044
