287.5849338376115
230.99048043082314
151.48743105870062
146.6497661082842
253.65280126586595
74.9722843320069
60.049168648454724
150.9760167150796
253.2004110679659
81.14153337468542
246.34984208484548
92.43398570850286
244.2084485411592
94.24022117854474
241.56869294284752
104.18562585821792
240.70540519648102
103.1479646107664
241.3476159912061
101.02682344428104
242.42477360190696
97.32529142303156
241.08660541134304
106.63295283750631
239.2120661698973
109.29050848213956
239.20131994709118
106.63692057250682
239.70574858345572
107.34147245995791
239.93780311407681
104.74029721910392
240.21614165106257
106.02951575684983
240.37889336289663
103.54764456492194
240.48225873762567
105.47883569369878
240.52261271239877
103.21384373860019
240.578501645301
105.13759606025451
240.66500553979677
102.78043210830947
240.64581507460935
105.13239642880035
240.61654484709834
102.98949230586186
240.63853579024726
104.94341366858498
240.7420312303093
102.55083083064528
240.68065968609517
105.12572443725003
240.59380572804548
103.0905263858167
240.6351499611519
104.84984940784125
240.80383077039914
102.33587363706829
240.69904767093794
105.22245833919624
240.51655447882877
103.37262802999612
240.60822425899096
104.71175134989062
240.9085310944265
101.96421671523603
240.72015239623215
105.45231587063608
240.34835601180748
103.96086357016611
240.6596018147793
103.87594056248417
241.3583347779604
100.48452315245959
240.7950164727663
106.28388622493367
239.717296740273
106.58585965814927
240.47894530323902
102.8323640473318
240.37901853355652
107.09065136037316
239.52846559470345
106.84195581579115
240.4363286652624
102.90903770812292
240.36344055314112
107.14220818754256
239.50843159379656
106.90554862264617
240.41309463396829
102.97385245597252
240.35211449859344
107.15980292623499
239.50635598517692
106.89880071517109
240.41764244826118
102.95992127011414
240.35469662062678
107.15649166427102
239.50702589252614
106.89880966353303
240.4172159769223
102.96131075625817
240.3544462302234
107.15495626114352
239.50748150915024
106.89738069650775
240.4179399890345
102.95937417431924
240.35485241474817
107.15434213346452
239.5079811285832
106.89581549421564
240.41839585873458
102.95827479336731
240.35498442397147
107.1542325655173
239.50780850878436
106.89631051530523
240.41790978747667
102.96030498426262
240.35506399044607
107.15318707966435
239.50863850319
106.89293584071129
240.41954750103469
102.9549044705891
240.3557422434933
107.1528249208859
239.50784168413156
106.8974229285268
240.4177002885226
102.96051768533289
240.35474394914127
107.15485408163659
239.50783747292007
106.89607461993728
240.41841310167365
102.95825038592739
240.35538822200033
107.1527709789516
239.50804993241763
106.89649736048887
240.41815220285935
102.95901652988687
240.35512747458415
107.1541129854304
239.5081000744467
106.89559729160828
240.41851759028214
102.9577878062264
240.35502059497958
107.15382009919995
239.50762563837634
106.89798132705619
240.41719100762566
102.96194916312379
240.3542088398608
107.15501843721722
239.50793935870024
106.89514449516719
240.41886921109835
102.9560581575206
240.35583676810347
107.15265958660893
239.5086267548686
106.89422818753519
240.41855493047478
102.9583212383659
240.35483639140875
107.15357884071273
239.5085115469701
106.893873155037
240.4188903378963
102.9572560941524
240.35582428584894
107.15063456134521
239.50955252158747
106.89075266022701
240.42042609462078
102.95233633363387
240.35647802328458
107.15147403627634
239.508585475749
106.89570540035493
240.41805943945656
102.95956988158287
240.35504800191848
107.15351405003457
239.50830775153008
106.89458157718036
240.41818355872965
102.95940910160425
240.35541895804636
107.1516156325888
239.50920558826328
106.89177460620704
240.41947895557678
102.95522106271528
240.35581409466977
107.15126391989179
239.5088482257197
106.89289608444233
240.4195664311119
102.95421179539699
240.35620896137698
107.1510512122768
239.50850047084532
106.89585327181703
240.41831189207005
102.9579792639488
240.35514597887232
107.15402686267043
239.50776236823003
106.89707493384776
240.4180745599515
102.95881170518987
240.3553272327481
107.15288271489408
239.50806988566183
106.89513472683757
240.4186745732659
102.95705172375165
240.35555776909314
107.15234695064282
239.50845493287488
106.89404293002008
240.41896280070796
102.9565375933962
240.35584506476152
107.15206575941556
239.50851785722625
106.89516171267314
240.41859677952743
102.95773898927291
240.3549044599422
107.15570644732361
239.50722160935402
106.89849071728531
240.41620316058106
102.96576341892069
240.3538095296608
107.15359530549904
239.50926211911428
106.88938930610311
240.42082822531665
102.95143311454012
240.3566416465037
107.14964693526417
239.50928664096136
106.89227528383344
240.41955592147133
102.9550866560312
240.3560275136333
107.1513654864757
239.50883143825195
106.89397176891362
240.41791699487658
102.96137911755795
240.3542876928259
107.15567554017616
239.50643144578498
106.90226517354313
240.41584593662992
102.9660150296404
240.35400924381975
107.153517349514
239.50877639861574
106.89198289177148
240.41960760665097
102.95636690041283
240.35583628120366
107.15100778639317
239.50944843170873
106.89087205532996
240.42018808225112
102.9528464301402
240.3564680031559
107.14988682612602
239.50945046864217
106.89192395986174
240.41990202275338
102.9539140479028
240.356076108641
107.15242713244515
239.5083614542964
106.89553019034793
240.41759990104765
102.96170787003939
240.35483880380343
107.15226295019966
239.50908445777895
106.89172001584666
240.42004456210998
102.95342920561961
240.35625622798398
107.15190111257834
239.50845920045685
106.89565241317905
240.41821959163644
102.95833616361779
240.3549845382222
107.15443608124042
239.50783222897735
106.8967490089708
240.41798245636164
102.95935720286798
240.3549846988899
107.15381263918243
239.5082217685558
106.89478020394745
240.41874682439084
102.95668337064853
240.35588855571405
107.1511312147486
239.50906394894992
106.89209391491022
240.41984088315803
102.9542886819836
240.3561047227995
107.15137336673797
239.50800362955488
106.8977645785344
240.41754620424763
102.9608490884275
240.35429341976123
107.1555797764886
239.50740769204276
106.89764758451201
240.4175781581871
102.96115560435283
240.35416131993406
107.15527622192167
239.50772334284557
106.89615100860829
240.41804909947678
102.95933099408285
240.35491851707047
107.15502811732586
239.5075581958954
106.89721224550158
240.41804422391579
102.95894485017925
240.3551458613365
107.15402675882797
239.5080393661483
106.895364628901
240.41824779381568
102.9584340043366
240.35545177845052
107.15234665965545
239.50885201458004
106.89266929628502
240.41967803308216
102.95414507844544
240.35617881563667
107.15161926987639
239.5085907025932
106.89492797471758
240.4185129344114
102.95790087096975
240.35502398211975
107.1539593602065
239.5074776706315
106.89749441957974
240.41776784701506
102.95984853249684
240.3550479750993
107.15395879361313
239.50768149239593
106.89722185952996
240.41800944814167
102.95908845528902
240.35502850094053
107.15337001056469
239.50825208316382
106.89497941141599
240.41887249032152
102.95661919361737
240.35551777853107
107.15300419607956
239.50831548849237
106.89587508508703
240.41835809400072
102.95838922259281
240.35517284857633
107.15394546832249
239.50768257847812
106.89647281703947
240.4181285072118
102.95879069279181
240.35516608701437
107.15328851227241
239.50807324169728
106.89606612671923
240.41691995078872
102.96477575448807
240.3547019577818
107.14985925304063
239.51115243883396
106.88237328911782
240.42389393896156
102.9420620004239
240.3581533973629
107.14796642554575
239.50942104542628
106.89416713592072
240.41815588796453
102.96053300242056
240.35511982699973
107.15226693467412
239.50911548090517
106.89152908575488
