288.30926283633903
254.08940872015512
258.1447474291981
257.3818960934434
257.4982629033502
257.47943815221015
257.4823846146851
257.48109997411393
257.48184363931114
257.4814166629267
257.4813004029256
257.48136811499535
257.4812005160429
257.4814184086008
257.4815559997742
257.48128692680893
257.48029673992005
257.4818377450456
257.4815453001829
257.48103039369016
257.4821288964522
257.4811210584339
257.48148125181433
257.48164050981177
257.4820575210306
257.4817204427254
257.4816277560567
257.48141034514447
257.4814307768702
257.48102946588006
257.4812453920349
257.481658216755
257.4803745654099
257.482285843862
257.48100519217587
257.4819288873514
257.4811250853345
257.4816062368627
257.48152783668775
257.4813929524753
257.48145486118665
257.4818182390809
257.4817472234354
257.48129767560386
257.48139553433066
257.48061743699145
257.4820255583836
257.4820893420183
257.4808149131168
257.4807825047901
257.4820922191102
257.48185810296854
257.48196126944094
257.4812541599713
257.480829030148
257.4816950080967
257.4809204871599
257.48124109406854
257.4821763912878
257.48108240709917
257.4817134431578
257.4801290449541
257.4824951568953
257.4815101693348
257.4813550999279
257.4819057218556
257.4812992266343
257.4817083348462
257.4807158114236
257.4812372699271
257.48152637137537
257.48147955038803
257.482129906959
257.4811765322738
257.4818656811549
257.4817096480474
257.482050630264
257.4811867979006
257.48147422642796
257.48139983182045
257.4812828972572
257.48128151633864
257.4821261596735
257.48014690793207
257.4820875025398
257.47992684362544
257.4819295159541
257.48110599225765
257.48161644037464
257.4813585346783
257.48149408949394
257.4817337448985
257.4813463579485
257.48133832369786
257.48029752280854
257.4815630663288
257.4809338045161
257.4813207861662
257.48177950309037
257.4809052337587
257.48129919461644
257.48068564415735
257.4816818434265
257.4811720187645
257.4810315477953
257.48187108182174
257.48158702866203
257.48079550399416
257.48190533449815
257.4816728021251
257.4820530453144
257.4810507651782
257.4818155692046
257.4809234567583
257.4819966236246
257.4807607609109
257.48231189206854
257.4808163687121
257.48174156394816
257.4818159827264
257.4807249655132
257.4817001934862
257.48154695018457
257.4817444997243
257.48160584855214
257.48184460021
257.4806620109375
257.4822966097345
257.48176135138783
257.4815614358304
257.4805931615483
257.482247330292
257.4812071030465
257.4817432238415
257.48078248160164
257.48120647152246
257.4822229583442
257.4816384912265
257.48187167772994
257.48142309435207
257.4805212746069
257.48141305494937
257.48182708849345
257.48096579105186
257.48203784586804
257.48167166383064
257.4807753384521
257.48062718089204
257.4817401459877
257.48150621900277
257.4818987074832
257.4815837405622
257.4804991851561
257.48154132986383
257.48172802870977
257.48143785304273
257.48149348259903
257.4819213433948
257.4816847896873
257.4810036017152
257.4817589526501
257.48136417975184
257.4816618983168
257.481158286726
257.48176013350894
257.4810049322841
257.4808745561604
257.48227167474397
257.48175085104594
257.4805835437728
257.48201612934645
257.4813155302545
257.4816611378774
257.4812122330768
257.48143726206035
257.48100949291256
257.4812488419702
257.48202902836783
257.48135368821386
257.48168337874813
257.48145095881773
257.4813038846478
257.4814173607738
257.48140301379317
257.48213672429847
257.48118028222234
257.48162624445104
257.4815968117473
257.4803406074934
257.48170219645544
257.4817054332234
257.48209764157946
257.48188724994543
257.48175774666015
257.48193988653657
257.4816118085728
257.48175341777096
257.4813465641637
257.4822675569303
257.4815322870418
257.4815169321664
257.4810513497214
257.4811136806675
257.48141429272073
257.4817560983065
257.4814869614056
257.4807335493242
257.4810541134357
257.4811847068486
257.4806475654477
257.4813407211477
257.48109735637263
257.4810878185381
257.481835894665
257.4814020394697
257.4818739599432
257.481181572919
257.48078586297925
257.4809956202371
