288.23392615588455
257.88406193169
260.7534398440191
260.2978832337519
260.35772256065025
260.34916195465485
260.3505560930721
260.35009809776693
260.3504346952777
260.3502445392214
260.3495515504974
260.3498471704588
260.3499749205221
260.35038191089734
260.35005449247274
260.34950614744594
260.34930850005094
260.3502401091082
260.35019363596075
260.3492882837454
260.35028129520833
260.3496571055166
260.35008233033295
260.3501379699246
260.3500266723531
260.35057754510126
260.35002045483816
260.35015443756674
260.34940488949906
260.35058832229515
260.34974134944605
260.35025461635814
260.35019605436355
260.3501369054393
260.3497506199001
260.3493387975868
260.3508029668519
260.35019371856833
260.3506906431503
260.35021187816164
260.34938700188286
260.35040049187955
260.34958952790475
260.3489956495432
260.35012043795723
260.3498953903654
260.34975370734537
260.34994128779
260.34940727900175
260.3498779179354
260.3493650667733
260.35091522305447
260.34964856729493
260.35023369018745
260.348993472413
260.35003873805545
260.34960601069906
260.3489633882673
260.349553061169
260.3501140607259
260.35048466879016
260.34897797924714
260.35009175746745
260.3499060469985
260.3495737150479
260.35019631392424
260.34948533505303
260.3505403099989
260.3496160811155
260.3496221074456
260.34969580291363
260.34993668562674
260.349559961629
260.350679946685
260.3486145100687
260.3496400195654
260.3504790671359
260.35035106993746
260.3500553554695
260.3496379436474
260.3496700644246
260.3500358455058
260.34938661319757
260.35066668778745
260.34976024892967
260.34980226399057
260.3487995002797
260.3504200374882
260.34976704207656
260.34950164093607
260.35059581464157
260.35058054370165
260.3494343291386
260.3497795030198
260.35000788681646
260.34868105706846
260.3503015248716
260.3495427464659
260.35006423458253
260.35020036253263
260.34964448202663
260.35039083191805
260.35003527457593
260.3501825680214
260.3506628321411
260.3498916204553
260.34943664579623
260.34992975726345
260.34991295446525
260.3495348253273
260.35053313613025
260.3495248582258
260.3490447627919
260.3506004587616
260.3503241055296
260.3502293146157
260.3495587470097
260.35010772106034
260.35010528433486
260.3495538455609
260.34998084660765
260.3500781280454
260.35041126004216
260.35021570891695
260.35014643157047
260.3497499008299
260.35007444620715
260.3497447049158
260.35041685925535
260.3492825608555
260.350504647482
260.3497128617455
260.3500041747393
260.3490255734432
260.3495953451202
260.350323224804
260.3494183558578
260.35001992572506
260.34966799973336
260.3506453957234
260.3500515034393
260.34996479215624
260.35022449088865
260.3501471644122
260.3504543802119
260.3497253692185
260.34990381944226
260.34961787711654
260.3496894013515
260.3506715521362
260.3498779379588
260.34972345746064
260.34964557040075
260.3497253101232
260.3495851790067
260.34917465898616
260.35050804486673
260.35036906467576
260.350157017936
260.34976834042754
260.34957088822557
260.34949573967606
260.3490285376465
260.34962438557704
260.3496435807465
260.3502676403441
260.35083617617784
260.3498687095707
260.3497822666686
260.3503055650508
260.3496087574167
260.34975737876084
260.35027337154315
260.34994790592464
260.3495777793869
260.35011331584246
260.3498541373556
260.34901972026273
260.3495645072544
260.35046233849425
260.3499036371941
260.34987798285147
260.3500466846308
260.35063501448894
260.35011451898026
260.3488783193461
260.350612755341
260.3503480999061
260.34991602813534
260.34977549433825
260.34920458581473
260.3494978231174
260.35044429397385
260.3499492257688
260.35028058111493
260.3488571608177
260.3503261671285
260.3487664981658
260.34991715525393
260.35042949386116
260.3504085277382
260.3489772788889
260.3494626382162
260.3500422027864
260.34984581099707
260.3493093666475
260.3499811577931
260.34992555738427
260.3507841555984
260.3489316397754
