288.01752654150346
224.09172841359407
247.6111262000129
238.9834235090275
241.70667281276542
240.77896698279937
241.07881591760497
240.98162123522343
241.01308884065247
241.00275049816491
241.00643003293044
241.0044652945071
241.00556811295974
241.00580040838486
241.0055033823537
241.00578737114847
241.00581204418904
241.00487073343265
241.00595374915338
241.00499010842032
241.0052018479946
241.00559659917144
241.00540570880185
241.00432142324462
241.00544702357183
241.00487550805883
241.00560268148
241.00499119237065
241.003985785861
241.0060325760387
241.00517778270114
241.00616166889995
241.00535186127854
241.00487211648397
241.00576889733748
241.0055605090638
241.00527874029467
241.00511546587404
241.00527272321415
241.0055049279763
241.00575052056593
241.00564502001725
241.00543819046288
241.0045476453015
241.00569149907824
241.00472221579548
241.00575638344162
241.0049844530986
241.0057876017927
241.0065305800017
241.00354280554893
241.00594855192685
241.0052641038892
241.004837384462
241.00589060153652
241.00546150956507
241.00574407835666
241.00519640460334
241.00537608766172
241.0056513119016
241.00522138570886
241.00577055538452
241.00522664681193
241.00402298090557
241.00624037640955
241.0055429079439
241.00503764108362
241.0057394323194
241.0055799857364
241.00595069180054
241.00555175029513
241.00531572739783
241.0057375232136
241.00525111339448
241.00561108860347
241.0038467273771
241.00612954840108
241.00544855870612
241.00549335432152
241.00546074392332
241.0056833698436
241.00538631258314
241.0055619019695
241.00548688247727
241.00529870789615
241.00507691701205
241.00592400664755
241.00501403275848
241.00561655469937
241.00591576811712
241.00495206568303
241.00581498575048
241.00496576669684
241.00598564837856
241.0041481775188
241.0056142921676
241.0055470987936
241.00535080522968
241.00551602306223
241.00464222353912
241.0057850708763
241.0051374060422
241.0053948263958
241.00593271741673
241.0057667867004
241.00568254929385
241.00474251979176
241.0061797336748
241.0053407376763
241.0046302533883
241.0055977259908
241.00588158794562
241.00520275186864
241.00558457647276
241.00508756460476
241.00625543166825
241.00517518561537
241.00554231042042
241.00441670668806
241.0066960212498
241.00547880301747
241.00564777863474
241.0049857561753
241.00615328484128
241.00557574895356
241.00564484611823
241.00526069621992
241.00517338346253
241.00532022040716
241.00580724092288
241.00527922742185
241.00442695907986
241.00654678491264
241.005394110638
241.00543758088315
241.00547854868637
241.00479329036898
241.00591761394026
241.00511579630256
241.0046203087404
241.00589992783352
241.00519381619233
241.00577857087774
241.00578282174683
241.00551292345335
241.00482496418408
241.0056908942206
241.0052254733746
241.0053753354223
241.00529027458833
241.00504082003317
241.00563565806806
241.00492623302125
241.00588640939532
241.00551991172688
241.00572473715874
241.00542648215196
241.0047906204927
241.00576738126256
241.00530304474523
241.0053742731252
241.00478289247985
241.00575120313442
241.00565207713225
241.00517758096976
241.00590239090525
241.00448060000053
241.00546005030628
241.00522338596784
241.00542214688176
241.00444322780822
241.0060558100813
241.00535366073746
241.00491532919114
241.00542248528654
241.00553444732213
241.0052721012762
241.00622652639868
241.00609495377284
241.0052653814928
241.00604086523526
241.00493664233363
241.0052549035172
241.00585676047194
241.00542918188148
241.0053792961262
241.00541964899458
241.00522715957777
241.0058139534085
241.00542229940766
241.0053005344671
241.00554709686548
241.0055601298518
241.0050797044678
241.00597233782173
241.00557876154198
241.00581576104742
241.0052543787897
241.0047912083537
241.00634232608718
241.00551726401318
241.00580622631242
241.00513830510317
241.00530256873753
241.00600660855707
241.00566887302557
241.0051900841936
241.00585258159845
241.0055779426766
241.00521040892636
241.00553920230595
241.00571704877075
241.0057423679391
241.00417372175434
241.00628811687056
241.00522950354207
241.00553286766808
241.0052976545412
241.00535969344492
241.00535908035818
241.00582631552243
241.00457143993117
241.00617859416525
241.00557923439192
241.00543325355102
241.0053821428155
241.00489679053135
241.00555866392097
241.00570069940295
241.00554091652157
241.00578653029515
241.0052905025659
241.00580494120368
241.00410601568
241.00603567741928
241.00535710812255
241.00432929195813
241.0059348626237
241.00546864207718
241.0054130799399
241.00538563140435
241.00578370182484
241.00534695439273
241.00545429433987
241.00510161407874
241.0047664837184
241.00576624882524
241.00572415698844
241.00513838464394
241.00596332871646
241.0055875666876
241.00515428109793
241.00582520198077
241.00514729251154
241.0057429017761
241.00497065558739
241.0053800738824
241.00551299980725
241.00530840356078
241.00510027765995
241.00528054374445
241.0052641476068
241.0057914470235
241.00497692101635
241.00599299882015
241.00561419354926
241.00494324747706
241.00581372037414
