288.2855516352372
255.68623424978296
259.2082189729622
258.5898095923387
258.6780943659087
258.66395539223413
258.66708571596155
258.6660526655728
258.6670097339288
258.66538476046117
258.6660566864375
258.66605289362906
258.6654946495373
258.66631200084794
258.66625918826503
258.6662971506448
258.6662135297911
258.6659445000332
258.66643729086354
258.66598414707914
258.665801002182
258.6666253163421
258.6657130092008
258.66603901937924
258.6662441725439
258.66555936036275
258.66675410218886
258.66594855175026
258.6665273272538
258.666635790747
258.66656800148485
258.6666678764668
258.66580176527714
258.66647058372837
258.666715153895
258.66625845578346
258.66712571192693
258.66647544234365
258.66606000495085
258.66681087329926
258.6659524418501
258.66509945461803
258.665791232419
258.6667073535864
258.6651921767407
258.6661808860008
258.6671861451905
258.666729323304
258.66618685132926
258.66623748378333
258.6662971761871
258.66662589061525
258.6659906469322
258.6665363994798
258.6664608243482
258.6658333145788
258.66643943066083
258.6664037921764
258.6650838452333
258.665558776127
258.66688780197364
258.66617889935515
258.66675485049564
258.6661982246369
258.66576027824703
258.6659213697312
258.66626973163875
258.66574376953577
258.6650803307093
258.66747041778217
258.66624959701585
258.6660246793617
258.66699290293036
258.6659879081126
258.6659905954584
258.6663385369102
258.66586598491995
258.66641919936956
258.665179679032
258.66643333306274
258.66601311984414
258.6665257433051
258.6650570065467
258.66630070037354
258.6651098796283
258.666487588358
258.6665058469589
258.6659194538006
258.6665545329379
258.6662039239891
258.6661848380609
258.66581379490526
258.66639717456565
258.66592214238335
258.6660294345638
258.66676491998805
258.6665932652322
258.6661906472218
258.666118525558
258.66549076607043
258.6662018423085
258.66706626045925
258.6649765029433
258.6664803499443
258.6665669428621
258.6666026126113
258.6664932662097
258.6663165472928
258.6662168049006
258.66563037257583
258.66595240433526
258.66606911273266
258.6653744079449
258.6671509410153
258.6656084155111
258.66609390609665
258.6660672908183
258.6660032342261
258.6663399075769
258.6657048035486
258.66566389703803
258.66590160660417
258.6659999751864
258.66608228995756
258.6667460827957
258.6656724828208
258.6659137306342
258.666486801405
258.6662292881665
258.6661153028981
258.66655266439193
258.66663343823893
258.66649889489054
258.66593786908925
258.66619063552935
258.66642141698685
258.66624758812395
258.6660100630688
258.6663480567877
258.6661648994341
258.66590567698586
258.6661907952657
258.6658847835788
258.6660885047895
258.6652061815548
258.66625463766104
258.6665888058342
258.6666070864012
258.665980270016
258.6665749892127
258.66666041407734
258.6659488317673
258.66671885469987
258.6667117571924
258.6658982319932
258.66668580131955
258.6663605025533
258.6660985360213
258.6653828868002
258.666670938881
258.6662650954968
258.6661415455019
258.66564746561926
258.66623354268086
258.666730151861
258.6664771963842
258.66656592102663
258.66568464813463
258.6665195431706
258.6663964347099
258.66634689185594
258.6660917217232
258.6666642583441
258.6666010269837
258.6665720905439
258.6669770142762
258.6666632667766
258.666249667629
258.66621550070704
258.66610347214737
258.6659121064731
258.6672874948854
258.66565785698185
258.6660618372698
258.6664264641731
258.6657556887949
258.66604500063113
258.66660795269127
258.6666364312696
258.6664937988826
258.66530588253227
258.66655818258005
258.6663920830615
258.66599539562594
258.6659079743986
258.66562074489775
258.66599707322894
258.66644408309367
258.66591323741886
258.6667612133897
258.66608208062826
258.66584141338535
258.66595666413195
258.66658809929504
258.6662657111592
258.6662623622833
258.6661144456448
258.66605514718685
258.66624720880645
258.66682875467814
258.6655833118275
258.666901416349
258.66510510143416
258.66637342140893
258.6662758397724
