288.3349484961144
243.82333642603362
252.61119783637128
250.27885135275687
250.78583009265412
250.6631478136942
250.6919730062259
250.68509752394266
250.68669048147376
250.68611684948155
250.6857678488841
250.68576590696102
250.6864684098391
250.68656338663004
250.6861441470237
250.68624581938366
250.68613653861848
250.685982829943
250.68672836244332
250.6858558126205
250.68600742386843
250.68632764689573
250.68606042861393
250.68611278582466
250.68636493474878
250.68630835141084
250.68617472747064
250.68640816877632
250.68619146667152
250.68651418699483
250.6868228646017
250.6848923592479
250.6870903078634
250.68610531833292
250.68645169066622
250.68537203526103
250.68597457466421
250.68656103450667
250.68614032570986
250.68602118756826
250.68662753429817
250.68640441971365
250.68579777859122
250.6857385605581
250.68577044833364
250.6865794161895
250.6860923054992
250.68643292479464
250.68628239056488
250.68616102209853
250.6851406884998
250.68698521305123
250.68602639353048
250.68614183673344
250.68621328583322
250.68650529570368
250.68482444724214
250.68695186639525
250.68682296947372
250.68655855214092
250.6857986549694
250.68654618148867
250.6865730522186
250.68638167721656
250.68601759201192
250.68617644028564
250.68608240998583
250.68651910968765
250.68546093405894
250.68622720842905
250.68498488024125
250.68571353918014
250.68652236263006
250.68614070476542
250.68524360179072
250.68647930912994
250.68533832553658
250.68729247909505
250.68582083546062
250.68626621072326
250.68558241280698
250.6869878898433
250.6855327143494
250.6863473460544
250.6861844621235
250.68588679665118
250.68631902820198
250.68620235939306
250.6853332637038
250.6866056472063
250.6862219887771
250.68603125675872
250.68649748187454
250.68607134983176
250.68653444110532
250.6856530698642
250.68613304673636
250.6859686133539
250.68529987450893
250.68648522764852
250.6863268834495
250.6861771895783
250.68590498154663
250.6862764253019
250.685938299197
250.6864521371608
250.68624532545073
250.6863142542934
250.68613424969953
250.68601384112844
250.6860974915253
250.68616822023614
250.6860381007864
250.686070473399
250.68653084869584
250.68653921097575
250.68605098286207
250.6864717750068
250.68641444213426
250.6861141955378
250.68577290593385
250.68552358064335
250.68674484838266
250.68658850496286
250.68628363419703
250.6860337974722
250.6867004517917
250.68591910909163
250.6864978522717
250.6859260216297
250.68671769487992
250.68558052409935
250.68681140380068
250.68627443035075
250.6859492951262
250.68683844428597
250.68555507843848
250.6863514624929
250.68556904051366
250.6864750349705
250.68604695334943
250.68617594303214
250.68653087132407
250.68592669853388
250.68605365464464
250.68582419828454
250.68601055068575
250.68686062855704
250.68621212818107
250.68632051457098
250.68623922886036
250.6858832198559
250.68568927745218
250.68640912626142
250.68627819357062
250.68671546252153
250.68521233277716
250.68612202515942
250.6864091289026
250.68541073151573
250.68635722243926
250.6864160069963
250.68653016794997
250.6855869734427
250.68650288676145
250.68567664509465
250.68666401747032
250.685335340866
250.686292707338
250.6863691109902
250.6859848573804
250.68667535783607
250.6857995044993
250.6859163366753
250.68621144472854
250.68644219743146
250.68585477602028
250.68580578513502
250.68582833085384
250.68639316310873
250.685764519003
250.68534564381116
250.6868898038374
250.68567030565464
250.68693241890287
250.6858293323894
250.68547004816355
250.68625312503718
250.6854221165995
250.68537285005732
250.68671905226074
250.68540261399176
250.6868517374678
250.68612888394273
250.6859840585239
250.68635108007584
250.68506189125765
250.68682472272485
250.6856812971091
250.68590576607676
250.68667122851184
250.68607721984154
250.6857819366851
250.68649770796765
250.68552566725702
250.68653238096158
250.68634602568636
250.6856538271677
250.6868861614348
250.6847974186967
250.68696073336469
250.6863070308027
250.6852150374325
250.68682180524047
250.68655782708083
250.68614380915824
250.68612923713226
250.68563225025719
250.6862097338162
250.68550631261314
250.68634496696177
250.68665367433277
250.68584485948668
250.68656928802375
250.68559919894324
250.68675837143383
250.68642716527393
250.6860014844424
250.6861126561853
250.68653672871005
250.68615924709593
250.6860879882879
250.68652487052896
250.6854085868108
250.68654905550648
250.68625581340166
250.68624266445113
250.68628062971402
250.68583483374096
250.68641407041287
