287.56021903616244
226.02545297701573
150.99556498030313
120.1453595537738
222.4490316702629
202.94084044653346
204.15744195885804
267.57355026570804
41.84552367326842
193.8396699387713
232.3375280323903
114.80196277297546
235.49386948239635
101.08945596971762
238.0246124380369
102.11350712435342
233.91645690223777
134.08586964824553
250.6051179392689
70.47774452361227
248.33359994321108
71.64146431980771
57.16677464045824
256.4648160383913
60.03508174425406
88.39645037322134
263.7898677178655
47.76883530761279
168.21301233433314
245.24545432045124
80.17682550253176
247.04919234136014
73.86493868748221
50.3880601393239
256.81442287028585
57.5506268372792
106.68826709705172
226.71740394212793
252.2517172128264
237.89056658152367
96.65653198641121
241.97071397994478
84.02381935024096
13.50569945339521
261.3387269523646
55.1358288093852
103.53881848721721
260.9386242586552
50.75646044966197
144.9432119725443
198.30241850248422
219.4119577906131
207.62342623994664
181.3463383194885
19.583415128845445
267.452574395189
41.819523677260804
192.9757503116998
233.5144200602499
108.64013503859678
238.75073879810043
91.01022931506486
214.52363361447533
254.550471845203
58.50389482214996
104.45083964928381
241.26600547010094
92.60708070887631
242.83229300293533
83.36120361917165
37.630233231644524
231.7512151129049
126.40990970960775
225.9620166474051
143.1184670002549
198.35273130652058
207.6281940642948
255.28795844932756
58.161795057971176
103.99363691297913
244.74017914300202
79.19360565530587
25.5159676857038
260.1612803017524
52.75749829144115
135.16728604942182
255.86133277563204
59.07533101318768
99.84020234678246
244.51933149874458
81.48595795896108
246.73872730023504
74.55304085504031
48.719467950410035
257.0586626079348
57.18424811650402
108.62518656491375
222.17607542094993
253.10558662034236
62.57801997009301
82.44512209471941
227.01241457587093
251.97981296137004
62.19998326761561
87.61578994138108
250.47048752162664
70.789088439451
51.322163190168794
252.86766623012227
65.61560263110732
246.6728547792809
78.1947611676951
245.54002051939824
77.99488365835714
247.20737250607635
73.56208458379479
50.793384784134105
256.58762053253304
57.65593025362614
106.51888953080197
238.52556168766023
110.73018699566819
257.7171088443756
55.740216624588356
116.03842277195872
238.27808300696415
96.41971071923035
243.21637421060586
81.31979961507386
20.193075156705163
260.7540434962757
53.4307201093543
124.82359461009037
257.257501056647
56.56425979268897
110.5526745588395
242.55578901942135
83.63757981248273
13.822930069949507
261.18319386638905
52.363017999792646
133.94320337670433
255.2871376336625
59.94303197039699
95.22357143406407
248.6809564530049
72.45820861981701
50.008682232488354
254.85265424542013
60.12433733106445
250.6371682473182
67.59386294505384
66.1816299548882
253.28547205922223
62.75946989921795
84.85927953735518
5.677166584551742
247.2477292288604
73.6901834346645
61.199252488077036
101.00157416731963
262.2385584319345
48.356731240986846
143.21714933939802
194.92075414017017
258.96969766064285
52.72501382775954
139.26772886711115
254.19317457559373
61.865267732704524
87.67815625318326
250.6591631752235
69.02887827203085
58.98911593491357
252.19256475260772
66.62032663712307
248.03395105629897
72.80221140400681
248.2951404301275
71.64694780431455
55.114354160534276
255.63006829960796
58.84906238397525
100.41702911323955
245.21237062274304
78.56943520870118
44.088538191754196
207.31587637144548
256.6226753829469
56.22158537814539
116.69774597054493
216.26184431299043
253.85894192801788
59.639455143682426
97.8320869691961
246.77854026835848
75.28672172527877
46.25335445885139
257.2603546352984
56.31113635053043
113.85378611390479
237.43157779781177
105.35426687938889
237.77123864458554
98.0847879581197
241.90103455960343
84.28134547077207
12.80707198887103
261.39390735703637
55.2027052199046
102.6215189535651
261.08760631204495
50.54013710448635
146.4866609034143
188.36727209917444
230.56580951916112
163.67178168363898
239.91567572113854
108.66299445893674
257.9050213250375
55.45527722294355
117.4805719096039
237.525609079079
98.61052513776667
242.56879612127523
82.6963159085135
16.413086484542873
261.0244008472291
53.4029859089278
123.35396133149334
257.43594422235765
56.26118002511794
111.65139660763089
242.28692945348303
84.19653198420565
12.622169729111192
261.0685673886328
51.87976676316612
139.81763356897136
254.18090960368136
61.845774715453445
87.803910500239
250.61092322216427
69.05545418746624
59.052913442668796
252.31600797364808
66.20040725661238
248.3877868150521
71.82700632728665
63.04469391656312
92.24318266170303
264.76038638911996
45.335994132692576
178.6134502552959
242.49797632011177
83.61835423571029
14.91988620248594
261.48957411954325
55.4639092927755
99.79203065001639
261.55516179562983
49.88352100631164
151.40345799809438
138.5068422928307
255.17534063870698
60.380225990076724
93.79854819703178
247.84327936424233
72.269220936294
55.160998429702886
256.69076242553274
58.5127075266937
99.5958539094645
217.84124651879392
248.2059998468685
79.12583800068387
259.9157549103329
51.70114672477939
252.04655373638525
65.0694632745217
74.13135988170689
250.936153376133
67.63209370485856
249.42191410477972
69.74310715406318
59.95367013404757
254.5887011386003
60.46364618741791
92.99273189924133
248.8791956979985
71.67963272123598
53.30733957148914
254.90092671436287
59.864298218351905
250.80709542735713
67.40376626393117
66.1445495621374
252.66271133771806
64.08497649662604
250.0837552479934
68.59177137045481
62.8849233419387
253.68939045302977
62.02676783021889
88.19928594010707
225.1913744608246
252.58295260991144
61.797621933874325
88.02866986194567
226.84907392642344
251.7345846974058
62.570539835316595
86.07647007101332
250.80775768740568
70.0011159638234
53.78880920361553
252.06752586277435
67.99431268723856
237.91224662520108
132.65922681981465
244.7471578745899
100.35267469381506
256.89052446658025
57.59043264380307
251.06991810434556
66.82586350479687
68.82430931461568
252.97742670246225
63.333712691863184
82.40768892352935
251.97851858235663
67.08251791838848
63.53195241042704
247.09717472962802
88.02927716405247
258.7829352640838
53.885085938774864
251.78190781443845
65.78559616695566
71.3778091922868
251.4048969984433
66.75460950899287
249.54581867612433
69.51142083853483
60.672518587103696
254.50888270921132
60.61767096526455
92.38161700539058
248.98118502183934
71.37125866905262
54.464981221040944
254.8785550100729
59.88335740278126
103.83921571586689
263.1665388453548
52.98201880788838
112.86213338415837
258.6944941544789
54.17145326163154
119.34912656914094
238.7861904353631
91.10828808211954
261.8529120242456
57.8739757026342
79.48260288062738
264.6009415528533
46.302896975990734
176.4752065444918
242.04657902558392
87.27419906127034
245.40518239825906
76.95473575759388
43.80181687520235
257.9880523994507
56.41176505490148
110.97263088132604
260.5862396740995
52.053735517911264
141.0351606458862
254.77561423068983
60.96547996268782
91.12365244489047
246.91806725604692
76.39162891206797
247.67244560827385
72.81750181429379
52.90411284416041
256.4454656451853
58.107664682582254
103.81992832315154
233.55527781553974
155.54134752565005
232.84196559620614
170.4450818887126
231.39306679938454
168.18243032204919
229.3861334027315
181.96416685609438
219.21846126303717
253.7168583771272
237.56294157986122
97.74878664463176
241.53868899717054
85.04558047570754
10.9457957357954
214.17926453531254
268.0142438682087
233.8341356207966
109.00804482435342
237.34524330348358
95.43246803992952
239.33928481981275
96.31179011666973
240.5207528828323
90.65953104734945
243.96863611452864
79.92759090788604
27.08457806496881
260.34273367196147
54.78530645079445
112.99828181289195
259.4810057333525
53.006983756728005
131.0546546435071
228.52937572386872
128.46025559972622
228.54062942850578
120.03984954336192
233.15212104684906
110.19610814638145
237.85593952603813
94.03588888281956
234.32015715325542
138.4320840097207
245.14664162312692
94.65291472488025
259.022547749817
53.43139871033782
122.9283854287496
236.97367561719147
101.07162626532954
261.2603010166931
52.79851535058697
128.20117694312648
256.23924440483097
58.33121816291532
101.91320135498245
245.89567334025924
75.92045440110087
46.264198709774064
257.85802729711577
56.52815499264398
110.76000735015259
260.69197548726515
51.96717038411589
141.5524013513059
254.50791156842024
61.34331338181801
89.67265752423555
248.18905516999075
72.7031635420717
