288.0013708731399
198.49018516386298
251.25576459382614
228.56350980346178
238.4515496371023
234.09229213795243
235.95350819659188
235.1452277628723
235.49237384783692
235.342624303315
235.40720437690106
235.37853505716157
235.39179602967306
235.38593512091484
235.38754700265963
235.38690413581298
235.3877033729941
235.3872644607054
235.38721395727134
235.38701438066164
235.38721375572823
235.38706445292974
235.38787865912582
235.38760269728482
235.38724521342192
235.3877284306909
235.38744616223448
235.38761175952095
235.38708543891516
235.38747334802792
235.3869710618619
235.3876025413665
235.38735450341483
235.38763701694552
235.38759238748025
235.38723664063218
235.3860385524913
235.3875753735956
235.3872113451489
235.3872592752432
235.38754377014266
235.38715667860197
235.38763123279023
235.3877850739118
235.38756365942936
235.38699737710522
235.3872482208808
235.38754738487842
235.386488713375
235.38805228908313
235.38661988922104
235.38788146642764
235.3875462661308
235.38747155314923
235.38723059112817
235.387449500784
235.3874387451542
235.3871767666351
235.38795700011178
235.38747080000758
235.38739910868026
235.38718103360588
235.38777974741606
235.387444792741
235.38724075080972
235.38759768342788
235.38739459359567
235.38748527818098
235.38709624842886
235.38759873375238
235.38760332464153
235.38773118061363
235.38716453204324
235.3878302437297
235.3873457063928
235.38662750585354
235.38787749259063
235.38725420356423
235.38793830194118
235.38640751305138
235.38816667595893
235.38743394409175
235.38818430265383
235.38751449033953
235.38728170650575
235.3882334112095
235.38730389449847
235.38745386520532
235.38774210151678
235.38756916137936
235.3876685385403
235.38709988331175
235.3875497339177
235.385987075686
235.3881671648196
235.38738310323242
235.38749947164615
235.38688488647313
235.38757143534895
235.38762759413657
235.38750768564933
235.38812018660246
235.38658661821682
235.38794891932048
235.38747303435957
235.38773307368683
235.38705637851672
235.38800197014643
235.3865828367925
235.38748626896995
235.3873299579136
235.38754434744624
235.3870650047902
235.38762660999055
235.38712860044325
235.3879937295933
235.3876792635856
235.38752602988097
235.38729698062525
235.38724976243975
235.3869636002928
235.38780408655293
235.38724469533918
235.38762254015455
235.3876080115806
235.38785053880565
235.38775318483385
235.38680444644706
235.38719997592125
235.38772638545197
235.38795442802075
235.38678173749213
235.3875428128813
235.3876069727994
235.38733408877306
235.38697111885267
235.3875863756839
235.38735790357168
235.387254285386
235.3858484179582
235.38852830711403
235.38738039152668
235.386634654089
235.38773974894139
235.3873067113018
235.3873488650206
235.38775951589196
235.38745920966903
235.3873244533752
235.3872289348874
235.38774312875466
235.387733807911
235.38686054678692
235.38791578289238
235.38750576490565
235.3872422086206
235.3878180008105
235.3876966902826
235.38682057098777
235.3877887832641
235.3865426903576
235.38786693335715
235.3870225524297
235.38756088857917
235.387114160505
235.38708892591967
235.3874889552244
235.387190068599
235.38754943012464
235.38777591277176
235.38736293530383
235.38832289892161
235.38706022266706
235.3880281222082
235.3869631776979
235.3878676455788
235.38683241476247
235.3874931750397
235.38680079516053
235.38698395313986
235.38805633882293
235.38724263234326
235.38806003805075
235.38670985957287
235.3870746190587
235.38823070570652
235.38677525006642
235.38779377637547
235.3870795313269
235.38686986779794
235.38714499486377
235.38687291146198
235.38770354543522
235.38729003310436
235.3872929950012
235.38785545025894
235.38740938743285
235.38736184019945
235.3871876111225
235.38754814382992
235.38773790745472
235.38738716462103
235.3876655360218
235.38679344384582
235.38759082298202
235.3873768015328
235.38766322071024
235.3875468242768
235.38762218205375
235.38727960867982
235.38686453859555
235.38763679919066
235.3877173633955
235.38731432550412
235.38776019596844
235.3872744453547
235.38675387739204
235.38809993379982
235.38683471316472
235.38790208550927
235.38739178307878
235.38669644684705
235.38773857682827
235.3873355970136
235.3868164600717
235.3877500507224
235.3874895691697
235.38738127380202
235.38724917694344
235.38728620045003
235.387337148175
235.3871517269872
235.38565716837184
235.3880665799079
235.3871412333101
235.3876866515202
235.3867426552606
235.38648924145673
235.38780915645475
235.3866480451543
235.38775322574656
235.38731820842077
235.387693535813
235.38721122204151
235.38714055427408
235.3874715847196
235.38734385998396
235.38804071453342
235.38735164083482
235.38753999365144
235.38679661467904
235.3877266025811
235.38749442010885
235.3870606971759
235.38777388127346
235.38731062193983
235.38775570463622
235.38785055476183
235.387231250701
235.38686801937
235.38763957624906
235.38764138716215
235.3877401689242
235.38617680288735
235.38809158786898
235.3870950517885
235.38721520427498
235.3869010967028
235.38754179856915
235.38735065092624
235.38704862300074
235.38792084122542
235.38706767333497
235.38787134730956
235.38787002187746
235.38742685834586
235.3874949830788
235.38670037838165
235.38792714072042
235.38749280206684
235.38741683764965
235.38629583633156
235.38817276361806
235.38700711986166
