287.1382503180689
131.93566474630865
141.3013413854144
251.27758188431483
118.49597363954945
246.0171842047107
137.6014982675281
232.32099124530805
249.7889456957455
215.31512911106938
215.06716523569776
213.9579926218753
217.7038847610338
210.0285698966377
103.86183985719708
230.81266438513376
165.28386929885164
5.403208282895321
255.89054405295428
212.5303176434063
217.60683891718236
211.6800194005482
219.5972839051774
207.75371791681664
112.00400546503897
224.51984171343793
186.2958775591378
64.66735519812482
258.7628952772775
82.16255759219257
250.20603964042766
100.37191983955017
230.10112544444746
176.08356005223868
95.32396872302888
249.48913273332982
103.30003210147333
228.48107867293402
181.8955399057577
73.98950868122665
244.25740528595452
119.73571384502611
203.41805810361075
230.20700613422378
181.51680378867604
219.1848621164063
207.4290603975951
119.35387858240756
240.73094392152416
131.49219460864333
134.14636359651558
245.41986424284005
138.48428730260275
236.04558158177133
41.15597459919991
255.3320299253246
86.64749849421605
235.49513819346976
163.98388693422567
230.9208626050804
187.07540965306362
190.28506299425317
240.91457870598242
123.38424342074177
4.703168496496801
257.3450292554553
211.09461483430277
219.25297872051306
209.097264695356
222.4426426361424
201.51123070155518
146.01463986108865
224.44746966298771
194.83685705302196
198.05937659224946
228.57270578845055
198.4880328010513
228.7222547452111
192.6237445460938
176.71210371405687
255.10141095186918
84.5766566411221
238.6792290674639
134.4562322988677
115.93443382368787
244.42438001050687
9.557443242079898
258.9183620773656
77.23865263984771
241.12614625563583
125.59084665646151
184.89011342617232
237.5597903969974
173.64125544708804
242.31479546336413
135.99656691906057
226.58670227488255
202.25525444823506
225.69512486588428
201.1842267264292
227.8026429321253
191.5920712855077
188.56787992395766
57.11715275301685
249.14997536984083
101.76484336566136
67.63703366868504
248.27104806185525
108.18196843735132
243.62693886721536
120.07773638362778
205.70887729368405
225.58458995273395
203.60374657322245
225.56530308611036
199.1319079785244
146.30623077268683
61.494023960873164
259.98230491816867
80.15540369500741
249.67776227680952
105.49669967182854
243.96638851489115
120.49916442742688
199.83893566478218
154.98124824583283
24.363747098388558
266.49549299779756
63.68089397138101
225.36597365225316
198.25811911744677
160.66568920798454
200.64839560158725
226.9100867767629
59.58727089959575
245.46906238283555
113.0443534416554
219.34451937492122
205.93475206122093
138.04965559578704
243.18154300435708
140.6347991313669
241.65389653945022
144.43098233455385
240.8488702061586
144.0324233939682
242.41544516145223
128.9281565370693
235.24929347202124
150.71052018698538
50.30703802634525
251.10484348177124
96.95368338591652
232.89290683874424
160.08071135032515
200.1588553720576
224.58300729189796
66.0999000007796
252.73334116864135
94.22572651292285
232.65244927243475
172.2235292040932
227.31059324867965
189.88060180718458
204.403309491885
227.18158437939564
192.21661916973244
192.10973641596502
201.52108018661238
229.99358375535667
183.1279198442062
215.61089258905122
215.55467589007458
215.60891709557472
214.21259663612
216.99662159386935
211.88182618071733
220.01012808016822
205.93872690737044
121.82561000224086
201.8386885251457
231.60292244498123
180.6590082950861
218.20296907822194
212.97497193180607
218.00974553080596
211.40700423933595
219.92517063565174
207.18817852755456
114.2349570965307
221.95633990805072
194.6246363447426
42.694683340290794
257.3063930892604
81.68499396157131
239.27315686257498
135.06191451678023
107.0115343409343
255.67010008850775
87.35626438022155
237.24220159853576
143.82418573978066
69.15098887012573
247.0145845899533
111.35796078529529
218.1332398417435
215.6822275878949
212.5289472070217
95.94237539601454
234.75764074501058
152.89131930837175
45.2503925307974
252.08128241327358
93.95681214422075
234.71530450310092
150.11963867695158
50.77820328733651
258.4108775971472
79.38320547041076
194.74226090263983
205.4907975495007
219.40518116831663
82.07572403080121
256.85504790444975
84.71265829488402
237.35049099639582
149.22985097817582
216.17921389661933
215.9905087662919
214.85146090361377
215.8206309752859
214.29165336381266
216.51265507964126
213.07783647026372
218.22923983215878
209.95206268796755
106.86073116676562
50.724083667460945
253.7496599118531
89.87152895455802
128.99568100722536
238.84858213023108
151.51986687212047
198.69430384793668
16.380311112508934
265.4086037315865
66.25436497611372
223.4504785113968
201.4662526612592
149.5153878218116
219.15998103756283
211.68267920891958
221.30669789483363
202.87342938377697
142.08484998244967
225.9565110430849
198.95950903695484
154.28240682225442
41.58309120020567
253.62591142346355
89.8435057203169
236.72761871191324
141.29525071615353
79.16529656318016
258.60515596866026
82.14547322488215
235.64096287166467
173.547122295
241.49860559449007
143.09848852505093
242.54219121804636
129.63843053404707
234.45656974246958
156.83987844389048
207.6916144611605
219.49885438357887
78.94043270421389
250.94412263929553
98.94839852587029
230.48915568365192
178.07560425729025
223.43148746188672
196.09577460971195
191.1189248248411
234.3602871204639
175.32162282765785
218.7722448354034
79.65135361952707
251.38522097964596
96.56603242724668
232.88207706795947
160.60182879050262
197.72447511360224
227.4088327617501
58.741865610092646
244.74571322467818
119.14919215650298
239.2307799780392
137.21681467244343
94.494640714649
251.3665472768189
97.16588627199235
233.23275894942344
156.01462649916357
25.92967674038664
254.37716772248677
88.62337726766418
236.5324652823765
146.95937891952053
223.06388233881444
189.1974281566072
55.4874136227445
261.75131555765984
72.45531180618855
212.0283349717647
105.1818816633313
253.49384917350835
94.70169066158996
230.03327879148128
193.09000436766655
231.7721870450041
185.11739062800189
193.4695843360969
239.51892939927347
134.18264506863488
256.5940305313561
211.20307046170637
219.31701995033654
208.62509604122897
223.0882783706038
199.61011142705684
159.00322122787475
191.66972168422944
209.14048603501578
222.1550723399123
208.95637823500147
220.52819567486586
209.43403439233953
220.7421167105058
207.69255329525913
223.37327711016405
200.3485153451329
150.28283067859593
220.68237189656065
200.4796266383637
179.85989344069094
237.95282898422738
170.370045714124
207.6784738022252
233.76388714191853
133.07660775275144
131.69198851205874
254.04239813164168
101.59819162092754
238.4476941039611
21.87715608974395
258.66758131052484
79.39328088039474
199.8998649238929
232.85338011888962
172.89465730200754
227.66156903957017
184.9516858022398
216.8839585291862
206.4819379485998
139.02027434245974
236.33259130570514
40.62288460966374
255.18471277988283
87.40706531854812
249.39789889710664
100.91243179436424
230.73801226739306
166.08343629259616
173.2843921249878
240.2106645978347
36.76824537824723
235.53544353232428
155.46390732457803
198.67292683463893
182.86286182096228
240.36818851904536
143.79034544230672
219.76708255887206
75.12481789196318
242.99791716640175
119.1874235686555
211.2239338476793
213.17703802981123
111.07981018803548
241.71238491425174
232.52067202139006
145.469334532012
65.11575815963442
