287.941006767084
83.42586368245202
240.2642073282865
215.33199539831924
235.09147708172713
220.09528426008228
231.70047385959106
223.1141611640055
229.61196689690723
224.81346736671458
228.40696105423285
225.75033958528456
227.72995778827453
226.2650594490333
227.35420830407838
226.5472758627193
227.14659555784237
226.70246857093207
227.03210273500554
226.78759434977474
226.96888278680126
226.83466164326
226.93421419421702
226.86017755109697
226.9153634784925
226.87433508981667
226.9048766861979
226.88207645968032
226.89908571907108
226.88646979472833
226.8957993307722
226.88879171354165
226.893956533635
226.89006227044592
226.8932147949654
226.89066636863936
226.8926727967555
226.89102896912846
226.89249675845167
226.89128638005423
226.89200060137046
226.8915438257991
226.89203514378096
226.8916448020227
226.89192265581187
226.89159976824521
226.8920302105289
226.8917463329817
226.89189841093867
226.8917116849061
226.8919147100769
226.8918674713059
226.8917253125437
226.8918126125609
226.89172466185482
226.89185995526714
226.89178480154442
226.89167989075213
226.89191403050427
226.89168073548717
226.89190105313173
226.891765249351
226.89191589794427
226.8916949959421
226.89190891639737
226.8916271545313
226.89205697278885
226.89162799061887
226.89196052500847
226.891826881234
226.891245069266
226.89263165053853
226.89099578417517
226.89248349269474
226.89088080005604
226.89265377268384
226.89106371482922
226.8925573173765
226.8913114069619
226.89206751859456
226.89154717193014
226.89197209020494
226.89176439474613
226.89175676606465
226.8919032808335
226.89176138251787
226.89195251523415
226.89160140780587
226.89198283221413
226.89173965082227
226.89196518524113
226.89171989220267
226.89196845073093
226.89179321388656
226.8918965202247
226.89171426398752
226.89191291296447
226.89164042678385
226.8920777221756
226.89166439429755
226.89186597006847
226.89181183827168
226.8917176911491
226.89189570645976
226.89174037176417
226.89184353628661
226.8917971306073
226.89188176340394
226.89168389007682
226.89190163614694
226.89176174237218
226.89184838804795
226.89187821084488
226.8917560850823
226.89188096417638
226.89168118897942
226.89177308003855
226.89202205785114
226.89170845948684
226.89193274443824
226.89161555731698
226.89180917766498
226.89124826336774
226.89244918260374
226.89141516216478
226.891992497709
226.89170598774945
226.89096990196413
226.8924114204783
226.8913017948871
226.89218564164912
226.89163649732654
226.89205331518315
226.89159168926562
226.8919714967269
226.89150122898718
226.89210754785745
226.8914324540965
226.89200738384534
226.89169686157402
226.89183155543287
226.89172296474135
226.8917963951244
226.8918400396069
226.8916727630858
226.89189390769025
226.89171301561146
226.89191876950645
226.89182466093916
226.89170380758878
226.8920168654222
226.8916939734845
226.89189382488985
226.89169128741923
226.89189629926113
226.89135815393092
226.8922256775404
226.89141126650065
226.89215900498675
226.89149676292436
226.89201933222648
226.8915977621873
226.8920465885676
226.8915307556963
226.89225439034635
226.89132904248254
226.89202822000516
226.89168886318657
226.8917460152079
226.89177715292317
226.89209963721805
226.89148319770175
226.89199647492933
226.8915424863735
226.89202607057086
226.89134303269384
226.8922891982147
226.89136499213055
226.89210613100295
226.89169618632877
226.89189981143136
226.8915925589463
226.89177921157534
226.8920657043418
226.8915840095433
226.89200974332925
226.89161111212888
226.89204795339901
226.8915478184208
226.8920509304735
226.8914838041237
226.8920319579629
226.89170220262895
226.89201235787186
226.89169578970905
226.89182710023306
226.89179139205953
226.89172865386354
226.89190809718275
226.8917731938127
226.89191500699962
226.891558634823
226.8920688074868
226.89156559333787
226.89200150537363
226.89157736120978
226.8919753772061
226.8916841671744
226.89195743719756
226.8917553853389
226.89183129972662
226.89176330534974
226.89194252254674
226.89175599763985
226.89155921638303
226.89198716153624
226.89152590068989
226.89215536425763
226.89149033358262
226.89202660150477
226.8915912458324
226.89182017052372
226.89168681569572
226.8921221421042
226.89155575765471
226.89208992417844
226.8916492657445
226.89195141688106
226.8918265561806
226.89172693433648
226.8919121217914
226.89166171882243
226.89191550439864
226.89169087971095
226.89192791025562
226.89162618192495
226.89194354161737
226.89179792857612
226.89187557825062
226.8917551066843
226.8918517930142
226.8917768379033
226.89185938649462
226.89181283480139
226.89176899392623
226.89203279736103
226.89160489759524
226.89194773316558
226.89168932542088
226.89185263541003
226.8918066477636
226.89178104935854
226.89187110909552
226.89172941791185
226.89185763522983
226.89186782327306
226.89187347750703
226.8915762740071
226.89167566460674
226.89219539453916
226.89157995959977
226.89201702730497
226.8917072436161
226.89199572055077
226.89171941341192
226.89190457577934
226.89168878861528
226.89175929241173
226.89146102523955
226.8920213636884
226.8913290673081
226.89242609022767
226.8913185633428
226.89172378148942
226.89220838871552
226.8914544938889
226.89200587404775
226.8917265002674
226.89187224239868
226.89173159908387
226.8917663595057
226.89183144256822
226.8918269063579
226.8916849790112
226.89192137874488
226.8917496027716
226.89181320111675
226.8918341739045
226.89170058333548
226.8920557800884
226.89153587727924
226.8920810704003
226.89123171262327
226.89205266696808
226.8918436027161
226.89176743102144
226.89181649639795
226.89178358738718
226.89187647754443
226.89175476507808
226.8917808755068
226.89196814739262
226.8915794136119
226.89197283418616
226.89166489010677
226.89185385845485
226.89159095860668
226.8920895838237
226.89166871769703
