288.00190600376254
117.82491913013985
214.2728856973706
242.32975307282834
222.63107819123024
234.9171557113575
227.23045009488828
232.08792583154946
229.0548124734737
230.9637451397225
229.76882944669705
230.51956583178435
230.04882499029873
230.34425111642395
230.15909867306073
230.27394549090877
230.20391441004358
230.24703170637713
230.22011531774478
230.23704993363754
230.2262980038031
230.23256774911442
230.22891290683492
230.23053754839566
230.23092671891845
230.2298505260751
230.2310155470277
230.2284947775879
230.23222629563134
230.22942550842163
230.23061511771084
230.23069530297653
230.22930022643777
230.23173351972036
230.2296540262123
230.23101923844297
230.2303744386736
230.2304801186856
230.23031996487043
230.23068378439712
230.23037632170417
230.23046392633114
230.23001253381335
230.2309709640249
230.2301249890843
230.230626033941
230.23047796985702
230.23029954166668
230.23069537701122
230.23033352077073
230.23069348731224
230.2302692860867
230.23042715805786
230.23038318477484
230.23071651119972
230.22886103714336
230.231858405401
230.2294464784609
230.2312123269512
230.22972269176898
230.23130437839427
230.23010033207174
230.23087644522093
230.2302036383444
230.23082080456516
230.23018335085362
230.2305204708755
230.2302769530179
230.230678170381
230.23035942928254
230.23068448600316
230.23041795444442
230.2306347956328
230.2303202558578
230.23047823034722
230.2304838057753
230.23054987548676
230.23062775140352
230.23033013032182
230.23056645861288
230.2299802241614
230.23095416312572
230.22898536124194
230.23179610063744
230.22962029889823
230.23090796528777
230.2298354853665
230.22924839429834
230.23196920855116
230.22935903660618
230.2313735404059
230.230073352006
230.23077264417225
230.23014036297172
230.23061480039541
230.22910721458538
230.2315715461409
230.22976770642708
230.23090647829667
230.23022426615353
230.23060838146193
230.23052351734077
230.2304592411965
230.23057167501247
230.23039653598244
230.23024650808657
230.23066789509176
230.23044118427788
230.23042404668377
230.23041254701093
230.2306554911047
230.23035321736825
230.23064085376245
230.2299497611166
230.23112921405118
230.23000316864636
230.23086028504622
230.23009011519753
230.23066039052355
230.23067041301692
230.22983476591617
230.23087402468082
230.2301998549883
230.23018882184988
230.22961360956833
230.23143779989914
230.2295119544142
230.23127469713654
230.22975584999222
230.2308274184761
230.23039743460686
230.2305223672156
230.23041134484083
230.23073462070897
230.23029776663316
230.22973614817602
230.23125839974819
230.22991809570522
230.23053409317072
230.2305972842878
230.23038702771737
230.2305972248505
230.2303748221966
230.22983540248242
230.2312415790293
230.2300030428014
230.2308042299046
230.23021567921387
230.23046241030534
230.23078862527473
230.23035766959947
230.2303506748067
230.23070110857225
230.22977356408956
230.23134467461932
230.22989682008483
230.23091341834515
230.23019882709923
230.23050096556108
230.23062661904987
230.23048369285243
230.23044254397246
230.2304849541615
230.2304429267533
230.2306627393482
230.23031558714138
230.23065871438303
230.22974332456215
230.23119021433376
230.2299821675697
230.2308592717818
230.23042959212034
230.23059027257113
230.2304156449536
230.23054236001917
230.23055955213204
230.23003297348623
230.23117335310963
230.22991360566812
230.230991709097
230.23021166188119
230.23047279052844
230.2298875858396
230.23122220070218
230.23003839341254
230.2306474876532
230.22927260636789
230.23172443515796
230.2296942638277
230.23113164957613
230.2293767979936
230.23144189848972
230.22980366614502
230.2309654375349
230.23011722355295
230.23069330433646
230.2304813151277
230.23038807924604
230.23013347583765
230.2305648909387
230.23034051668947
230.23052949989506
230.230386479132
230.23065748784575
230.23046303450246
230.23052300783456
230.23042268748395
230.23000156787748
230.23078026498843
230.23032249088283
230.23053846570838
230.23016722637112
230.2307308872987
230.2301987180108
230.23074165284925
230.22996367764426
230.2309775280446
230.22980065211596
230.23023501491116
230.22979192319326
230.23076333584322
230.23045306596032
230.23027450001973
230.22992022681865
230.23080642362766
230.23043154223706
230.2305879265332
230.23054889611376
230.23058591253357
230.22987634476158
230.23109077854315
230.22963750634517
230.2310071831307
230.2300554568501
230.23081362844096
230.23016500571975
230.23075324571982
230.23031911728322
230.23053993955546
230.23041662927426
230.23062111245235
230.23041173013917
230.23015198246867
230.2308106158889
230.23037923198717
230.23038160688884
230.23076892968675
230.23026235963334
230.23087838890206
230.23006253347558
230.23075026886363
230.23037345489138
230.23042468891072
230.23067494336283
230.23044997929537
230.2301994018053
230.23095604970877
230.23010821708885
230.23079111950938
230.22988690252532
230.23097317499924
230.23018069757381
230.230708757721
230.23031863170036
230.23066958636628
230.23020223264757
230.23061134111776
230.23033615043096
230.23060197661107
230.2303983404854
230.23051516228588
230.22957597946515
230.2303188680089
230.22897225170163
230.23203092996846
230.22954997046327
230.23106059526617
230.22982068356941
230.23098274455697
230.23008195961302
230.23090248921653
230.2301744344877
230.23080583044793
230.2303493060317
230.2300564738398
230.2300400196691
230.23061691031035
230.2305139174714
230.23027554030705
230.23054367274744
230.23046072528814
230.23055042535998
230.2305442794168
230.23053165289457
230.2298793768423
230.23110864387127
230.22916554550466
230.23150057709427
230.2298972697754
