287.96878458326483
69.62592856258021
269.53597304776235
121.93077815061838
261.936252457557
157.91024877194877
254.02105885067294
186.45101776839147
244.97044939180432
204.32717239967042
236.9587876333344
213.90781009241937
231.5575941732195
218.8829821480058
228.3846349307796
221.48741283044092
226.61200009477125
222.86763140076528
225.63666965671382
223.60868283260425
225.10492372914632
224.0064940831844
224.81500757428785
224.22081507296298
224.6589746685131
224.3372824299404
224.57365289531663
224.39974098192215
224.5282405201542
224.43315607393743
224.50225354234863
224.45266715205253
224.48883225869577
224.46285965853895
224.48183321817305
224.46749728011855
224.47794668898678
224.47054300674426
224.47542171209898
224.47212784131443
224.47478181200677
224.47213950791956
224.47492901294027
224.47148496802765
224.47506756591793
224.47192698709114
224.4732140851429
224.47353243221187
224.47273723651597
224.4741177911019
224.47298311978375
224.4743896142627
224.47210960641678
224.47511213907637
224.47240846126806
224.4744545099129
224.47183207021226
224.4745650472687
224.4727334692252
224.47345511374442
224.4740662194963
224.4732462011416
224.47404428143636
224.47192489335066
224.47456446426077
224.4715418277592
224.4744553929413
224.47298426591442
224.47448040216477
224.47325446527975
224.47412766003617
224.47347411192823
224.4736653667278
224.47359241622325
224.47321710261167
224.4735637380436
224.4738491901735
224.47189396862086
224.47409150063686
224.47339739941162
224.4732355700362
224.47391890957806
224.47341748548206
224.47349940143613
224.47395030390544
224.4724478321441
224.47407318191108
224.4716549548757
224.47363912816581
224.47243350886492
224.47450516481695
224.47230651425707
224.47416669168888
224.47274928980914
224.47388286757996
224.4738865383406
224.47278218485008
224.47375207356527
224.4734773257769
224.47313069022493
224.47253529911177
224.47455285316755
224.47327114959626
224.47304774245276
224.4719365525234
224.47470000856993
224.47160801769496
224.47356056360877
224.47295687769656
224.47397814282886
224.4729775149026
224.4730340572205
224.47364583815215
224.47249641002418
224.47425039755035
224.47325471433578
224.47405050918314
224.4732045191122
224.47328976723657
224.47377625622903
224.47308080742368
224.47402312397753
224.47250593708304
224.47415734898095
224.47237190591113
224.4744042621387
224.4732209944268
224.4738555493168
224.47238777275925
224.47393209766597
224.47321645879128
224.47373488094308
224.47322214998712
224.47358496934612
224.47360487050173
224.47292710140755
224.47355882891134
224.47421255935478
224.4729575902238
224.47368048189674
224.47369231787889
224.4725509615164
224.47383916250692
224.47348064403195
224.47413987198524
224.4735229917933
224.472858521156
224.4728246683735
224.4740741245041
224.47393114051374
224.4737223081538
224.47284363509243
224.47439287260931
224.4723361672077
224.47450859851233
224.47220101803396
224.47384488502576
224.47359645082906
224.4733019012274
224.47325342307158
224.4733381943006
224.4742454927473
224.4725688217659
224.47439408134233
224.47331726143602
224.47405428465572
224.47345595558727
224.47407691985427
224.4712301781401
224.47571483198408
224.47154200734076
224.47509838375117
224.47146326075017
224.47439600161306
224.473333651571
224.47381208055594
224.47331614384166
224.47419451292808
224.47336384229857
224.4739303717579
224.47263862242107
224.47265698110277
224.47436849954101
224.47290871484438
224.4743521784767
224.47311603825074
224.47400558045774
224.47330602564034
224.47360091144947
224.47372136834747
224.47362384850567
224.47347757058014
224.47312723860523
224.473647366176
224.47348480746587
224.47243021071336
224.47464261445566
224.47334623338975
224.4740459750319
224.473173649807
224.47391155636433
224.47332553644083
224.47284782094357
224.47383221713244
224.47291729647986
224.4742342499012
224.473203614456
224.4742154313135
224.47276791238983
224.47374107161886
224.4725955480826
224.4743787379557
224.47283614582557
224.47445096862793
224.47148334443045
224.47475842038693
224.47183934622444
224.4748738920607
224.47099983326916
224.4747808201937
224.47263418840885
224.47447967650078
224.47286077296303
224.47372971534787
224.47315372641606
224.47342626318277
224.47276329994202
224.47410526660678
224.47368038534478
224.4737522640644
224.4733360457758
224.4731037809397
224.47348565583525
224.47337161943142
224.47352788793796
224.47334125480847
224.47413560842688
224.4726049201272
224.4741436367185
224.473319933546
224.4724027026241
224.47425143726286
224.4728903783689
224.47502820983937
224.47273775195936
224.4746080471814
224.47297353565227
224.47446237203258
224.4727390172775
224.47328853305953
224.4734865850478
224.4735070454335
224.47396167556872
224.47304954180436
224.47322339272068
224.47379723389167
224.47351401894412
224.4738952054613
224.47248629759997
224.47303267200186
224.47343356015335
224.4722339702712
224.47332838116563
224.47178546630312
224.47492012256407
224.47248350974405
224.4733853985672
224.47393099161854
224.4727761951217
224.47282568566152
224.4740830547089
224.47184092110547
224.47525227801816
224.4721667184349
224.47403173265047
224.4731933418807
224.47274212550838
224.47404247515078
224.47328941126761
224.47337577522558
224.4732739435567
224.4729447336722
224.47375437656592
224.47193968456122
224.47414895646216
224.47320370371745
224.47375415329589
224.47378670380567
224.47201951533498
224.4734972922306
224.4733585772483
224.47351934938342
224.47363256453536
224.4736541654711
224.4730339855596
224.47412263177102
224.47281426997506
224.47269348405825
224.4742596729193
224.4723919937096
224.47376039343362
224.47317275857495
224.47413055723882
224.47353032467072
224.47401345054095
224.4722616928193
224.47420018607227
224.47323467500973
224.4730927298806
224.47377924273314
224.47209139734332
224.47470541768416
224.47284996701637
224.47415424746578
224.4731361528975
