287.16440681401025
209.83910421851903
191.18154677303107
220.9501373110736
132.26864376558933
239.55371671260968
206.6257026008975
188.68246643749717
95.90313046278607
241.34341632448695
202.59479994703452
204.20579617729254
200.77249235878844
211.67630463241812
165.0196024838492
43.843692178208585
255.04612148046363
163.46064547347305
212.6672345473171
167.4859715290795
213.25976716187506
148.7671431005865
257.75309222593114
159.84823826751654
193.1766729860874
104.8174040181475
246.30613972163246
240.17560348118695
201.77478869182414
199.3300617644545
62.7176507767208
232.71859193969158
82.61383267646306
243.66514066655145
195.06376677293338
218.19212272506593
128.9316089097938
9.762758959268467
251.36254316029954
178.38159093457034
135.8544378948518
252.062580535272
177.340087996512
232.49999227538137
82.95124973714519
218.46606393435286
127.3022708361932
15.49193035479584
264.7986221158935
131.22149288423134
239.6588667320084
206.4679410293811
188.82463191047827
95.72836716117672
241.10297721227835
203.9717182860677
198.72490757440573
215.12254624709385
143.5348809326515
145.3603702298642
232.21686103059437
230.79580444932617
208.59308482335473
44.819796275520275
239.0818504513245
203.77928597257778
202.20290030700926
203.2030898621524
209.31441360779718
166.4073735236525
29.188776535196666
260.75413014162405
10.974838276662922
211.21671232848166
23.837992271630355
260.16014943628034
155.49153057009244
242.75388897010635
61.722078552371386
232.35898716184965
213.47226319141555
163.3408260611577
212.95750535006664
171.68627381436818
196.4829297397373
218.35411343605665
142.87834527704035
120.07272859031218
45.311089917609934
249.83914545278094
183.62112080317092
112.24888633250157
63.630108754572575
265.04651014488627
137.33743788768697
232.39731509432386
90.4415601859182
250.68278174027
187.2565351579433
221.96047183027622
130.62307895914273
237.6051196140179
71.97807061910498
224.20519198859256
114.97532740438692
246.18547084943566
192.83422839018385
219.4804823571285
128.7759391130894
214.60659677427248
147.34609664174786
256.28342924229946
38.06420691014864
239.59208963744823
200.75964730404303
210.23043647515806
164.5697310278083
44.23711635082873
260.6138104475285
152.2373342907049
212.42051425605314
200.55334284182027
236.6961135269703
74.40234652202707
224.55394682370024
106.21364352599267
89.5394923153217
254.73489084683752
179.60290791615262
228.21438655232487
102.4647507368245
228.20431486824964
244.39339880215266
186.9961070454665
106.79247716466489
248.07971792067838
54.68545203412941
90.95880314840178
220.33028428567923
229.45276898109296
94.09160187566886
159.141756545323
58.118827672740736
258.8126876778624
20.17953012099315
243.62253300210432
195.25441110639804
217.78454542238615
131.09593843547918
3.262816353380913
251.68391284614336
173.9612958478392
177.9554268006832
149.39239692099363
105.85478278849041
254.94088374535932
40.48805581524357
233.41425545263337
218.9388596711069
225.36837738346367
103.9879929686067
96.19986338345916
244.63015383540915
196.37668814043718
216.31233862672525
140.8455979965438
162.39713982919784
228.17757165308285
232.0389869481878
204.82666999939102
51.0608854194943
250.37967989411845
181.31567420854844
120.2370769547415
26.950862658733968
263.0125303360401
150.53147638542578
243.95010954795725
59.33082824140001
233.07902165767155
213.3763043405197
160.1166228040238
220.90549975838803
116.88569843662117
51.048500100492674
259.00612228015234
16.513827885508363
243.94578245662706
195.50880502623477
216.88843001781788
137.80003441066947
184.93976742491213
205.45852339780686
60.694753008654516
261.7376807218534
155.81156478999765
242.30426722380798
62.429750620438426
232.00921796300827
214.62458046159736
154.22067599820002
226.9242651434397
99.31747124820686
135.54471144596027
241.5966736127084
253.53932606427406
163.77903110585612
213.368305549222
155.1286764263641
73.11167991995171
262.4834394037898
149.24476580289775
212.65502603100322
238.64839104149723
196.43478335909458
71.29492295638192
246.14651440989837
196.99440922145732
207.69914651055296
46.30842631172709
239.5521204614488
203.10336627723154
204.29465141016408
196.04081459972076
71.73927694123995
226.32793380197108
116.0315664029913
253.2959719619612
45.24465297329152
138.7497014049368
252.58969498333317
174.80646415714727
234.12861179430183
79.01237467965257
222.89862591699057
110.07206094888534
73.2773493128916
262.05030585797067
12.867937632254325
209.3048609278194
37.4957466466949
257.97223145427415
37.881496182846604
239.22017292836244
201.60708482500922
208.57087860845786
172.78525437739154
12.386845648550661
257.9189393209308
152.05138147341495
227.53569771163893
95.49613104805758
178.0401786762668
215.94212399256503
251.88802044031036
164.89834880435956
214.33282075227908
146.3622211660113
257.88266667688004
161.90347092863522
240.0333947658728
66.71354865303147
230.3227855130317
216.49008085729292
145.37207657156978
104.7762143528671
101.59807436823758
256.02748077941214
165.3901513517776
202.18052164684923
56.262503850099165
251.56433913616638
173.67570987527142
180.052498276782
132.6945249457931
4.3840691761579365
261.22865993987944
138.8895909182611
146.7167045519891
114.31830106563575
257.803276873703
168.88941356816213
236.53441839379957
74.24091946653789
225.5497692629142
101.536649374626
123.95782919449266
252.22445955322473
44.986477255559294
236.40779807670333
72.24421452422393
227.27603443872067
98.07508152769879
143.67450506634486
236.0801163418655
103.02482635618071
252.11378614744172
44.863477261926164
250.6356801194488
178.40166099905036
137.88060936810507
193.13068982194818
242.61770399662782
62.63179674281855
231.14891885775432
85.33404706578585
215.22654386694194
146.1532929619716
258.6335064993182
153.91391998750623
220.24805144192942
148.42388796298474
243.8775365628244
59.56397272486356
231.97301722256816
82.88578584743664
218.45971560945327
126.86054293450434
16.243222343415255
264.4615539990773
134.77255780824635
236.83178367334767
73.00743275639252
227.00217126197822
97.04187955145608
162.38157759376918
226.5639673276455
233.61691795072693
205.9158570537984
50.63193762981973
237.91709576692665
205.21759476522857
199.78177995646547
206.6266477569443
203.54181265707302
189.58109481219435
255.7499649496749
169.70970206738275
235.18082921289897
78.04648297590029
217.63758209373918
160.7487051425851
239.49879074400815
68.84532416242291
223.52136920926569
128.92443362792255
249.23616439983016
49.871632781098015
235.8415052194905
210.03790240787202
174.69937413025764
184.6476325525291
226.84593079498154
111.13038645457709
246.05343932173855
197.01465862210898
211.84438470046734
177.51617962944147
143.981933113173
251.37384098877374
178.48744883104519
231.81792594857689
84.62677246930252
216.06358450851985
144.70981284338632
259.1884192882717
149.3125987923704
228.5751176491467
93.61409840492706
187.12165314506274
222.329524967412
245.41122300743882
191.7455175256473
221.475883892228
116.60468456632225
52.67480693405378
255.14438501448603
165.18745795731957
206.14839079968806
204.64258330927987
187.9612190232001
247.0654242009623
187.89413297988358
225.32342953197076
102.42920203164977
114.3851747414883
256.62475917479605
174.59958977215865
232.4902819058625
85.80938256256923
185.91673503431957
146.10933249683876
254.91204979122267
42.33964921932784
238.14773109609087
205.43057745044644
197.2701575721585
214.20411378555582
162.39556839538272
217.60430202157295
135.22373437588976
251.85244684049394
171.64304906345205
194.08506313450926
217.21706258275663
163.66118433220254
