288.3232336390226
241.1082212367561
251.54121002651175
248.57032943409376
249.2692034808092
249.08780753666133
249.13278012731416
249.12218735911165
249.12490961221465
249.12332006225552
249.1227609431644
249.12451978723038
249.1241047543217
249.12381488444862
249.12406433921024
249.1228873767468
249.12428370660837
249.1243360642111
249.12428276036644
249.12383638874962
249.1240419302285
249.1233310592106
249.1240659994055
249.12408136689191
249.1239058107658
249.12428994814218
249.12366726933396
249.1241082378965
249.12397452133337
249.1241212851819
249.12383370786847
249.1232664779036
249.12437790637705
249.12438343941176
249.1238935058591
249.1243107416176
249.12352462926538
249.1245774883646
249.12365303510705
249.12436381928455
249.12429735506885
249.12395848250162
249.123739392704
249.124087924396
249.1235290081313
249.12437817761747
249.12362905959526
249.1243698323342
249.12389339827496
249.12405503468472
249.12290964579006
249.12454340728436
249.1236528211557
249.1236766663642
249.12422910791793
249.12356721179094
249.1247347604076
249.12377552986436
249.12382792456992
249.12421738085686
249.1242026720538
249.12418926475948
249.1234210830189
249.12371630925554
249.1235819115791
249.1238644753721
249.12439125676974
249.12364439574594
249.1241404195498
249.12384181277594
249.1242313140756
249.12329760344073
249.1247620626018
249.1241733265888
249.12401600638623
249.12358020425017
249.12479635171985
249.12331899599303
249.12386387517108
249.12432674484808
249.12395548476343
249.12391639682028
249.1246584934197
249.1238606892366
249.1243872970299
249.12347952764685
249.12422195700492
249.12401447911543
249.1236348251332
249.12416773456061
249.1228454917582
249.12387067603413
249.12456173786632
249.12362528447557
249.12401151762606
249.1239617415049
249.1231375586067
249.1229593090029
249.1239653116063
249.1240339011274
249.12399405545148
249.12409070845024
249.12413607443887
249.12483722532488
249.1231148623483
249.12417127925437
249.12398513715016
249.12344859717268
249.123942844235
249.12377187814855
249.12360075041943
249.12413015615311
249.12377899519197
249.12379061248794
249.12325308655272
249.12403319848818
249.12435609532986
249.12444383195543
249.12289825596235
249.12448790777853
249.12327499460662
249.12383517419948
249.1239079477964
249.1244886831264
249.1237595756029
249.12319256850606
249.1239401277271
249.1238970605118
249.12430057476013
249.12418092936423
249.1241255585992
249.12363543173706
249.1241696147481
249.12402878828289
249.1240557971978
249.12316090712557
249.12464771408122
249.12431215252582
249.12335400762822
249.1242321006357
249.12407894150965
249.12401706982928
249.12313847119367
249.1243805604754
249.1242495217448
249.12326029543328
249.12422442028037
249.12329697418318
249.12404647326184
249.12386224190413
249.12439725649892
249.12427137383202
249.12341106169333
249.12422442778188
249.12421834086126
249.12410626416386
249.1241363766385
249.12299293461547
249.1246539476415
249.1234012428613
249.12442849517538
249.12283220865356
249.12412716448307
249.12263754532614
249.1246496396634
249.12378624998382
249.12430204905104
249.124318351518
249.12407792352315
249.1244085294893
249.12350052439433
249.12391467299312
249.12436343361333
249.12344376214605
249.1240327305568
249.12411329190945
249.12391053448664
249.12409054566524
249.12411646163673
249.1234250838752
249.12434781264164
249.12383189983666
249.1239901169174
249.1242503602989
249.123930257163
249.12385138243553
249.12314562940446
249.1243931765057
249.12387998863414
249.12385408156842
249.12377126961655
249.12448419396242
249.1241799563577
249.1242294159165
249.12421454439755
249.12406563984405
249.12359313188063
249.12467302806908
249.12316548293165
249.12473978860362
249.12310042257013
249.12445563313668
249.12403367483057
249.12407323927619
249.1232635686465
249.12382115713262
249.12310905005143
249.12476307305042
249.12376118121028
249.1239423532097
249.12404742927174
249.12409848874086
249.12408798298566
249.12420855584787
249.12432897731196
249.12414534388517
249.12394337441947
249.12356268186704
249.12393469343078
249.12431150437624
249.12354585400317
249.12445426211343
249.12379694072297
249.1242599242978
249.1231179042952
249.12449612369528
249.1232898713206
249.12467854512215
249.12410710459517
249.12392293578887
249.1236903971294
249.12396884961345
249.12338688583986
249.12386735074688
249.12404705832887
249.1232425347116
249.1242482656089
249.12417137966258
249.12436047110532
249.12418406430515
249.1229702130804
249.12487986723136
249.12360842179623
249.12445258139633
249.1242792904959
