287.3002615826026
197.47910706210558
105.83387535416398
207.85317181441235
86.81710534209083
258.5960744630256
91.8367727486625
251.56517939537434
106.9356100743521
249.81267871811588
105.0848891034102
231.95597553083917
175.13893542758888
209.94850997285266
222.2244708474991
208.2360733955661
223.15922477073127
203.7988457149595
75.44038097276734
197.46109781880386
231.7388004525401
239.05693146872636
138.5595692187335
145.3014371432664
212.35978615216482
72.93855774240274
261.24883894464983
81.12858556500032
224.02258142727442
221.0021470844713
187.5384429946771
255.955111583522
83.89760079729422
112.89800835026108
231.8086258782423
194.5198464496516
232.77902661659755
181.36424814841848
160.3364220480198
48.173868162841245
250.08341258494875
151.02947108402986
243.9014271554297
235.86481961021673
159.84843921778702
224.32788907424947
207.56826070445277
222.08306310918306
209.01621253322082
221.4937709411697
208.37251025921432
223.0882710966889
203.5533695940121
75.73486462509936
196.77138381545228
232.66774452179743
238.31448183927387
141.5353377145566
121.07218091845789
243.48306314879483
237.0838162968612
139.6091747160135
146.5056369551785
251.47258464415063
112.71540677923986
247.57968767842976
117.49589645511514
196.93992815725142
255.50395333396227
83.09941763945608
127.11601175651595
221.93075855001734
30.05993324755036
266.71942628808756
64.58107808382192
180.59697389409484
248.8739346979164
95.60536853141457
62.271067385543574
258.7695071406597
85.94907121533106
218.35853765704815
39.704667090241855
265.3714039050137
67.61485007585361
246.44850629643042
112.66474654695412
227.968084898519
183.78471340376927
191.68342861648125
233.40042984810134
188.4429968129043
235.89391481390703
168.18406848031373
212.35825909861887
56.477415638226375
196.7904101300919
140.626343966047
246.70911249147684
253.73414227804096
88.1247765210137
90.98021009783406
221.2271063818116
27.21581054291528
266.7621007951748
64.2845192816385
181.74887617905188
216.1208297953017
197.0204504092435
237.01255030041648
150.24346546816741
234.43673842668068
164.19490287013832
225.4010412704556
191.51771815807297
145.28019706932537
209.01095834272564
87.38168564753505
259.04381859458954
89.58800493509989
252.9335396323986
98.89497452973228
232.80697643124586
185.22413431536552
135.86961042154508
251.68018902323092
234.10767179719915
143.44321773086267
123.80419724221429
255.34166746962728
100.86957817659277
250.49215235897282
107.2084813629699
221.7430530437341
37.56643737606646
250.27745469771617
105.73388026072644
250.32566267265793
101.90460033744603
234.30074394832627
160.71439461358386
47.434995480958605
236.31012789704982
155.6535303816854
58.23125500327296
231.68816412943124
184.74209261553187
162.86676522473863
43.53134351626795
239.8494714806293
138.3513635093259
150.7792870947378
204.63685703675583
112.23508435975236
256.2998642420862
99.89977050717425
249.5165900723805
116.35712193337531
245.96642756419897
125.68904945524264
244.27049688898114
125.70077438888984
198.4786327668262
110.05804680840083
233.15512474980642
212.36740595387528
207.41288935444754
72.97161907266855
256.0117285324668
89.80419559464644
238.0859941077797
155.9592698892011
228.00808723154478
198.37576217557216
230.74745116153645
184.29690846527228
157.37741548166377
54.86768794303498
242.2491846142948
258.3172640923367
89.37005439598579
239.5580908400152
138.23969430325815
147.34464167736587
210.81040141134872
79.43041171384539
260.31394799566624
84.67499088487966
254.6598754095903
91.17855363838316
239.05601112524892
140.49855756746547
125.16022229308146
246.40708213009202
127.70121314252901
243.08991784838872
134.99403799710853
241.34858167259517
134.9881582845337
157.98057455497474
234.09941429293394
166.28814439424605
39.13066217134474
239.09849638292508
137.38901831492694
164.3695773655054
246.6627076570294
133.5032879855935
237.42200279446843
142.2725340929028
254.66831610929512
86.97431262335886
240.13586666183983
139.27102813679812
116.17865303974395
251.63472543378884
95.37480908192083
65.78555867053365
232.69929566288192
167.8229110390821
17.195276691760228
256.66695853089914
84.86880842420942
241.77248300948122
127.0186813353721
210.83656810995308
218.5878014597547
45.36448610886873
230.24066569090792
182.02907996773138
185.10942304269702
156.56534195994027
59.5249123715912
257.11929517835233
96.75491121016239
245.4844170104043
235.83528703413322
149.0707364243135
77.55174894013908
248.47307780852861
104.53281982750195
43.01315454871656
241.77060423196963
129.41705189289496
204.84406710809708
225.996425407473
40.17267913523392
230.32657357741118
169.95729700994707
11.518224111736345
242.17777264763572
139.65297069283406
237.2889134150755
167.10564541235362
197.3446896109599
253.6632123174786
89.58347800944466
240.14488811253977
132.52811355447193
192.4867341182471
234.37397680504364
186.17937933120993
237.17706626617291
162.6501713712787
221.18480707610433
44.51602754788473
230.65247084462317
168.8591652285686
14.38082264973491
231.42808282813348
207.05795372619468
198.90082305431133
250.49771775573026
109.28549547219882
236.98518997519568
238.672415636378
132.5154259585688
196.37791328135063
228.2198738224397
9.918951324158115
237.50961279253534
159.42993036922417
220.03751564970298
41.963311592073296
251.50720442480815
94.86543139186688
64.33843824283394
218.85222529016028
43.36043440454523
258.3576343320601
86.33528809573909
253.9162887907878
93.66548729177157
237.5533159708575
150.37644099081808
72.45622568645922
220.21470352020697
210.39103235973744
61.766347045704606
248.7111290703324
105.15087897298508
233.25905734517437
160.67550201920676
46.60168253413576
253.44241178577067
92.05759961575677
75.75525247119367
219.85134713516163
206.68387820836506
79.30831862936611
243.5548770694004
179.7192380923516
226.74137577773945
217.0676483178977
191.27120757187367
253.26298584442702
95.48680477868766
216.61476182937622
227.36208092614834
159.80713710533746
50.36894854834827
245.2997956091276
181.74864384287503
226.54246428242186
22.758027230083826
233.10617292058305
190.7618911949976
231.80874233189388
193.12506654212484
232.77451024709444
181.8443941558944
155.50663883046946
75.69094565315754
119.93071437141043
239.35916373156942
152.18372345245734
230.57667620910797
239.53976138177677
133.91608608924435
185.76604261079046
237.5164566367166
176.73287163858186
157.47749365240452
254.06440528637904
88.27093542997318
92.60227689203748
71.9964217805391
244.99560289850342
185.91637869855913
218.05789650099177
249.93170701207418
94.89979254668287
64.71872216262273
261.05173109397583
74.95669593308412
157.64166281715734
59.997661718633026
260.96819726178364
76.7188567508856
244.15010752584203
120.0510986734007
221.14099723690015
203.10214030246425
82.24310522490123
240.8683952370775
154.01316714262066
206.36615052369598
235.36684176986455
137.88697898534883
243.45425616024295
115.10810623904399
247.19628863652179
110.68432515973109
229.18208464777854
181.9069516399759
196.11102659834432
231.80561160552315
189.7549763826828
128.4825631640124
266.21044594321575
64.12024236813886
212.38356743798067
55.64282852462202
225.49863395084685
206.94865655980539
222.2013576952304
209.88315575753222
220.00531698080886
211.62231274394435
218.97639933078608
212.22520817771147
218.93780087094638
211.51988466312469
220.2992586548644
208.38544398227532
67.58957054196799
215.61276976187946
211.46909620992665
60.37874985123926
245.12393630485167
137.0886082212528
213.8909529715893
