287.9322386258102
270.17357048604606
270.73845655801483
270.7168982663843
270.7173974398547
270.71747036542683
270.71725313673096
270.71728889178576
270.7172827082759
270.71706303676
270.71630655528224
270.71668140777
270.7166412356828
270.71726691389904
270.7168569729183
270.71732449997944
270.7170574501033
270.7168252790525
270.71687653907065
270.71719652242246
270.71724303602787
270.7169865048654
270.71742931777953
270.7172637329004
270.71717460675063
270.7169841237137
270.71736246015644
270.7170717389763
270.7163927484635
270.7169192264446
270.71739951323616
270.7173428326096
270.7161899218481
270.7176028888025
270.7163218819733
270.7173851794578
270.71734846536856
270.71559433503353
270.7158016114299
270.71702603127414
270.71702884703336
270.7166265405649
270.7170837222293
270.7170316306765
270.7165235551256
270.71724416592406
270.71653340353805
270.7173495281677
270.71671538204464
270.7175472506642
270.7166477351857
270.71752756199567
270.7167137492288
270.7173538729039
270.7163315485268
270.7173685879461
270.7166164861046
270.71647482647677
270.71684260047186
270.7167604935239
270.7162932159117
270.7175239849821
270.7170502819281
270.7168949698753
270.7174855624253
270.71674234076636
270.7170501577857
270.7166331078479
270.7170111740925
270.71717907740094
270.7176137743445
270.7172178992114
270.71625783325
270.71691650206776
270.7165770678548
270.716442200639
270.7175242178928
270.717014739741
270.71716906217625
270.717370497463
270.7172646593099
270.71735277180414
270.71737247988494
270.71736475965736
270.71707394754776
270.7168173746686
270.71695294797973
270.7170397213631
270.7166622507575
270.71692432291456
270.7171901144393
270.71781294606626
270.7172678278439
270.71709932992235
270.7169006933982
270.71704833996773
270.716996492818
270.7173590736493
270.7174365765095
270.71743948171206
270.71741823980847
270.71652947264374
270.7166318753807
270.71729035885073
270.71783340119146
270.7172949531159
270.71710829933
270.716854538965
270.7164036331669
270.7169596345193
270.7165296729145
270.7172475749612
270.7170296903496
270.7169787413077
270.7171233776171
270.71707326578326
270.7167875027517
270.7176366631029
270.7158563197445
270.71773225087964
270.71615078509785
270.7170810726675
270.71667635728954
270.7173034114385
270.71680757300055
270.71656832596636
270.7169695101911
270.7175034510874
270.71677044942044
270.717806927496
270.71716801922594
270.7171775402385
270.7167767605424
270.7164199676481
270.7170584302512
270.71637600046233
270.71801236236934
270.7170999717491
270.7164363119955
270.71741187688895
270.71700265831896
270.717479506362
270.7173485460662
270.716972044509
270.71755444217706
270.71629731808207
270.71670946176164
270.7168075452646
270.71621117164614
270.71769873946323
270.71772224787856
270.71728048268415
270.71701730218774
270.71677807424567
270.7170833587152
270.71667593363964
270.71741425791697
270.71771288636955
270.71768348781916
270.71681632135005
270.71708050373127
270.71668934679474
270.71713859101874
270.71728215384064
270.7172571543633
270.7164710147481
270.7174534757505
270.71663239564805
270.71673922422633
270.71712087170454
270.71594055394235
270.7166352627828
270.71624795754906
270.71735492534935
