287.929578874267
78.47348930785472
241.75053446589936
210.9626587222399
236.82802457413163
216.59854001755707
233.01741441440367
220.4617465156216
230.38488306214276
222.81031911995342
228.71694137378154
224.20115197594623
227.6994800029047
225.01981490167236
227.08886401437576
225.5018543800843
226.72493558129645
225.78592868631495
226.50880521883846
225.9536803563078
226.3806759863137
226.0527210097025
226.3049736376961
226.11103843025376
226.2602180294034
226.1455991190751
226.2336946627347
226.1658556135826
226.21815099187006
226.177829440574
226.20882888123924
226.18513084665756
226.20326494766778
226.18928242578477
226.20007951982552
226.19182957908015
226.19812588970854
226.19334497162708
226.19688002454677
226.19410712225545
226.19632864921186
226.19474451329916
226.19524224819725
226.19586330918173
226.1950311929795
226.19571827498294
226.1951543879204
226.1956425647495
226.19508297763605
226.19512291598585
226.1957765714924
226.19518338361013
226.195667169628
226.1952213700606
226.19560973258558
226.19521253222774
226.19554186144524
226.19536152044748
226.1955667007387
226.19513079168973
226.1956274460208
226.19516163746812
226.19558725381648
226.19513026076675
226.19558462412897
226.195263511956
226.19546758208526
226.19497926514305
226.19575935519242
226.19521550344507
226.19536052562034
226.1954469137563
226.19537810465044
226.1955450917485
226.19539234681724
226.19542453523536
226.19541447408847
226.19542237636415
226.1955245191166
226.19525136533775
226.19542396520046
226.1954011150592
226.19538599624502
226.19541611800014
226.1955464582279
226.1950777134698
226.19565346902164
226.19495190797534
226.19574269395525
226.1951547882636
226.1955352652294
226.1952481136541
226.19551371622583
226.195125383696
226.1955477688498
226.19540943844186
226.19533883711483
226.19549872385323
226.1953733816772
226.19544451314505
226.1954444080984
226.19553811724472
226.19532456791785
226.19550109066768
226.1953690245573
226.19541828453657
226.19543462745787
226.1954261910505
226.19549777819338
226.19531822430145
226.19545525156718
226.19537636746827
226.19536542569404
226.19546669184638
226.19520285961335
226.19553779259877
226.1952798342827
226.19539689937665
226.19550864877237
226.1953443201055
226.19528618974437
226.19535506423563
226.19506324801478
226.19591053955082
226.19505701286107
226.19568788051401
226.1950343140852
226.1956890064539
226.19519563810172
226.19560997202643
226.19514504594554
226.1955945852751
226.1952437008731
226.19546234636073
226.19535403942427
226.19556810252107
226.1952740380366
226.1956033427923
226.19534082309838
226.1954108104983
226.19537709523138
226.1952692942723
226.1951541046583
226.19544187779684
226.19538276517414
226.19533375884203
226.19536215055268
226.19545951364125
226.1953717289798
226.19532920624624
226.19550681480177
226.19521275608713
226.19556746131275
226.1954599933233
226.1953101702602
226.1954738668428
226.19534943826147
226.1954229628609
226.19544814430992
226.19534027855843
226.19547783137386
226.19528726593853
226.19541897699673
226.19528381941927
226.19551034883625
226.19543354609777
226.19539880900265
226.19545637012197
226.1953257690111
226.19547569758288
226.19538928211114
226.19541498005856
226.1952465040158
226.19501125309762
226.19582535797235
226.19524231283867
226.19538760973956
226.19532327955676
226.19549079843273
226.19535065607488
226.19537495623808
226.1953038218926
226.19559531233972
226.1952051723856
226.1955712233248
226.19521523120056
226.19495809923683
226.1960300315477
226.19496268084913
226.1956968602608
226.1949190571686
226.19585860146617
226.19498550592834
226.19572044649976
226.19512197027507
226.19557651561627
226.195262876965
226.19549865461158
226.195229023695
226.19550273013738
226.19515324552776
226.19557057227212
226.1952954811859
226.19545592762734
226.1952317806863
226.1954361260723
226.19536345273082
226.1954025398736
226.19536213630636
226.19530044363637
226.1953569600737
226.1954140746384
226.19538298739644
226.19548696900893
226.19543440954294
226.19517328147776
226.19547305325978
226.19535793265095
226.1953499768715
226.19550249082386
226.19516741621192
226.19549576417194
226.19532641135447
226.1952990831196
226.19535017687303
226.19539078757225
226.19533583562588
226.19550608868303
226.19540522313036
226.1954102138261
226.19528757646913
226.19550241828256
226.195304624227
226.1955238794617
226.19525101406907
226.19542185751197
226.1954435374355
226.19534368767927
226.1948894578527
226.19609097746434
226.19476621289505
226.195942010032
226.1949046903319
226.19584335356194
226.19488863139122
226.19576002442045
226.19509018621466
226.1958549418341
226.1950063418626
226.19572200931725
226.19508614028746
226.19558441574918
226.1952321530698
226.1956381192722
226.1950857750635
226.1957753595634
226.1950864053215
226.1955856212444
226.19513991977146
226.19562340281846
226.1951021696441
226.19563280028524
226.19511506758863
226.19565817191324
226.19525597775646
226.1954971923842
226.19529986121051
226.19469198161096
226.19621686149912
226.1946750079078
226.19596808805363
226.1948892417713
226.19577277121425
226.19501678959932
226.1957482193102
226.1948921934527
226.19590254870127
226.19516942337214
226.19567024696153
226.19516133780417
226.19567991686927
226.19499581270793
226.19580025762843
226.195078443503
226.19553497490415
226.1950931448082
226.1957686272217
226.19497445999878
226.19566441584902
226.19502853818994
226.1956196679821
226.19526309531648
226.19555243640207
226.1953061074746
226.19552644886426
226.19527097149694
226.19558766737464
226.19519799797854
226.19562225058326
226.19527837098576
226.19531728781294
226.19544853312254
226.19535017943417
226.19546437248937
226.19537378032692
226.19542136619566
226.19525472426903
226.19549166610523
226.19525481178425
226.1953945333371
226.19548635769752
