287.9998131186602
193.58767484563657
252.3554362100282
226.92849034057872
238.4336554304839
233.2364223194927
235.51967572623607
234.5005241615595
234.95068573419303
234.75087681827517
234.83821037413782
234.79977172225244
234.81716467000751
234.8094991148082
234.81348735874144
234.81112534683507
234.8123545611752
234.81195996844235
234.8121989057454
234.8118813930223
234.81199201361778
234.81206879801448
234.81199229167305
234.81180356341065
234.8106778659767
234.81204137750865
234.81204090511528
234.81169196383416
234.81133432074967
234.8119630349429
234.81191579706865
234.8109405250707
234.81167392363932
234.81161408834487
234.81272239190184
234.8113214324112
234.8115997732093
234.81254375064964
234.81184328001655
234.81204901404635
234.81221171696052
234.8095829190279
234.81285316939466
234.81142906829336
234.81248611704905
234.81115895999937
234.8118597496814
234.8122381795656
234.81173191250127
234.81175755525328
234.8123504745272
234.81120216136333
234.81235966950408
234.81166255101562
234.81214712010478
234.81165938989216
234.81219713544488
234.8121901958184
234.8119451172497
234.81111964202864
234.8127100737147
234.81175517976953
234.81201554828658
234.81205403186323
234.81193567033915
234.81213381207272
234.81170716229826
234.81232613839893
234.81169867896097
234.81150282872477
234.81173248251434
234.8119863712891
234.81212618325299
234.8115725860116
234.8121802360729
234.81166253134143
234.81160542838188
234.81215731206976
234.8118634771963
234.81162248110195
234.81229572712255
234.81161040922598
234.81235405425832
234.81211535653347
234.81230380369016
234.81146857599015
234.81156173013733
234.8121499223489
234.81187778587628
234.8121837383842
234.81168071334469
234.81153283529056
234.81216325890273
234.81151015092473
234.81233789610997
234.8111330932661
234.8120545595957
234.81205573950865
234.8117248188064
234.81184879667126
234.81137904118077
234.81073309740896
234.81232279814867
234.81184454915638
234.81183460583998
234.81200440430257
234.8119311045375
234.81047735511675
234.8133518040122
234.8112355556441
234.8125866602859
234.81170592080161
234.8115862462946
234.81235870881937
234.81183718725515
234.8122072584738
234.811938247316
234.81190605378652
234.8116773484944
234.81188511402434
234.81187622890866
234.81196352141706
234.81207342201378
234.81223059866898
234.81248846591188
234.81170622542413
234.81149138175533
234.81231422718702
234.81193721306772
234.81127203853976
234.81190280639566
234.81139739889477
234.8114030817742
234.81221088078019
234.81158642074297
234.81248860870255
234.81198707972362
234.81203502499557
234.81249328434205
234.81192116242164
234.812457238746
234.81186938741303
234.8120745845299
234.81186552847066
234.8119907549917
234.81188607971853
234.81219667979167
234.81180835573468
234.81217486019887
234.81213461738662
234.811747083535
234.8115283869265
234.8120750456219
234.81178330584225
234.81236200611602
234.81126879130898
234.8120579731476
234.81213595400914
234.81208224540023
234.81209598130226
234.81200911581982
234.81180537152977
234.81122457108722
234.81223505540402
234.81186725562293
234.81123195865075
234.8119692852706
234.81168804730987
234.8123148798186
234.81142590411764
234.8116615517938
234.81226338556007
234.81196255225223
234.81233526931464
234.81218685036583
234.81121012797666
234.81209024782584
234.81162782882166
234.8118223041456
234.81232003361947
234.8114805403602
234.81119148497964
234.81261586262553
234.81215319093462
234.81190794931172
234.81199337352882
234.8114862034854
234.8112732903246
234.812204043541
234.81173952459358
234.81204661729862
234.81223320339632
234.8119544328074
234.81207284417178
234.81186220755626
234.81155481738097
234.81157053957577
234.81236411820282
234.81193697774142
234.8118043843715
234.81240581955353
234.81125789743965
234.81248501209484
234.81169963894354
234.81218602588342
234.81203212990658
234.81135441779043
234.81222989263188
234.81188818426745
234.8113739669643
234.81209415626654
234.81172250535747
234.81234992433747
234.81162470208074
234.81225963860925
234.81146559584886
234.81205741637677
234.81205981540552
234.81180406756175
234.81199317269784
234.81226335997053
234.8117441093491
234.8120443020307
234.81213249814755
234.81212479683745
234.81184797006426
234.8121833401092
234.8121184787451
234.8103396222141
234.8123715085967
234.81197762132797
234.8119467406941
234.81189222607645
234.81185005315638
234.81194706437236
234.81188041302084
234.81207400152925
234.8114468355925
234.81159182840202
234.81239244318567
234.81142800486123
234.81158777883684
234.8124212664552
234.81139971259108
234.81209546791797
234.8115446299198
234.81237227765087
234.8114058181818
234.81227896289784
234.81152655254118
234.8124083889561
234.81140960537596
234.81224751658738
234.81169321441848
234.81184129984467
234.81203570830985
234.81173962631146
234.81159217792447
234.81196973910846
234.81183854542905
234.81264123377332
234.81171102274675
234.81198630062863
234.8117249145289
234.81227984112047
234.81254079380597
234.81211890470877
234.81125216709916
234.81232233857736
234.8112155597919
234.81245674347156
234.81185022067802
234.81190880616487
234.81221797634498
234.8121208723751
234.81173423210566
234.81221000243386
234.81129198196868
234.81198045727797
234.8119112644781
234.81236936601636
234.8116289252066
234.81175107594754
234.81203094977536
234.81193252597586
234.812005075888
