287.74133287577365
249.95365311653472
86.267310077748
225.53014043919143
181.59667451757673
241.49144121980612
109.60138254737308
132.39250536523855
257.77328408248195
71.2414641449368
233.17853777871096
154.25100004371552
250.63765748568403
85.19795273954287
225.54391619040916
185.1796485508521
238.90230932799568
122.04408493779192
66.48868442998173
244.28070787844717
101.35117510077725
198.74476827110175
229.90367100500862
182.49088678607677
238.06330081355281
135.49982124581948
255.52176597330163
74.09235393469044
232.76040139951783
148.74897666213565
253.101609125737
78.3204408460615
231.12077449307253
153.69581697435206
252.06914058926486
80.2318467201112
230.23063051047393
157.03341993094364
251.21017974317147
81.986517195739
229.2448512662777
161.452921769358
249.8834826959046
84.91239319515262
227.31700960491435
170.31041786991045
246.83537229478497
92.31371688423133
220.43015185278637
195.88480537512078
234.34913464232523
135.05570383091072
24.425037637602145
252.23074203664146
81.75578703066276
227.86786366750312
176.33023640766805
243.01678745112986
106.87701623065004
144.73144419360506
256.7424139994255
71.7127758906754
234.44887261757685
137.96958368126616
256.04064128226673
72.3840811768896
234.05721185213406
138.61744128993814
255.93182443285696
72.53974844195182
233.99049658666627
138.95694490049937
255.86118909121797
72.6755800299361
233.93989420606522
139.13525307845703
255.82651403962882
72.73773254725529
233.91525041079876
139.23930553194805
255.80529209901215
72.77725786373776
233.89955962336535
139.30291875187686
255.79173839145005
72.80193231261728
233.89004835327069
139.34019809705933
255.7849417899015
72.81491134073076
233.88489503674282
139.3613727078373
255.7806021839715
72.8229026750414
233.88179272336856
139.37430813665196
255.77819751502466
72.82750876928912
233.87986633905894
139.3811711531307
255.77660359827496
72.83044263990814
233.87901640534255
139.38548328323668
255.77594073017463
72.83159029673334
233.87817065923446
139.38882009030203
255.7749474851371
72.83357243218416
233.87751813784416
139.3908849789732
255.774396210727
72.83447996711038
233.8771597756895
139.39188747662774
255.77441506048126
72.83448949049125
233.8771057754857
139.39232875948073
255.77410856429924
72.83524076578033
233.87697264019516
139.3936580197951
255.7740472199548
72.83493937064486
233.87689242235865
139.39626424693415
255.77336362589267
72.83617563975713
233.87634370676096
139.39688122891675
255.7730000520969
72.83704418114212
233.87634959455318
139.39621391066612
255.77343665219087
72.83589056962228
233.87640121202276
139.39616075689264
255.77347618135536
72.83590275405004
233.87653459586
139.39537247052067
255.77374183126085
72.8357607445796
233.87671627188683
139.39510465267085
255.77363207499002
72.83557587666292
233.87665089902293
139.39469573819952
255.7737904890164
72.83547395093774
233.87675607428537
139.3935385108707
255.77410657810833
72.83500231825747
233.87649529320333
139.39436963616754
255.77419970078336
72.83472789571533
233.87711215457966
139.3926160908086
255.77432894097
72.83451899461943
233.87721415363922
139.39239805904072
255.7741382035747
72.83476206908381
233.87719426213152
139.39294970580522
255.77414789808972
72.83472750618967
233.87703326893825
139.3932747134386
255.77408311405452
72.83499119037151
233.8771709065768
139.39241285757453
255.77419198497955
72.83465356994566
233.87714097365097
139.3914029313746
255.77456122067088
72.83398060066247
233.87723056628602
139.39163063776505
255.77445000365697
72.83445659461722
233.8768661069771
139.39366880006128
255.77409324085602
72.83492648513493
233.87699892279488
139.39278518987703
255.7742125494915
72.83473386066908
233.87702709863515
139.3922875295102
255.77435185135982
72.83435251389164
233.8772637148577
139.39315130385512
255.7740741912712
72.83511894474941
233.8769059981205
139.39438459085068
255.77385181327554
72.83537144793081
233.8768482608357
139.39355430412252
255.77410827410495
72.83492962122546
233.8767365273743
139.3933749366479
255.7741012946426
72.83473811405565
233.87693223353563
139.39330175965733
255.77417070249066
72.83483221464121
233.8770066769648
139.39294070802862
255.7737818536698
72.8351564951663
233.87668480964203
139.39441444613476
255.77387245781574
72.83520972974657
233.87689778023196
139.39375219490466
255.77419898300286
72.83466228179896
233.87719283391198
139.39282407076826
255.77415807708894
72.83461952229845
233.87712915175507
139.39273701162165
255.7740276622426
72.83528083260171
233.87683075996756
139.3939983402015
255.7737295311017
72.83543436416221
233.87622218037723
139.4002357991776
255.77252592552395
72.8375502552517
233.87598771599733
139.39691756458342
255.77267679999932
72.83736007042899
233.87567182545172
139.40083266884176
255.77245105212205
72.83807503739808
233.87584363888163
139.39777609150042
255.77317507246335
72.83641949926096
233.87653239932843
139.39490710600512
255.77330342498317
72.83594736151281
233.87567257860792
139.3981762995827
255.77311556605855
72.8365194209764
233.87625181542535
139.39601231436245
255.77357683896844
72.83582440108876
233.8767478265363
139.39372109087708
255.7735024785361
72.83585915954609
233.87648698680277
139.39580683501845
255.77362552648992
72.83560923968616
233.8767757867463
139.39456998702371
255.77385249621875
72.83528864943946
233.8767400677607
139.39375373009534
255.77411759611277
72.8350579150574
233.87656950393284
139.39824935147772
255.772924855788
72.83700436743675
233.87626310742053
139.3961483690946
255.77337436421658
72.83629594184458
233.87659946958593
139.3948032054468
255.77368905261392
72.83578230897547
233.8768539760349
139.39417306677205
255.77391029239516
72.83545222006796
233.8767899150116
139.3937620480574
255.77390516181185
72.83535450029012
233.8769480696792
139.3937532584241
255.77404571670922
72.83497002471995
233.877046286696
139.3929680334404
255.77418046368985
72.8348101189622
233.87707521206175
139.39377384257386
255.77382004958054
72.8351008616446
233.87691600171092
139.39374787040288
255.77400394661527
72.83524701310671
233.8767846893752
139.39385557259084
255.77361836915952
72.83597687605652
233.87633640217246
139.39660379958514
255.77352689905092
72.83600377064431
233.87649619740841
139.39500051323557
255.77379339594336
72.83556021242111
233.87658721162006
139.3957692162221
255.77363124587282
72.83580549035105
233.87673554138746
139.39438373527082
255.7739472390531
72.83524967376434
233.87677076552063
139.39487682355684
255.77383920252032
72.83525908751471
233.87695007477305
139.39325324651145
255.7741911540943
72.8345667416288
233.87698659682064
139.3948941129638
255.77311896064202
72.83660462810076
233.87656009515922
139.3948790026334
255.77278476161882
72.83714016361046
233.87617249574396
139.39789498342725
255.7732694097649
72.83659243088914
233.8762648805714
139.39566787883814
255.7735858515225
72.83572638015903
233.87649367751146
139.39483188414306
255.77373279747553
72.83555724877806
233.87676270882366
139.3940403703018
255.77318178166752
72.8364312370104
233.87610869747004
139.39565804651647
255.77362461635494
72.83569771656767
233.876709822478
139.39414561791637
255.77395460259868
72.8350935383205
233.87689909967594
139.3932513486361
255.77405364495644
72.83526204102964
233.8765750411403
139.3969381244533
255.77322217577603
72.83636820556421
