287.70235510779867
137.1298761895727
241.6972202720941
225.5860035569225
235.8857742006719
229.2954828359559
233.30202695396724
230.93518022059015
232.32352416834192
231.51779581752407
231.98508253315777
231.7147828726611
231.8709324556894
231.78055095248783
231.832502156567
231.80277661071432
231.81985858469307
231.81073029769232
231.81592887412444
231.81288272827442
231.81494520273918
231.81357960917194
231.81444940523488
231.81342546740962
231.81372435177036
231.81394254414045
231.81369754187108
231.81447274458878
231.81333792440637
231.81429421070789
231.81380100059323
231.81356620761107
231.8146574306902
231.81296477593787
231.81347435400312
231.81295498138024
231.81318013818054
231.81461594989196
231.8139799697965
231.8142744808356
231.81411102220227
231.8135106556092
231.81356384093488
231.81363780551328
231.81352050649184
231.81443620852951
231.81342281649813
231.81336865400044
231.81363171783414
231.8137878342459
231.81350406697675
231.81439109016355
231.8138784853072
231.81359736738887
231.81359675058775
231.81381930065982
231.814216013252
231.81415589592143
231.81359296523078
231.81384202792833
231.81319910273305
231.81448837947391
231.81345634708487
231.81413041473934
231.81379215494235
231.8136199042965
231.813579468253
231.8142731846783
231.8141887974598
231.81392199675975
231.81401576323333
231.81305274030092
231.81398667619942
231.81415496447153
231.81330986612375
231.8141215323085
231.81285530474634
231.81413403595798
231.81390828332587
231.81437087827726
231.81394688872751
231.813253015378
231.81423198026823
231.812495701648
231.81457320762638
231.8132859742691
231.813825199657
231.81357138637395
231.81413772718224
231.81351695702688
231.81407432555716
231.81352880140912
231.81408043573174
231.81418811487674
231.81409167027232
231.81358761115916
231.81437881710372
231.8134216242688
231.8144051674608
231.81405805323448
231.81401650968473
231.81374764111388
231.81415982546605
231.8141396078936
231.81417704255728
231.81386482828384
231.8142581699285
231.81404449976253
231.8142575027232
231.8139063320632
231.81404948223644
231.81424015104858
231.81336356166867
231.81449507969955
231.8139167437257
231.81400370894698
231.8133855855267
231.81443512840633
231.81378342469543
231.81367205047718
231.81353764075175
231.81426420231583
231.8139226878411
231.81356442075776
231.81370038728346
231.81354121959885
231.81364307819604
231.81406965748465
231.81427460386476
231.81319145099405
231.8147640808238
231.81330096771126
231.81392609196337
231.81371429465798
231.81416909320978
231.8134133111089
231.8136777086911
231.81423902394454
231.8138544684698
231.8136285153305
231.81404618120723
231.8132564982734
231.81449556509324
231.8131183322257
231.81468398549623
231.8134411806168
231.8142588357441
231.8137506899584
231.81445981260185
231.8133253524138
231.81377987470478
231.81349642060377
231.81403173011495
231.81377690172667
231.8141103089074
231.81347615319828
231.81372299329087
231.81346621964622
231.81350007498258
231.81411350311828
231.81343112592003
231.81423242558958
231.81381147015054
231.81363019148557
231.8140372399066
231.81335176365974
231.81456210494798
231.81325883572572
231.81413024261565
231.81359670329402
231.81428810414218
231.8128115583313
231.81418017058604
231.8130536902172
231.8130492034834
231.81414959504764
231.81431082500058
231.81389463098458
231.81412115768762
231.81342765653244
231.81415804506833
231.81319969628385
231.81379956267483
231.8141672811762
231.8138102265948
231.8139147348411
231.81386747076613
231.81429147393646
231.81373106940737
231.813560751536
231.8143593299028
231.81336852224194
231.81412988617376
231.81339121030032
231.8142268727097
231.81385282574047
231.81416560921934
231.81388653736212
231.81422706074954
231.81348654383328
231.81417217018316
231.81392441960634
231.81364624784328
231.8143961284659
231.81338227716333
231.8137507799256
231.81390201448812
231.81365427061974
231.81386588525493
231.81361434688733
231.8142013820907
231.81351176195312
231.81406553309353
231.81324366135232
231.81415199223557
231.81370798242278
231.81393078298424
231.81396926444722
231.81394095932774
231.81406435808458
231.81356097619573
231.81384828776936
231.81367429993406
231.8136311268463
231.81440419172577
231.81349415406294
231.81332598766312
231.81417493114714
231.8134394332301
231.81365344653022
231.81356516962114
231.8142289496609
231.81412820868718
231.81372987233044
231.8133059746615
231.8139102525165
231.81355274585076
231.81411367778492
231.8138217272499
231.81292553860112
231.81449792462809
231.81352295880788
231.81336860392184
231.81344749098935
231.81438329492812
231.81409757660003
231.81362659433216
231.8141791543312
231.813449557274
231.81356302487256
231.81396095656964
231.81359494912613
231.81416144152172
231.8136845351837
231.81360607157694
231.81352753612737
231.81428216829954
231.81342467565264
231.81374707673967
231.81422487495
231.81358098817873
231.81388902403705
231.81319450911542
231.81443645842955
231.81330524857913
231.8137141121406
231.81407482127543
231.81334927988064
231.81373987112602
231.81420362494828
231.81347628650838
231.81418831225892
231.81381617065927
231.81357337113877
231.8142993318179
231.81377523578703
231.8142949501198
231.81386121542891
231.81406077397696
231.81378294625029
231.814173527222
231.8124435072823
231.81434654109762
231.81360017933184
231.81372944479517
231.81383357016603
231.81364460526675
231.81423707064823
231.81409162505588
231.81412578241725
231.81341383809922
231.81426453098538
231.81414670762024
231.81349927980045
231.81431807615445
