288.190470626015
259.2359013954223
261.7456005578126
261.37410147556034
261.41952266056114
261.4132556143745
261.4142479408006
261.413304260499
261.4137484017374
261.4135155608519
261.4134612210901
261.4131715277008
261.4147327773235
261.41370860187453
261.4141830422741
261.4130417490969
261.4141143267816
261.4135525279289
261.4132926360562
261.41442304612065
261.4131696444074
261.41416910173393
261.4138189726891
261.4141691905006
261.41324572177655
261.4136600976035
261.41328338621497
261.4136364393016
261.41446594173794
261.4137941027766
261.4139681732413
261.41290997337455
261.4132114603417
261.41410201856706
261.4144724883081
261.41440414229146
261.41316161788563
261.41373046530134
261.41430629795286
261.41271882993533
261.41449866884795
261.4145742627552
261.4139746078836
261.4136975444162
261.413503046424
261.4148427895452
261.41378073298256
261.41398782625765
261.41397764682915
261.41408900418537
261.4136593041585
261.4133809238083
261.41400426011387
261.4136013327952
261.4150233127766
261.41350517961473
261.41339742562195
261.41379992636575
261.4142665305699
261.4135924374168
261.41395898628616
261.41329464364753
261.4141452837539
261.4130711002508
261.4144525878619
261.4140948795648
261.41429093010083
261.4138508379765
261.4146252625724
261.4139882647796
261.4142891352021
261.4138261575645
261.4138677316514
261.414000214485
261.4141048895981
261.4131488079729
261.4146237646419
261.4140479030757
261.4141100465131
261.4138156734625
261.41388239829394
261.41426975610375
261.41264544230216
261.41388608454145
261.413587154384
261.41391825987375
261.4138266614682
261.41376572750596
261.41321081454953
261.4143322184609
261.4139497510114
261.414375199347
261.4137034866726
261.41365423243406
261.41298621086025
261.4147471203032
261.4133346321323
261.4142327220834
261.4136955828217
261.41399753879523
261.41450827827794
261.4145547336666
261.4143307585691
261.41292945636087
261.41356128530606
261.4136594922238
261.41449062907486
261.41364149635046
261.4143158607767
261.4141255397917
261.41398557156936
261.413651753719
261.4146770326988
261.4145200825733
261.41403931193054
261.41402944844594
261.41372395218787
261.41344774753816
261.4143639212998
261.41272192812175
261.4144045719877
261.4136757738961
261.4141789564892
261.41354036244593
261.41395798117446
261.41270909519517
261.4141732316639
261.4139090106255
261.4139588449325
261.41331040274235
261.41399965178425
261.4143973262908
261.41428382433514
261.4144461136748
261.41409901564475
261.4138691511034
261.4141611542145
261.41406204749364
261.41409089259105
261.41377445262333
261.4139739272505
261.41331276044366
261.4139092955447
261.414050363921
261.41366773677873
261.41421073814854
261.41421704420645
261.4132481810666
261.4135894727078
261.4134473833692
261.413848761993
261.4135295051965
261.4140655857773
261.41415735849296
261.41335398676165
261.41469493058685
261.4132911439374
261.4137889522972
261.4134254480159
261.4142895850091
261.4145302043471
261.4135828853614
261.4134288981586
261.414464690577
261.41382680622337
261.4141802513768
261.4134693067899
261.41450283047743
261.41377702119644
261.4137102613604
261.41367379039
261.4144187866332
261.41416755087266
261.41360116552096
261.4142973921844
261.4134466932155
261.41412774314813
261.41396598209394
261.4144900612155
261.4143315931142
261.41429187306494
261.413204683573
261.4138477715169
261.4131505354744
261.41445745567034
261.4139434383833
261.414072587766
261.41404024530493
261.4136124671204
261.41415326874994
261.41405748555553
261.41450969204016
261.41320446268946
261.41370116444887
261.41361297643743
261.4142659374047
261.4137235977687
261.4136352204805
261.41356599178107
261.41468816203997
261.414012772977
261.4136243933317
261.41403697640635
261.41290219296934
261.41410960770736
261.4128046567348
