288.2433792429038
257.5333228300286
260.5005676979165
260.0220634305001
260.08501787153864
260.07552046742603
260.0760590118425
260.07717582181385
260.07657607456076
260.07667587830474
260.0773283773169
260.0758923015828
260.0760903871278
260.0768023401606
260.0774644095436
260.07596861898946
260.0774273989564
260.0768102983884
260.0770298656498
260.07710847196176
260.0764632314076
260.07687217355124
260.0764508102711
260.0764210882844
260.07720188563144
260.07705565553806
260.0767826259089
260.0774070384505
260.0760198650005
260.07710005158515
260.0769452404602
260.0761013148385
260.07705735911986
260.0765190600396
260.0770025399979
260.0768633696025
260.07717259855417
260.07660362330716
260.0772387792167
260.07671266555917
260.0771036688493
260.0763103504978
260.07724280010734
260.07632443706825
260.0773725781655
260.0763398859781
260.07674376235445
260.07725038657736
260.0767044699314
260.0767655783202
260.0760248696861
260.0774428306977
260.07696709805896
260.0772601668068
260.07617638492593
260.0767731141059
260.0771624653644
260.0765883458189
260.07729334144096
260.07694004644145
260.0768995301005
260.0766893438886
260.0772830861206
260.07641054081614
260.07761582980675
260.07719837478726
260.0772648596612
260.0767835030274
260.07638046498323
260.0769364254884
260.0771487172897
260.0770820353937
260.0769450237567
260.07690416708647
260.07645675783715
260.0770475759273
260.0770340041636
260.0771111280046
260.0769766008452
260.0768900391631
260.0767089719011
260.0769601513384
260.0766176641846
260.0767173375425
260.076669293594
260.0770780327075
260.07676366945816
260.07791397353867
260.07606106819003
260.0774762563524
260.0763861630767
260.0770252856528
260.0762836255817
260.07662549911765
260.0772737660591
260.0768173911856
260.0761169706893
260.0765926694512
260.07755338076095
260.0758633773221
260.0777117486796
260.0760893111292
260.07679408587865
260.0767982486723
260.0765361298254
260.0756811668689
260.0770466255126
260.0769968118984
260.0772679008878
260.07669941170025
260.0767064251413
260.07696973854036
260.07674689003034
260.077079733579
260.0765225478608
260.07524548267975
260.0775843734373
260.076649472765
260.07614869240206
260.07727092612913
260.0767953895411
260.07677690070705
260.0772830809219
260.07612739615433
260.0765468060563
260.0773730921719
260.0762190910027
260.07721604687686
260.0766734188728
260.0774308642722
260.07712182062096
260.07594753101876
260.07607410592027
260.0771374828546
260.07661355735763
260.076745839433
260.07592867096537
260.0770796846482
260.0765878443053
260.07702376927773
260.07694378626184
260.0774955369561
260.0767664938321
260.0764686742332
260.0767462553922
260.076576783802
260.0762763823004
260.07628756998747
260.0766310348845
260.07664606645994
260.07704444749106
260.07633217825787
260.0774452684418
260.076578112843
260.07764712882636
260.0770359412709
260.07671482911974
260.0762287333637
260.0773946353438
260.07729648913664
260.07540058244194
260.07744742812065
260.0777298738831
260.07662225016975
260.07674192528066
260.07699313847115
260.0773897155159
260.07586864703626
260.0771796942863
260.0759229557443
260.0774481379776
260.0765795519401
260.07627485839475
260.07706467219396
260.0759896178788
260.0771232917177
260.0775469867949
260.07687026094936
260.07622883381555
260.07694550413
260.07542814947374
260.0775586378586
260.0764512713795
260.07694273858215
260.07628179487074
260.076765685415
260.0766956569423
260.07517684328195
260.07774592783244
260.0766958424065
260.076362990294
260.0765175181441
260.07722988180467
260.07733594617457
260.0765505545569
260.07709771861846
260.07717164303176
260.07669825217454
260.0767170826439
260.07580511156993
260.07712680516124
260.07687127355894
260.076448359745
260.07676884988905
260.0770509831782
260.07766376856307
260.0764840552729
260.076658699807
260.07726192384143
260.07593107990397
260.07732913714426
