287.9497280509648
272.4608340801926
65.95228257615713
267.5447742492813
74.8494898791655
266.416272561225
77.55686006247925
266.0013920194424
78.70649845614025
265.8138039551418
79.25507799987327
265.7229546632816
79.52526226872351
265.67871202873994
79.65739216317888
265.65704065329555
79.72279780471581
265.6460965684446
79.75515680769331
265.6402363389525
79.77269679977144
265.6379355909912
79.77944833195033
265.6368459924097
79.78305103650109
265.6363957982494
79.784320772922
265.6361784194305
79.78486754218102
265.63558092516905
79.78665713055307
265.63518446913076
79.7863143849354
265.6360980803729
79.7850578411344
265.6361055174202
79.78535338085567
265.6356737308415
79.7864680812163
265.63566064348197
79.78631335553473
265.63559735863237
79.78662417758824
265.6354800889276
79.78689810749711
265.6349081579683
79.78833803661473
265.6352772701757
79.78751447651666
265.6355617124118
79.78694780439764
265.6353152177162
79.78751263674894
265.63554708720767
79.78681257067001
265.6356820155852
79.78635808704712
265.63585721268464
79.78572292610988
265.6357935087399
79.7860010968543
265.63564722121737
79.78736803578067
265.6354910600094
79.78697301150169
265.6357826299427
79.78646185879552
265.6359323480974
79.78595680197031
265.6358633547461
79.78565106580572
265.63591628869835
79.78602761791262
265.63534245929986
79.78741019559675
265.6352976520975
79.78749367714772
265.63550754880634
79.78487751052671
265.6355962665548
79.78664532579933
265.6358250348494
79.78596353180546
265.63530315115713
79.78753091026738
265.6357481042942
79.78553012090197
265.63599820959644
79.78522638234426
265.6358444579637
79.78595839471745
265.63603734243225
79.78540895608603
265.63579866361033
79.78526023566883
265.63538455466187
79.78704825161185
265.63562190320954
79.78644045919282
265.6350743560615
79.78792818246438
265.63532843906796
79.78764267123188
265.63537796499804
79.78731214830987
265.6348965701327
79.78868724784115
265.6352317006895
79.78828891602461
265.6350053792121
79.7875850703931
265.63563035525294
79.78700247708912
265.63499274498463
79.78830146278779
265.63502976630843
79.788361499639
265.6354302832042
79.78738093090942
265.6352984015757
79.7873822170659
265.6351078367152
79.78831788052048
265.6346769681768
79.7892976953517
265.634572958661
79.78966700253659
265.6343016407918
79.79036088698194
265.6349915534811
79.78844201958418
265.63523794126377
79.78776194000966
265.63573890130647
79.78641068356228
265.6356684272978
79.78655719236122
265.63582228895393
79.78609532714472
265.6354614454467
79.78687189550692
265.63557203185337
79.78681537493685
265.63578545571363
79.78688862422132
265.63505959854956
79.78803462780343
265.63532701003714
79.78717416089785
265.635854982349
79.78592386116361
265.6351370536868
79.78762166621163
265.6356681529287
79.78674705151207
265.63569154246215
79.78653779258457
265.63556473997596
79.78674443529599
265.6354233283273
79.78708968230058
265.63555363480555
79.78661964588537
265.6359057222944
79.78556004543498
265.635744186191
79.78585449977982
265.635100559135
79.78817516194977
265.6355132302051
79.7870322797462
265.63512772713875
79.78803472417349
265.63541015206283
79.7872913491592
265.6355363240291
79.78708715423272
265.6357499152218
79.7859041917909
265.63584245720995
79.786497730689
265.6351286362042
79.78828029912984
265.6358143086836
79.78594033171976
265.6359576211398
79.7856310139905
265.63493564110104
79.78886135422363
265.6346242007785
79.78949872335943
265.6350632578251
79.78832538052666
265.63502813893865
79.78887225774815
265.63507115322864
79.78823732935416
265.63554455337726
79.7868181706508
265.6350695692381
79.78813075899234
265.6352715820103
79.78762045588519
265.635413477743
79.78697913725046
265.63565694987483
79.78603392530204
265.6355359919471
79.7871325102169
265.63558621230914
79.78650657549588
265.6359225355118
79.78563548145758
265.6360341069303
79.78517686889973
265.63611377264897
79.78544850678009
265.63602136929694
79.78535058294074
265.6357073605468
79.78637122735381
265.6353853249311
79.78717197940568
265.63504852612095
79.78822630131617
265.63494867121335
79.78909727449354
265.63503092582687
79.78826180707256
265.6349750764639
79.78862303181086
265.63487626006827
79.78841357932833
265.6351478999859
79.78792116986006
265.6351582642528
79.78686780690623
265.6358928982372
79.78571913503401
265.63523901230656
79.78752279772016
265.63582416650024
79.78643269478926
265.63580235546397
79.78620473264891
265.6357515340205
79.78615609310509
265.6352784145565
79.78775402301108
265.635412945383
79.78475578129292
265.63581894303206
79.78608007078583
265.6358177654183
79.78592060688243
265.6353364280367
79.78726760855352
265.63569551687397
79.78637281838746
265.63554160881904
79.78694379421358
265.63516223602346
79.78785553952912
265.63452080916613
79.78999238903634
265.63506203575525
79.78976215339208
265.6351294705528
79.78759303825791
265.63545731804334
79.78696147173468
265.6357316526264
79.78608777940099
265.635851823492
79.78603768144967
265.63503331627
79.78922309764312
265.6349559528171
79.78878948376223
265.6350569073984
79.78781336551765
265.6347468175518
79.78903231861477
265.6351692776516
79.78796903636248
265.63564327859785
79.78676831211487
265.63544941085274
79.78684374537261
265.63586674199905
79.78601916323532
265.6359285190556
79.78580142179271
265.6359189377981
79.78578258857306
265.6353876277717
79.78719145803188
265.63572839763947
79.78658848490159
265.63568819443753
79.78616792203684
265.63586753413256
79.7859711307392
265.6358725221944
79.78688425065775
265.63582534914894
79.78607277623087
265.635583178635
79.78759216339677
265.63554093903804
79.78656667965697
265.6359744529036
79.78569794005307
265.6360371270566
79.78584720744402
265.6358955982723
79.78597777285904
265.6355016348971
79.78663540934213
265.6358649699396
79.78581781961839
265.63507640249736
79.78828388357942
265.6356087972381
79.78721569715708
265.6357017746777
79.78674740290444
265.6356589302013
79.78618405616726
265.63594973141153
79.78563001891598
