288.0109952523186
216.43150095226406
247.98752902829108
235.4484327371913
239.94513940049796
238.23710166964747
238.85783600067361
238.62639396795612
238.71278545013092
238.68039695033576
238.69249509503697
238.68789702129197
238.68999206588614
238.6885790946135
238.68920287669062
238.6894572912197
238.6884586312117
238.68885834090906
238.68936667038088
238.6891393355263
238.68921053531358
238.6892693239206
238.6889103718686
238.68861646120058
238.6893837463267
238.68831224354108
238.6886839124909
238.6888470831709
238.68921881045753
238.68925443717853
238.689355922108
238.68888793645783
238.6887386794515
238.6892043832013
238.68891715562495
238.6891381226651
238.68945149403953
238.6889199173802
238.6893686202675
238.68947519531685
238.68907940512327
238.68926175161323
238.6886691467298
238.6896129855577
238.688993090007
238.6892020547566
238.6878082703406
238.68950389659585
238.68939741947543
238.68826703647574
238.68842386233882
238.6895141472778
238.68896541953654
238.68907434544963
238.68944397211453
238.68876785438624
238.68962108026972
238.6884769745484
238.68877535868887
238.68936500984637
238.68934794348388
238.6892643305473
238.68930302048102
238.68800168271628
238.6890378771095
238.688478683227
238.68842520161343
238.68935346130093
238.68860101456085
238.68935443826558
238.68875374060735
238.68830802168668
238.68922263669083
238.6874932432329
238.6899497066479
238.6890127475308
238.68936033235514
238.68859132170837
238.6894784058386
238.68871491253958
238.6900779086027
238.6883743896651
238.68978110846
238.6886683126795
238.68923909238947
238.68919351995282
238.68916105915923
238.68938611666454
238.68905551725766
238.6886403112694
238.68871645533363
238.6884696819252
238.68829956758418
238.68953937094193
238.68976126343478
238.68913043244538
238.68989791212516
238.68841941293067
238.6888489590201
238.68948343134252
238.68864043246867
238.6891451808333
238.68973519555584
238.68905710730178
238.68850485026633
238.68982638246234
238.6892381552534
238.68929106967698
238.68915307590942
238.68982462646818
238.68906273584435
238.68916929007537
238.68915182678757
238.68955467915657
238.68914802523796
238.6892389683635
238.68857824389852
238.68999534576142
238.68832776475028
238.68808720661764
238.68989408649213
238.68866281655937
238.68873006189824
238.68880199021805
238.68939796911582
238.6889265831851
238.68943665928236
238.687979838498
238.68974129013077
238.6877516605964
238.68943924111227
238.68932815005974
238.68928295907972
238.68898710895883
238.6891593081309
238.6888510932913
238.68910282589786
238.6892277731822
238.68882990515704
238.68899136279651
238.688707672467
238.6896510202132
238.68822807239485
238.68931980825437
238.6887917622007
238.68940583550284
238.68869402435666
238.68940207906417
238.6894962054066
238.68873286028247
238.68920555839577
238.6891080095811
238.688190611123
238.68912398152315
238.68851513868867
238.68931411684753
238.68845086263173
238.6892988411346
238.68962537299376
238.68815894494765
238.68946203733503
238.6886612648741
238.68945134649402
238.6892855417973
238.68846367786318
238.6889134235389
238.68865026381536
238.68951777110487
238.68876202779938
238.68925585349643
238.6888946299223
238.68828666914487
238.68920423583768
238.68925680799293
238.68901008945977
238.68841846733994
238.68985962054285
238.68907692718494
238.6885288544072
238.68967218274338
238.68883880387875
238.6886148667545
238.68945164463366
238.68802675500046
238.68961272810702
238.68847204640042
238.68912162040942
238.68914674244297
238.6896319577354
238.68917034711922
238.68971606853302
238.6883511328051
238.68910705739108
238.68882290340844
238.68934956667363
238.6891178668302
238.68936222835327
238.68825997776003
238.6893695796898
238.6882121242379
238.6893922437157
238.6889089361066
238.68913761102885
238.68897118563473
238.68960176079418
238.6894431677065
238.6890892638039
238.68955113181437
238.68897689817823
238.68806965155818
238.68974607242853
238.68929151378688
238.68883665461908
238.68914081799448
238.68940866642515
238.68839375587413
238.69002750178333
238.68870183402032
238.68922929746623
238.6892025875859
238.68851561308838
238.68987536986242
238.68921561921888
238.6887214962626
238.68917527269514
238.68907521414803
238.6898359781626
238.68930814151827
238.68897510913666
238.6883593484963
238.68791477261402
238.6891847611987
238.6893537579308
238.68913126569532
238.68834911036538
238.68959439486207
238.68929064115218
238.6891173501208
238.6893902147567
238.68915070458024
238.6893468014605
238.68889147679147
238.6891218032979
238.68918748848955
238.6884461488953
238.69008149309957
238.68909272071323
238.6892451242602
238.68910827793297
238.68950035775197
238.68919910975092
238.68858514311432
238.6895710012759
238.68911814392777
238.68921435928496
238.6889238679869
238.6892836180341
238.68954066831793
238.68879222926626
238.68934194376925
238.68870368556236
238.68939903905266
238.6884958112496
238.6893900080031
238.6890007655311
238.68909537169384
238.68848166582757
238.68946328916354
238.68898577419168
238.68896170642984
238.68935493339086
238.6893000323471
238.6885734385869
238.68924355176568
238.6880283325445
