287.53564640940255
219.5407901147745
160.86553636559552
63.73639044171534
76.23276454324366
243.4602203018701
86.09011041811414
256.13990119619393
48.18063788487075
251.14288621595642
56.88839611402955
95.95506173377953
235.6902786493597
113.21994394228432
249.37702383156557
64.08607550701163
263.1912083876414
44.49724400265768
148.85707250765608
248.55734350785133
61.669097873138526
249.59629978294834
61.568873174955115
71.46753565342351
236.17406734379074
248.09215751382726
235.87401360184322
86.36275011306134
243.99028092203753
69.45246526819392
52.35610065756646
254.20574712553298
50.73574790149087
124.53061646498645
232.75247114569993
99.18633748377124
260.47246558377446
51.0709220710778
95.92389568668841
261.02210641434795
42.9628458624029
175.42883013874598
240.39937894768082
76.57993666807488
43.55837684867947
198.6171616110314
268.373776325976
230.44543068859093
101.26770755910366
239.42937527300455
77.49525668312162
22.45282805068382
259.5048136911664
47.16917526095676
142.5207189486191
251.23025644692098
56.47565941933135
99.19023177932831
246.17233826425945
237.69357184432738
81.86400533207961
40.958779618917106
224.8406373421749
128.7810715162086
225.79222640907756
112.7851892328963
215.2824941029121
252.12399685430137
53.79131054816389
112.2876904217992
258.38732926101693
46.43018205487533
156.95147383397307
248.56580488692998
61.71321531668946
77.26313424030377
248.81761409497994
59.87446476459081
249.86514276145317
62.217070103386504
66.77868702765045
236.30930634831384
248.2414795913901
235.8934689952075
86.20631720937308
244.02158317506837
69.21542196658265
53.24496842191729
254.12800286044876
50.911496580491075
124.22312098232942
232.75550296592337
98.75645659495422
260.6576261804221
232.8252528885787
93.9797419206734
241.9475768610355
73.02494459506488
44.43060155682542
256.16306928886115
48.747827374918415
142.03028712167725
140.5785154389523
215.29285397985223
146.45434692687923
176.0413866380004
242.6787696399042
75.21174135076217
38.66528474617735
258.2724174551149
48.06515499824309
140.325418533248
252.03423704611487
55.17251174084595
104.9925525236722
243.4108338981423
73.06759076923117
29.72997465519802
257.4264313397289
45.75865655437519
146.3352226017705
168.50041973374755
214.92723080192445
267.48440095999104
230.39839509966623
101.06075696640255
239.60508322068563
77.25121480895905
22.51919958167491
259.3452016927549
46.491948293874884
150.99374460050603
248.92480354076542
60.48366784726022
84.66160065155782
247.1071264274251
62.38622604997363
76.8206403766344
251.43212689402208
57.385869943776925
92.11654784420898
222.43997618754292
250.64709179193233
53.968557315511134
111.94225884629486
240.18623152295913
240.03678342593776
76.7342591612396
45.361017963747145
217.0545294231415
193.70687398393784
225.78448768131784
129.29902208969725
215.6436380046871
180.0042985477703
237.7801616677025
81.10071731062635
14.4464719411626
260.669074575133
232.85847397721955
93.80026267897483
242.04109151214652
72.8411106176427
44.81130378662783
256.05878117927205
48.810364905235474
141.45516002184013
148.28202481892367
165.56378472784127
215.95018980639725
267.83643819495046
230.21335273821023
101.73362138005177
239.33340723725996
77.75350472809805
21.227800553075213
259.5147804957305
46.68161344175314
147.92424837957515
249.72862421753962
59.077751345641445
89.65586787206848
247.13529701996595
62.32821508169582
76.51034889816219
250.43027388612245
57.21647641151503
96.42670188675402
245.969928565617
66.79682699562545
59.09262375896651
252.34859491994575
53.42571411827521
250.84807346818707
61.86540032283665
65.1834390109143
235.03646768597537
248.78844631213724
235.92307672516472
85.81235200518859
26.558498456586676
235.42780816773302
88.15537890054111
241.44028230427648
73.21769214366213
49.42117601465725
167.3776108258753
39.758914823192754
269.1968807055964
230.37766694618767
101.36757041826058
239.60001852776622
77.35509491228004
21.977086310551385
259.3554422088855
46.31425585770194
152.8066627618755
248.39496628824418
61.42863687850331
81.57102103158104
17.179101885820273
245.39593178725045
65.28685162832699
69.84090569170075
65.07684132701979
81.92647448871139
268.87633505280974
230.37730371455837
101.36418004380539
239.57838007350801
77.37208989863575
22.012241717086
259.3687406210447
46.37747610475344
152.0792895268387
248.6003532601535
61.06375168251543
82.78318766200391
9.60842808138841
246.344655886096
63.44046351444558
74.43079778037645
253.1915662885949
235.15694484515552
87.78316633329086
38.48929018889612
222.9390656579053
134.06826615264436
221.03897361418785
126.61394537436718
206.54459521996614
253.1177284218138
49.91471672472835
129.73143825957231
228.07827884232393
244.90952981293958
67.42415002378402
63.481809891352896
87.18750598464248
231.4298073101818
249.78455801452947
61.76354238221393
63.9796840684794
265.30046155543823
41.26620618314337
172.31261762575014
239.08532613076386
84.77226668923686
243.56771450912493
69.3548995741221
57.66771980138583
255.80409459149814
234.23416910167725
90.13736159056134
243.04975820124673
70.88728950006771
49.451229082405916
255.0952819376471
49.827146170333435
133.56822683408973
219.15576580245397
151.3205783909507
124.61156808659143
244.9739974018521
85.51595604349859
257.00117702555144
46.76365513372002
251.68733817365865
57.49892617349542
88.9265166119294
221.68013487277494
251.2515139568277
53.30369793484715
116.17950387037854
236.92233499642316
84.69780853435805
5.673603173563606
260.6929953857907
47.85310779071733
126.4033352692204
254.91466435613984
50.45290149500943
126.1416899441756
231.74452048662351
100.5662862175086
260.5675631292397
232.8555501306837
93.85086428416253
242.0008094680088
72.93380115063337
44.598000028330716
256.1094027050858
48.771527388787945
141.77618999198603
144.18568465793214
199.28848460783774
179.24648843902105
25.19240414275555
253.34520320087904
52.3923065229028
230.86217379760637
249.52721643808763
235.8879536698223
85.44651580275968
8.046492459558067
239.48616304485768
77.86229042059858
50.73858332831878
175.11311809968902
231.46141659768182
150.16688432772935
231.92879939817067
149.37803190371778
245.03300681627297
69.84559902313049
247.77631828455196
62.961090351323946
71.14421764171857
249.25561790067877
59.28706430827151
249.61961421638262
60.35480880449177
78.68046352990496
236.04903064093378
122.29514927134733
252.88851185201202
53.78347312644473
109.73461817389762
242.01121358996897
239.30735136762087
78.38194448250579
44.07037423711154
221.2405827834882
154.86027019366156
93.5225537307997
259.8963713603589
42.724448843466234
153.77367307135137
112.68315258150687
241.17052523624443
248.38392697139352
236.13075008201122
85.60405373405956
244.10331685756682
68.61821023799712
55.63972234413086
254.03675489487068
51.34756785801437
124.3935981180548
231.0624395114428
100.23682247764373
238.69527699322498
79.47412576328497
246.1238505356887
66.42832860186172
59.00067925617623
251.66098880002392
54.679022506883484
250.4608293341298
59.94232396129519
77.61593125140644
229.1480921546754
250.09425737713173
58.88298582362768
81.81223122264782
263.2398674409633
42.20443779655034
174.24584047705866
238.93225685771904
83.32359517268196
244.73490456669242
67.61345937095757
59.23434603656642
253.9835875157878
52.15916859723802
121.74541808193317
212.09887936651648
254.14707665046444
234.6139718221675
88.78983759038965
243.2874753459182
69.87740764638875
52.925193350354675
254.84387273214816
50.65128341650416
130.4447027027345
203.93226720532402
256.5892210982274
233.76316930467146
91.3105949844612
242.73157028103014
71.50421819856274
47.90841283471673
255.38377390282403
49.470158330965205
136.12710663971666
211.8114771296241
194.6543106464087
229.6216019092244
101.55049935482384
223.44454860308906
250.71454945493315
235.0692879052367
88.18829971044033
243.52343679388287
70.22654607538425
50.598741962749045
254.6617859018006
50.18766614013293
129.0892730022606
227.7869281405292
108.55277982295956
215.954016206917
251.69062766231946
53.103496092837304
119.43778269544418
258.3332822214579
233.81731458110153
91.39139413407247
242.71603462735948
71.72199523066229
47.21655718133843
255.48247303556127
49.30859196149686
136.99743938939355
209.60629516439803
200.536247894197
224.4443722144788
115.62387949069671
233.57660861033946
89.73692650503654
239.71952913528366
77.72485333190707
246.4969245800603
66.0449278298911
59.511072031149524
251.06760783441132
55.95585662931262
