287.21714755058895
204.30758140340777
160.89761147823026
235.80922853112259
49.784025038908794
202.44345449916614
141.82138912306823
23.64638657178739
265.81558086685095
98.1114180156028
244.27826548996245
177.81163589041853
218.5601439823804
89.09581865310929
246.86882180313523
168.50771897955883
228.0890470526033
61.00974420993589
241.11665848108532
173.3320460062505
81.09924451885581
234.1075738015943
49.48848076043305
203.746645188603
159.37017003485016
147.48433492834465
10.847106923467436
262.28243184940857
107.33856225394175
238.31750124316477
42.46787389795463
190.32314115978807
245.5749831549574
149.06046091368444
213.34018985868715
225.3826791295869
66.89685388082216
108.26128380817863
247.36899003643157
157.87893904699013
237.5637590382994
194.06415491322696
188.641797376471
44.67535021874937
221.93714383760744
74.44906001044728
75.62277190512577
256.5670199808919
120.3680773738688
99.8486982618906
249.87216433640788
141.20542083096552
223.66962242541013
214.41789564734427
99.70899171738893
195.27229133900255
216.7850089090589
217.77664337627903
94.08866994856908
242.76892570761083
37.11596865161664
215.43885056482577
95.62465855580558
245.40695335794953
174.1723703085554
221.51098809883297
79.90945940835991
249.172038989238
156.4978361185913
237.48886041668993
195.61327499005347
177.2570745791454
73.60672417381284
260.42034838363907
113.92675625809716
238.1894243786628
195.96799356575139
167.64144330284034
221.34033529661974
81.06373011710093
262.4307960232363
110.5947161963195
237.6070868671486
44.00064981356627
203.23063671620184
234.84534571161566
200.18743579855072
144.64380735810482
17.51884228383642
253.7539312107292
171.16964365005333
243.04162211565563
36.51629455116927
208.92334099605068
259.35263628645043
108.36514757531768
181.17787615444104
59.937000105644984
254.12088942554692
231.43302272161964
200.92462025533678
168.44678979591845
231.94496875152618
207.5803608198912
116.86568766358323
154.8638619113517
219.6683794969831
264.8713453199962
97.59103685384616
245.37653280952145
166.27175307923608
103.41701364273831
246.9557324058369
156.49795343755613
168.0593816253313
119.88139933939965
249.28902422725878
224.26835236540137
222.87679934655898
205.46411506720324
232.3723214547208
203.3016422085966
137.73197071438335
44.67423547112048
259.59333663397774
111.31614514359171
146.64905190582067
15.367601705544075
267.1156695507525
92.2644897402497
247.19042345471098
158.20586042633659
151.67371842992725
243.34143382131515
173.17279913266975
228.96519450648339
209.1014045112679
115.55165039378335
150.45060037451185
243.19209663535003
40.03651012121554
215.58154935594212
92.56351123342029
9.692625458075781
254.47613547014043
140.6818048520363
241.05503952722938
39.51205117821519
210.65782285088062
128.84524228278315
239.3926471336381
210.27851936250227
221.8080542202515
80.09876971381163
247.90058917818533
167.39881564227107
225.80426904100023
68.70498105721344
251.13934324820002
147.62202929998602
173.69143651339982
107.92071706903516
259.2343697948818
229.73413973497372
206.88138680517295
125.441681952223
80.79376015449088
238.3480819640099
43.298553189015365
215.61045663459663
92.51000093330367
8.839394378403085
255.0976457871875
135.32234090103157
244.79068364459818
180.37320106969855
209.68337533836893
250.21129999364348
136.30997621858114
49.29305958830082
201.73211465937493
243.8276532813543
144.4546915490646
19.01922067466512
257.88514593937
230.53212980045646
201.82253529120499
165.98384185809846
232.61679246098356
54.74327652795182
187.03685781973036
200.8351236023882
8.79699315741891
258.14957487399806
125.11941679548909
247.91102018929814
168.79190535831003
225.833939411561
67.68644993128692
223.93454319537705
82.36843280239555
235.95563993338874
256.4717119219422
115.79109315742971
125.01848759755376
242.02712052805146
163.97230300825322
236.73907777319982
186.88296404172434
47.56014198550838
214.16051584066008
106.33732681760739
242.9001235610849
184.7342936322093
201.08291438187734
248.6228268092891
165.5792268346704
213.32199582516478
145.29691322334838
250.93237539436814
229.9749924744974
60.74392052128678
135.57146533654304
246.5827752752739
7.892796586922486
229.88613313374663
61.070445875506266
132.281438335267
247.8820982998077
230.64201658497768
207.74585840905638
115.03121133382228
171.87550516490592
247.63386677693052
15.480823496669473
228.18484198040096
63.97468388316338
115.24598202283232
254.18365369444655
141.8369229286036
183.2583870594026
55.812789573588816
245.84509566388442
17.196819373290055
263.6882672083884
104.18928000039887
240.4678085104024
40.77754985397041
214.65295262722793
92.14504466601647
13.910342343777302
239.9252414356888
37.902317326996126
245.11703605984803
163.95267653594055
118.33339993043774
255.92298104857764
114.5239789097468
165.2562939970012
210.64393195354933
239.89500878313265
167.00974803700956
127.04420581095474
233.93141362302413
57.83454794459249
251.33391593017586
185.9827246152854
237.2412222991843
44.99249038089329
243.70465738493658
165.80277086867864
114.4927914442087
242.1714665939653
180.02508067141753
222.41139229632972
75.35017650252848
66.00328177549818
254.92392381385434
143.03736229226342
240.14093617492472
40.63040278725384
205.36307097990357
251.01373925898224
134.00374475766148
55.53927705429669
206.50357771187555
179.52144253149163
244.36594723940652
39.667222695745295
213.797102397235
95.439440869377
5.102088239538716
256.3820060056896
121.78420406494115
235.97985477880866
194.8040034245205
194.1411390876019
193.15055930946255
209.7371870148345
228.7184672261792
60.21305205835961
152.18806173620396
190.9093669133872
223.46486718377855
207.75353749461647
232.72099628884462
199.16106520545145
177.44744553542114
224.50131008595054
68.70849519057083
100.18448078141955
250.2471497378574
144.01306742626184
219.04141616959532
221.82690978553728
74.10029237823619
76.53087410800799
244.21950182509318
164.8495723688975
130.59963357425295
248.2392386268475
171.51861064336845
220.70876779100217
88.50209859634924
254.78012304013828
145.4548029606085
239.38677699303662
41.80667602234462
206.05812580425118
234.71900646854192
193.5337698126241
201.42988115340995
141.9800703361543
23.167976359691238
266.4482495911943
93.52547044596577
203.12661889255105
198.0324326044065
233.51277660622145
51.784121004122426
182.33934449126536
58.47713763435604
260.8636089581705
119.28369430762541
250.23751189772156
155.64700854539115
237.72038705923478
196.03791660368734
172.23323271067056
100.08804465664434
245.42122837157513
203.9894803452189
228.12681145087117
62.01755370676983
239.71318583113316
184.89006795486785
214.7151317344542
93.55294453157694
229.37879040859116
204.57833214131824
161.3743661899789
227.06933975339052
222.57291435240768
209.5848048141488
134.04920669044077
242.66568812116748
36.481952169095166
196.28838417535007
211.08851162951032
220.57535333112173
87.22161192580825
256.76302612942527
126.70964919496328
228.84415906778304
59.23379629124247
241.16982677395572
177.0365926079976
70.14367919167853
95.24429783332744
250.56927174593147
162.22471785802918
225.4478300542105
223.53529305492702
208.84108511696104
136.33401054028946
243.0970253301639
37.32525553944288
216.59995575436915
88.36451021318499
230.9333605790307
206.47091494704364
129.70726765159634
66.19570260989713
138.15930760277843
30.122122589003993
265.5870323340205
228.45201798932976
205.39327489775314
147.4732737065642
242.41571767620917
182.88953363113978
214.97638618460041
98.15161435547634
201.0487574961735
203.68486144646886
225.16952829835645
74.89997848009807
257.8298549142055
125.55010566725105
220.75937376801448
247.42040550553065
144.08501725597307
40.99259373398672
