287.46878056874056
84.62798501551521
237.5132913334354
221.22382075019163
230.1716089051181
224.8767720090707
228.10959715420063
225.97934407164757
227.45506490439539
226.39952479040585
227.17259371758792
226.60043673743303
227.02776836167322
226.70788329437255
226.94824097181572
226.76740079682259
226.90374620448165
226.800885695925
226.87824682841438
226.82026878472516
226.86370126700604
226.8311354507914
226.85545751967948
226.83727782347887
226.85108143780144
226.84067081580451
226.84842518425648
226.8427195271106
226.84688042993548
226.84384487829266
226.84605241498502
226.84423904480718
226.84588496604192
226.84443508210643
226.84592303612226
226.84448577017793
226.84546369739292
226.8449487373491
226.84508052834462
226.84532915144882
226.8448688435692
226.84541295779854
226.8448543365921
226.84535161735948
226.8450164078895
226.84526919218843
226.84504218268557
226.8452835897151
226.84523790040294
226.8451834262887
226.8450484444893
226.84513117139795
226.8453002667702
226.84511835041485
226.84515907077366
226.84489430567555
226.84520127428914
226.8450663894182
226.84502520130263
226.84510363663867
226.84531035584223
226.84502304068155
226.8450324537771
226.84520297056952
226.84513811649595
226.8450997389118
226.84513463627445
226.84532910419875
226.844705842861
226.84602449632803
226.8444902606243
226.8459633871389
226.8444942617607
226.8457719900216
226.84476009085847
226.84540710126385
226.84498825295668
226.84506482397774
226.84546705723915
226.84501899524548
226.84503873097128
226.84513387132392
226.8448236934346
226.84558438061504
226.84470341560518
226.84547071107954
226.84493647392446
226.8452244068285
226.84495611328748
226.84535621088435
226.8447969541703
226.84531991492622
226.8450508210226
226.8451985935244
226.84498432974215
226.8452324656755
226.84505302420075
226.84512793396425
226.84527415400953
226.84503736780243
226.8449589114607
226.84570807732234
226.84464541585476
226.8455853184132
226.84460938895063
226.84556332119246
226.84475613595714
226.8455402176187
226.8449290241988
226.84530792008445
226.84482519239828
226.84531428410264
226.8456986864403
226.84469782133965
226.84567350419093
226.84480308694765
226.84545109255123
226.8448452612647
226.8451344689238
226.8451291263773
226.8452510161369
226.8448971675025
226.84524174038233
226.84517792421684
226.8450216047786
226.8451446846957
226.84516116277518
226.84503288878477
226.84532732365915
226.84498654596973
226.84560175311344
226.84457840552932
226.84535745656467
226.8448273910035
226.84539353026776
226.84493250129162
226.84564906348533
226.8442966343864
226.84621377515577
226.84427708678413
226.84571007113118
226.8444464198401
226.84586775513162
226.84459797252202
226.8452613799309
226.84567739418708
226.8446485426175
226.84525681106606
226.8445194522501
226.84647323797253
226.84408125859045
226.8458923821454
226.84476090671524
226.84522968615784
226.84481360026257
226.84538123395032
226.84488393217907
226.84541055031877
226.84486263014696
226.84514898282214
226.84516855272523
226.84547185357223
226.8448620381896
226.8453304347786
226.8450999911147
226.8449763113167
226.8450477345832
226.84519849642675
226.84524108620099
226.84502198581322
226.8450244557971
226.84536102096172
226.84488313609472
226.84544958685728
226.84492179419613
226.84494506332703
226.84565576400928
226.84477602938568
226.84527794094174
226.84501994898892
226.84508724452462
226.84509635622817
226.84499747014343
226.84531185233936
226.84472740955243
226.84524182014866
226.8453755865121
226.84536687446234
226.84519291748438
226.84521195044363
226.8451685858672
226.84505525015265
226.84524894858623
226.845019686647
226.84534083078324
226.84471704043972
226.84583425690653
226.84458001457097
226.84566882470972
226.84469898472162
226.84546962624154
226.84508591303165
226.84507728179597
226.84519039673614
226.8452406427823
226.84501168060524
226.84527946011804
226.8451530784223
226.8451788622915
226.8450390689104
226.8450088573445
226.84500391718757
226.84574029938085
226.8446550330409
226.84540714077593
226.84494601860933
226.84513747452002
226.84530559927225
226.84478982778091
226.84587275901868
226.84468060272047
226.84559276452637
226.8444398858701
226.84589745954145
226.844655648747
226.84575020652846
226.84454448563338
226.84543995345302
226.84542879652872
226.84507193799072
226.8449722565856
226.84524400616647
226.8452735337778
226.84478758723708
226.84577838641417
226.84461740190454
226.84557141782716
226.84486423945054
226.84519754323992
226.84519131142588
226.8454523694818
226.8450083839125
226.8452654051216
226.84502450215223
226.84491169782996
226.84506305081595
226.84519470267696
226.84477030117705
226.84568001233856
226.84463221626356
226.84530734815053
226.8449254201114
226.845233621003
226.84509627665102
226.84484791275463
226.84569348082005
226.84454713646846
226.84536430281878
226.84478329606645
226.84545903210528
226.84463066289027
226.84557739381853
226.84505880787037
226.84517477620102
226.845159542514
226.84494714369066
226.84535474632867
226.84502754289133
226.84515267550887
226.84511888299312
226.84507143650262
226.84540859484696
226.84465859388
226.8460222982685
226.84453137194214
226.8456012067909
226.8448258263088
226.84527538371913
226.84531350969337
226.84495946091192
226.84533670263772
226.84498733740475
226.8451887057745
226.84476914271363
226.84518287000537
226.84520098750363
226.8450660101953
226.84503221328487
226.84537240795908
226.84497224622464
226.84523076591722
226.8450844452891
226.84492614888586
226.8451505228877
226.844903260484
226.8457271825173
226.8445936908538
226.84562586655375
226.8448241881997
226.84547562722582
226.8448277304269
226.84532275846868
226.84498510339472
226.84508924862894
226.845304973147
226.84504879858287
226.8451095991186
226.84501380170695
226.84547352070513
