287.98075745854305
104.14195110694862
266.94187614205407
186.1461119724986
248.89006062206568
214.3519322086786
236.65834917557095
223.63172695139065
231.54918994777063
226.84623561527042
229.6713939261599
227.9851469183709
228.99559754948132
228.39120331364757
228.75155662037923
228.5376154013984
228.66505713158676
228.59009139508998
228.63447602621727
228.60631905270475
228.62463214539457
228.6126291395949
228.6214402511705
228.6155012644922
228.61688474611128
228.61841003059635
228.616900850222
228.61714139049036
228.61792499674993
228.6178183908287
228.61719634354813
228.6184281994192
228.61759518482904
228.6174082328671
228.61828671217881
228.617689214012
228.61661806298616
228.61869023119107
228.61649822116306
228.61884835334786
228.6171889810048
228.61866735685908
228.6174723864915
228.61845005228133
228.61652744200546
228.61882155776584
228.6171634027305
228.6180855929506
228.61773997907403
228.61836965257135
228.61728720322208
228.6174368737593
228.6183479652973
228.61753371033774
228.61828172048627
228.61759315428208
228.61684957418402
228.61745161098952
228.6178410330249
228.61741184351195
228.61801500101865
228.61708652686139
228.61755555284617
228.61793508887058
228.61689707529877
228.61853600530958
228.6180568614909
228.6179934876236
228.61814773563674
228.61743683775785
228.61773104597523
228.61780112427004
228.61759065929073
228.61803941507605
228.61808886380095
228.61782730309278
228.6175028390753
228.6180381057602
228.61759079203694
228.61760479705845
228.6184577583117
228.61731798901747
228.61676200150032
228.6188197420197
228.6173838374234
228.61752055510078
228.61762759345947
228.61805142460435
228.61764966412738
228.61792465030157
228.6180686067455
228.61783042247407
228.617825584628
228.6158657842352
228.6179445194939
228.6170823911889
228.61793672755812
228.61763248292846
228.6177639062007
228.61729366483996
228.6178324080829
228.61756358193816
228.6178296988728
228.61714824182127
228.61849498047377
228.61758800969255
228.6174581918167
228.6187344201171
228.61667294553627
228.61832702059473
228.6178932278126
228.61780673055182
228.6173857406684
228.61838721937966
228.6161954938143
228.61900045439688
228.61644334981247
228.61882585395506
228.61703633136494
228.61678831028257
228.6175595537061
228.61799473092833
228.61674670328648
228.61814065952058
228.61617257442413
228.61901036482595
228.61706906469772
228.6188261003772
228.61804146820214
228.61687473759957
228.61716589389835
228.61794618264685
228.61597416886798
228.6189330014604
228.61722957913298
228.61797286267392
228.61747878567257
228.618347366144
228.6176148006707
228.6182009744225
228.61797730289254
228.6180292230929
228.61600589156296
228.61885262635042
228.6171877565066
228.6180916598314
228.6174691919514
228.61754791548447
228.61791635792906
228.6177666300573
228.61676804330637
228.61830214508518
228.6181526357177
228.61726917591295
228.61763149517355
228.6158717198996
228.61824331268144
228.61630030103697
228.6188209148604
228.61708809236734
228.6183422361646
228.6179247783948
228.61753872958798
228.61706598215824
228.61785366797994
228.61589604613982
228.61886571668583
228.6173102984394
228.6175859201394
228.61813142125902
228.61710684737773
228.61818884110835
228.61628850498528
228.6191600035163
228.6171822198521
228.61804268334527
228.61772299133736
228.61776420874958
228.6170244136374
228.61864904030517
228.61746797483647
228.6180483745411
228.61830800311873
228.61725046963693
228.61836332961684
228.61760799257172
228.6177138796411
228.61812326766085
228.61777922236797
228.61766203924344
228.61738602596597
228.61717753267294
228.61852271650423
228.6180502195566
228.6170266901172
228.61801612078852
228.61760716048593
228.6179196360681
228.61763081458776
228.61731807938486
228.61718736948387
228.61744927467953
228.61595012083126
228.61884522251785
228.61424261672073
228.61997853299545
228.61528521707805
228.61974099613144
228.6161838088592
228.61942704039393
228.61705669999355
228.6179244454397
228.6172869725997
228.6181131103658
228.61663409156608
228.61832365380542
228.6174024084321
228.61857416512794
228.617405394034
228.61807801257237
228.61671905886033
228.61785708424577
228.6172475903877
228.61859855850344
228.617057328971
228.618384345682
228.6179930868384
228.61720870513818
228.617691334337
228.6179613544664
228.61666100630828
228.61856371583417
228.61755146214273
228.61833267503243
228.61779045352887
228.61817099891778
228.61788851264282
228.6172474793857
228.61849839510978
228.6156691917131
228.61980733726523
228.616578694302
228.61876926694822
228.61725875668344
228.6161535805295
228.61889865185367
228.61690977652324
228.61802879911556
228.6174673106725
228.6165828483936
228.6180624394765
228.6174237380328
228.61811208710424
228.61800933626364
228.6183808620699
228.61719802123844
228.61830083216773
228.61577941130963
228.61792368673196
228.61773325616377
228.61589088346227
228.61829608639528
228.616428633366
228.61828324213275
228.61677068118297
228.61854377346754
228.61676486762008
228.61901921556273
228.61677065724507
228.61886371868604
228.61670663731638
228.6184571794147
228.6175576144742
228.6179187053349
228.6180192577158
228.61711283112527
228.61850471966318
228.61682741461846
228.61801292044402
228.616962432352
228.61878617151524
228.61693290782569
228.61721911266795
228.61697386967717
228.6171214094211
228.6183259555255
228.61562666640384
228.61792332676123
228.61729860545893
228.61839277906984
228.61718729567656
228.6185922461882
228.61564504390117
228.61902954393008
228.61721256903547
228.61848365174956
228.6179371907201
228.6177621900133
228.61780851367803
228.6179393958737
228.61826138322067
228.61784266351606
228.61636382283177
