287.9618590481076
60.95568736194792
269.6329791826705
97.10948325850904
265.0074304357995
115.5742669105257
261.7902182802384
130.95207699151842
258.7770421978962
145.42874952730062
255.58830145352567
159.67082783522892
251.9627099190252
173.64180001900877
247.72774493815723
186.55162643894255
242.96764470984
197.29375318394614
238.15123394683815
205.3229580569132
233.88390186112247
210.91081939464766
230.49781912482558
214.6722172291693
227.99255652014017
217.17949737002618
226.2084002991851
218.8495053968254
224.96371661434932
219.9658429721385
224.10390390123575
220.71523303464892
223.51599468436325
221.21853937778724
223.11456452533457
221.556698001752
222.84275529874503
221.7852371646768
222.65569422392764
221.94054568218053
222.52979689763742
222.04596509662406
222.44426293302422
222.1165417777902
222.38652177915537
222.1648010506833
222.34633806869715
222.19692551407206
222.31996450843872
222.21911113213355
222.30161144247177
222.23438109721064
222.28921446237837
222.24448396491061
222.28100104971963
222.25039587964784
222.27639145848661
222.2544250941428
222.2730233927905
222.25756951924632
222.27072774554472
222.25896200180068
222.26893015229507
222.26074061650797
222.2676147835009
222.26071071597835
222.26763975330687
222.2619755063206
222.2658860263
222.26339159202325
222.26524118389352
222.26376833215545
222.26548458050092
222.26322268279182
222.26408883702607
222.26495309760503
222.26312650445834
222.26583277137252
222.26335751879014
222.26447101469967
222.26456797608625
222.2651425717304
222.26422016923607
222.26396130965077
222.26466045279813
222.26358372128016
222.26536146990838
222.26402345440147
222.26497607128476
222.26307107966204
222.26526710152757
222.26409841010172
222.26521087776564
222.26302151713753
222.26533630344056
222.2627145155493
222.26580998578356
222.26351081252142
222.26423754696225
222.26495850056745
222.2632915551876
222.26549327493194
222.26396239050882
222.2642816364896
222.26447083250605
222.2637458683239
222.26551613627817
222.26330085460359
222.26511262627173
222.26404645753064
222.26608390558977
222.26286454648653
222.2662624940058
222.26344109227648
222.26557201571268
222.26209705744986
222.2663042630229
222.26285925600678
222.26583389403822
222.26343445441307
222.26518778408354
222.26322847654228
222.26522468923213
222.2644632107258
222.26461956105777
222.26478162387502
222.26391360715206
222.26517537071777
222.26411136328534
222.26505563571118
222.2638474266132
222.26429769583774
222.26453455303272
222.26435673566448
222.2635644304246
222.26450477775506
222.26429352567357
222.26477748812613
222.2646181991222
222.26485541313014
222.26464254500752
222.26386897351767
222.26508171942987
222.2636670993743
222.2659675386676
222.26351636840263
222.2659186445744
222.26358445807273
222.26431852325913
222.26481510813028
222.26406370706536
222.26355606378638
222.2658015024208
222.26401797827566
222.2647897679417
222.2645055643734
222.2632971726125
222.26544980413746
222.26358495846216
222.26505368871585
222.26265365302243
222.26632893383794
222.26225935988623
222.265565805792
222.26354717444337
222.2650865933465
222.26311107158108
222.26424231704732
222.2652299473193
222.26346363355697
222.26527643225563
222.2635445825581
222.26384707374382
222.2658780374186
222.26384910594788
222.26469403259398
222.26397788272152
222.26452848104964
222.2647763499117
222.263862257023
222.2642489098871
222.26418106238998
222.26425103623478
222.2635178493365
222.2653075994458
222.26260915036983
222.26493086976552
222.26375467445177
222.26484290248482
222.26472512133478
222.26383452174923
222.2647175691891
222.2636859001068
222.26416288039763
222.26511658303934
222.26427434104698
222.26447395885043
222.26369184410578
222.2651991666935
222.2630883376769
222.2655815010221
222.2642953279792
222.26402495714865
222.2653961916294
222.26361961337534
222.26523239237576
222.26377543085255
222.26540324583766
222.26380893331952
222.2653481332527
222.2639627023018
222.26518766467052
222.263454051601
222.26475108979503
222.26322339702165
222.26603121581138
222.26324936220772
222.26500785142707
222.26301702859928
222.26587831621873
222.26288064751134
222.2666666701989
222.26305226475233
222.26507006623433
222.26302753809432
222.26547826734895
222.26370689344185
222.2653660056967
222.2644751486514
222.26541927200742
222.26401428008103
222.2655691146938
222.2637599233276
222.26485597353894
222.26387688316754
222.26610778413306
222.26285854830348
222.2663153008616
222.262674250509
222.26656465655833
222.26324118574848
222.26586504618172
222.2623043244239
222.26516431164055
222.26459795712435
222.26489405042958
222.26364016231673
222.26561960404797
222.26366824528668
222.2653423120937
222.26318315879325
222.26590312966437
222.26373633395997
222.26538474095287
222.26353004062548
222.26492346523446
222.26413170419983
222.26388925139327
222.26528925285675
222.26400665020628
222.26533871005813
222.26385091234988
222.26483820534486
222.2633523109398
222.2655396002374
222.26341547748598
222.26530621985148
222.2637600045855
222.2646874703787
222.2639253912639
222.2653878012934
222.26393656134314
222.26473224867368
222.26479643737548
222.2647860951838
222.2629422905884
222.26470069013885
222.26371537179512
222.26506539540424
222.2648117741046
222.26313651750388
222.26627825621108
222.26211096359475
222.26576773608394
222.2627804193471
222.26564270885137
222.26299499000015
222.26572319399565
222.26284440747986
222.26488778517523
222.26412585168146
222.26542825897923
222.26368321124755
222.26555210757942
222.26423099001113
222.26402161212172
222.26411294250283
222.26484650641214
222.2641478359874
222.26381308295822
222.26524723718467
222.26380167197203
222.2654066526884
222.26365971160703
222.26415322042885
222.26501649143756
222.2642986113351
222.26440561974596
222.26376273011556
222.26539275878167
222.26391122292262
222.2641332224739
222.2648168997548
222.26446581508208
222.26412764613633
222.26488455437357
222.26442805129045
222.26426568265015
222.26424747594865
222.2640365438565
222.26508219340758
