287.6729508257158
243.8792740706998
69.24963058522872
231.46731497897235
97.42271731393953
185.1322024099984
228.96684312902357
141.1057296199176
247.36696484496815
65.0481581852132
211.58209166709958
216.18380943802822
129.0543549569079
23.693343764856763
267.1819066447806
246.0321676797821
64.87013172029219
232.565638705526
95.2189579966107
192.64226918077384
226.49602323905037
140.2333401996566
250.53131551512615
57.360370858787974
235.27679285082013
87.56199641209969
215.49320670010457
175.36720758551837
240.9275837269197
74.56143037178936
229.52976160184699
102.49408561261134
146.7860986521382
246.70663926340785
69.69786824685434
263.42573390119287
248.29765385646533
61.601582055869585
233.91106806828247
89.86512404711357
213.5443777068249
174.4056561682446
242.95996724680117
74.02254389713926
228.93786387073305
102.99979245654868
144.56936392839634
245.62468634613106
75.14489685594162
261.8198223280124
42.254067733349075
239.0601704693163
77.9287525717591
226.3591058250895
116.33595472066918
62.4881674555636
267.5926640430007
247.64049277216145
62.977774129412865
233.49561555781474
90.88213987627387
211.72399626331026
180.3352487471475
240.31121198169603
77.62013218504944
227.38926490941776
108.1255510205574
105.08104502713832
256.8804121345165
47.39969192325225
234.03505705648422
104.74018573341164
256.58671222286284
47.57450152524689
237.79689406837497
81.35661473811342
222.73755266555236
137.2634467617354
254.0814311451395
249.73624643261064
59.707071203753
234.3913343274071
88.48884078224
216.03246121817574
163.1064571328352
247.52732412924524
250.92717068794082
57.87505795173638
234.92196840890756
87.18271045519941
217.87703836460787
155.3120322829709
249.57391246231782
62.702410543675796
233.4475659037089
90.43470321349741
213.633605165709
169.47549802787398
245.41831005822314
69.07333769135221
231.3638067800457
95.95609648465324
197.2571384769799
207.88037081070433
221.34156245402846
119.09107968069657
45.05488577046344
265.06009276638724
19.15324553810933
244.50263144867495
67.83120020177375
230.88165710225076
102.10773342976609
126.19928089901077
259.0920475690218
248.96298164775726
61.01185165073184
234.02541162295893
89.41423089619275
214.5785782151106
169.08337584403853
245.3555506905468
75.91881995172662
225.2094305243154
114.39953428981244
72.7812252767144
262.52544001233036
39.11558387834157
240.06702949636747
76.62706266867099
225.89422917630873
123.77087604667031
256.74279062023925
249.26625278246138
60.45223272258954
234.17562660994372
89.03411588593008
215.1787549146029
166.73187308372871
246.23051393529022
251.14612837907043
57.41747839812888
235.06571068916674
86.86611085509503
218.24177892795706
154.065831366177
249.84373044950917
61.98571512583294
233.73867669529864
89.73516669933451
214.83485880495573
165.226798224925
246.77242744093382
66.20412784116343
232.57756449280714
92.74395490325696
208.5110937159261
186.05077474390419
238.15801756628935
82.42986708084209
223.42164217886602
121.67829643590812
38.45605313541455
267.3007357634924
3.8633103632964776
245.84593975864118
65.31340265272593
232.4797628763481
95.17295427537465
194.34355531963956
223.64250314612582
161.53321301633696
241.61361452432175
77.59793542788248
194.24644683449878
234.0133842193536
84.32670593847433
223.923671224009
123.42305220332491
33.644541501344065
269.2283854005582
247.65006119064492
62.93101618876244
233.54742126986093
90.75020057303482
212.00556998331012
179.4087036179044
240.7610881484652
76.99302317562251
227.6842389174053
107.11909730061598
111.84884834771219
255.3353015922621
50.31824531958409
218.89521010062163
201.0242715373024
168.0690916289168
267.97189514857746
247.4181974285384
62.6146372547737
233.6432707868371
90.82872263833997
211.20993821049342
184.87591023198183
237.3517289466763
81.68756368919276
225.29914446348994
116.08967303821555
65.72515771871986
264.4120131318341
38.07426975235285
240.47689388298022
75.21228935711406
227.77372109903808
111.78643244953128
77.6729130290405
266.1935901874822
247.83820760145318
62.6764021225099
233.57434781405027
90.65725255532016
212.20027824537829
178.57455766326893
241.18736684798932
76.5099104017936
227.8500342610496
106.52325306894636
116.11618745009764
254.27419409412687
52.47980050604383
208.2310060294767
263.80645900008676
247.59902839263668
62.821329425154545
233.49051642452105
90.86132825995446
211.68890600618033
180.63350138665555
240.12204265916807
77.80297016172699
227.34427258924552
108.31647565624007
103.82230642472132
257.17784206805663
46.86430116253905
235.18936494897935
97.21265992899862
259.0934982249746
45.836387999297585
238.19816152648127
79.72024483580026
225.13498685628292
121.28956583167746
49.058063554657565
241.6428908330854
79.41740407615725
261.28099566231685
42.90732152313285
238.90755740043096
78.18997974508966
226.22152645389724
116.71934117722412
61.37122461227409
267.6570074686024
247.64172736192995
62.97881702378072
233.49638336236967
90.87901486497867
211.73307151439803
180.29455868488003
240.3331518298146
77.5931309884254
227.4002695072486
108.08574086541194
105.34034778959904
256.82218205195386
47.50524280285754
233.76416120996873
106.6225829461182
255.93447744585865
48.44364759269229
237.4598968543578
82.48017721713404
220.99532554247708
150.01998629118316
250.1470216455491
60.684915824080235
234.28439051643363
88.48295693878026
216.65732906195626
158.68974724777217
248.66489098955935
62.69979409693042
233.79993941610155
89.65693393761467
214.88453502921038
165.5164206927002
246.701785783167
66.94585119982366
232.1527987477748
93.80794653762132
205.51008463397739
193.0560358637449
234.06589115866518
89.01980973381433
216.1154526379105
154.87520381591457
269.80885822827986
247.31699323064822
63.44320999388583
233.3770487189904
91.2016375362291
211.02753026744176
182.79750642705767
239.02602124534314
79.44566681295692
226.46424226273666
111.38013027326087
86.34622704589856
260.66562378950766
41.4312297503493
239.22694384216447
78.9921940015629
222.68136657615833
147.8715813724848
249.5081749551755
59.38858379499288
234.93226159324695
87.5929101020738
216.95609814242925
161.5061009831843
247.75813927402487
250.7474938165833
57.73549047294364
234.9988494541758
87.12316320555692
217.77564200629422
156.19296587635472
249.65487362028216
250.53117931504676
58.504863622263656
234.73768435313832
87.6249802603852
217.29082644973823
157.48282674927032
249.32968573112157
250.57029587443685
58.322907493202365
234.80336372938473
87.4914737874933
217.4306276566931
157.06031827178958
249.4492102268705
250.5573763500288
58.39430396168609
234.77750758950424
87.54285326685931
217.37962216722372
157.1997840184049
249.41007538662234
250.5605358408211
58.367648587882286
234.78735676713404
87.52380662565702
217.39713887883408
157.15884878713405
249.42207068145217
250.5608768756647
58.37846891634399
234.78302427048038
87.53158528122003
217.39107011575834
157.16574752193992
249.42036081061815
250.56022794733872
58.37307837315893
234.78440775326453
87.5297804120637
217.3906655210012
157.17957622214453
249.41620198087185
250.56190529211017
58.375181211478775
234.78404092718847
87.52988859180186
217.39265497631277
157.16139129234944
249.42161563584523
250.55961122484587
58.37425893577165
234.78480835814844
87.52880963338248
217.39281822940393
157.16789089790836
249.41965613601496
250.5605536958319
58.375598440674366
234.78407147075632
87.52979179927206
217.3924290845316
157.1655884658103
249.42044593133323
250.56044718563498
58.374199856683845
234.78482884154073
87.52783916758199
217.39447156518872
157.15890597054386
249.42237821457093
250.5600409928884
58.375349061141605
234.78354938398115
87.53061758828699
