287.9961140676775
180.7897928198846
255.18207605466932
222.90177537197383
238.78416372176525
231.25909271834325
234.7673342658518
233.1097005405818
233.88718614727668
233.52150562299403
233.69224834706574
233.6121610719456
233.65026280348047
233.63182665234854
233.64101720432063
233.6368434388305
233.6388949856837
233.6377744088959
233.63817444109463
233.63835099260268
233.63825415283463
233.63818894184897
233.63844309476463
233.6386503835256
233.63795753872364
233.63789800136692
233.63803698873744
233.63856447991202
233.63781648103395
233.63852572361975
233.63720294363156
233.63878499997736
233.63820693085654
233.63772373125903
233.63815801274177
233.63757990119484
233.63857898243805
233.63814353600173
233.63845397446676
233.63768295677073
233.63757693959815
233.63843035634272
233.63797293884454
233.6379088795493
233.63836802849255
233.6384873198458
233.6376104530118
233.63815486112435
233.63635591240745
233.63906567779122
233.63799938962256
233.63799982086493
233.6384055314702
233.6379874182603
233.63819702299952
233.63825338669267
233.63823072595187
233.6378430326149
233.63800067635384
233.6384390686071
233.63786224858632
233.63766487784233
233.63780639634933
233.6378510275572
233.63856881675383
233.63832021893177
233.63750892832468
233.63795740058413
233.63839857217317
233.63838626535653
233.63814186401942
233.6375878866529
233.63808266954584
233.63826446305757
233.63770928322992
233.63716353832206
233.63850186020863
233.63798155921904
233.63794417831377
233.63758931700067
233.63829870379413
233.63804516731398
233.63824465606376
233.63776460460576
233.639047636967
233.63814141452895
233.6381099096543
233.63705751402085
233.63861398043446
233.63791551668328
233.63738947640377
233.6383738028635
233.63797625802908
233.6380529080925
233.63812694973603
233.63821907942474
233.63806952939194
233.6375680507481
233.63796586910757
233.63852780689194
233.63752241336624
233.63769212515035
233.6383169101755
233.6387629111996
233.63771380505932
233.63775279123365
233.6380255345939
233.6382035046263
233.63795663773635
233.63806467295217
233.63848435121326
233.6380376053712
233.63809917963954
233.63827672176558
233.63831943519472
233.63829921928118
233.6375712893132
233.63789629186795
233.6377208144113
233.63846589711466
233.63856629787188
233.63665424393548
233.63908280259784
233.63746338913916
233.63854898090358
233.63797482760128
233.63846696274413
233.63817361501424
233.6380830928465
233.6378994162078
233.6372379592649
233.638240298038
233.63768464283203
233.63808656063338
233.63883349348907
233.637822431534
233.63830895403953
233.63834615024825
233.6379526862802
233.6382949105464
233.63768292173336
233.63810987779289
233.6380827808389
233.63800205296138
233.63819450973097
233.6383648079718
233.63791533957556
233.63843800609902
233.6381389921371
233.63794233409862
233.63763880551414
233.6380203967783
233.63778144812386
233.6387470233749
233.6379327294053
233.63785375485168
233.63807506503508
233.6376404233597
233.63815650550532
233.63748974872578
233.63803965101397
233.63833958968462
233.6374413935264
233.63817322247633
233.6375565379567
233.63876084802178
233.6372191997798
233.63893400323286
233.63846469578857
233.63830065471848
233.6382128507612
233.63828508085862
233.63782971615
233.63825116214866
233.63813753111026
233.63794307444914
233.6380431906582
233.6379702145714
233.6378732640078
233.63845005750773
233.63777271473373
233.63842601583747
233.63791116128414
233.63824874732381
233.6379782984077
233.63745354777348
233.6388975119553
233.63788067777932
233.63819835121103
233.63851774139766
233.637556089001
233.6383742125181
233.63800652165082
233.63759946344362
233.63780575501733
233.63852350482193
233.63828130776528
233.63810925438884
233.63758983672597
233.63819073571358
233.63800146066933
233.63845038863656
233.637607452285
233.63816491786565
233.63862082026026
233.6381699549529
233.63795440988906
233.63799251905584
233.637751954564
233.63817001918505
233.63763980966178
233.63845794934605
233.63789073158114
233.63866691362637
233.6376470316609
233.6379531732382
233.63810288198874
233.63745927708806
233.63867880092585
233.63788578230015
233.638399326519
233.63723021328042
233.63868655599072
233.63750029238872
233.6381269119156
233.63845072661934
233.63821369830112
233.63831671858497
233.63812939365744
233.63811186153907
233.6386816498125
233.63778471272963
233.63755069942272
233.63842309484608
233.6371317356825
233.6384640786564
233.63816545906593
233.63636449491605
233.6386216062383
233.63763181722607
233.63818015094148
233.63844402610266
233.63799577484315
233.63793613464804
233.6381450224435
233.63829815802455
233.6377723909245
233.63854679530778
233.6374419409549
233.63900656966143
233.63784494406718
233.63804844905098
233.63841811593738
233.63834866331308
233.63787631632295
233.63811245604302
233.63801093617803
233.63791897955525
233.63775444967905
233.6386332194088
233.63781443685002
233.63814717828063
233.6383287695935
233.6382783271547
233.6383028680284
233.63781427311187
233.63829855062068
233.6377502882824
233.63771008899494
233.6385033018014
233.63810541515704
233.6380468243442
233.63823509392387
233.6374553352216
233.63810700351314
233.63821300539712
233.63807886792347
233.63774401237606
233.63763405104692
233.63871448698046
233.63799907900102
233.63824434658454
233.63843472057488
233.63755559531273
233.6384132008825
233.63818682046258
233.63784863030014
233.63791302088066
233.63788544778072
