287.95900053739285
265.6519086361353
266.8304203204243
266.7217886833557
266.7284165305873
266.7286994753854
266.72912926940126
266.727807496713
266.7276850878734
266.72927892003645
266.72846268215017
266.72850438685873
266.72890966564137
266.7280327454164
266.72929800816473
266.7291669094511
266.72864548152575
266.727644878245
266.7269982109119
266.7286733795063
266.72844083908785
266.72845543018957
266.7283214295003
266.7277121192492
266.72836564872523
266.729088304206
266.72901680571704
266.72936275549546
266.72806745640446
266.7286742103097
266.72871900136124
266.7283500684716
266.7289208476577
266.72868302656934
266.7287468640352
266.7273771575965
266.72818370967434
266.72901137132794
266.7288418778735
266.72915149251276
266.72843943472617
266.7275486607505
266.7291208544302
266.7291106948396
266.7290284272349
266.7283290440537
266.7290982840459
266.7286878698724
266.7292917137056
266.7285078956156
266.7285633844185
266.7283647721961
266.728971384091
266.7297283158914
266.728781295762
266.7294333263708
266.7280846604117
266.72862794863613
266.7290828822843
266.728847192182
266.7289527912362
266.7282910691865
266.72971140313166
266.7289274624709
266.72887291371444
266.7289029338499
266.7285870178821
266.72844565298874
266.72931942835567
266.7292785021273
266.72833106651524
266.7277260749688
266.72946868045256
266.72899106429395
266.7281848460261
266.72910427140596
266.72826303806505
266.7285786966386
266.7289097562825
266.72864014938386
266.7290966681612
266.72921234124806
266.72850501691573
266.72880251157767
266.72935639394564
266.72851660980814
266.72838501068327
266.72889052846585
266.72861130165984
266.72842037105147
266.728703291883
266.72940739467595
266.7288808290905
266.7286806170232
266.7282385623912
266.72914657049114
266.7287409194105
266.72967139996763
266.72888687180966
266.72868968291004
266.72881277801207
266.7287161567001
266.72945754577086
266.7286500440823
266.7289886639119
266.7286822028036
266.72833211406396
266.72888272460114
266.728563640645
266.7287794594158
266.7280441531693
266.7287816162716
266.728704589048
266.7285090953228
266.72875163129356
266.72823069882725
266.72955485601415
266.7286126282561
266.7288213238571
266.728111160337
266.72916062673903
266.72884225197777
266.72898778804665
266.7286377732089
266.7288216022862
266.72887655913655
266.728649825076
266.7288634260185
266.7275885147683
266.72930822150374
266.7285803899431
266.7288791064202
266.7284750431281
266.728779501238
266.72888483281713
266.72730607449193
266.72950107404904
266.72884502867237
266.7292727573513
266.72911260784895
266.72916128895304
266.72801993228495
266.72831967238744
266.72858358352096
266.72879879319225
266.728546664177
266.7291167958174
266.72902284251177
266.72895880446595
266.72903867973946
266.72914181761735
266.7275328762189
266.7277322938462
266.72818714652385
266.72854098741664
266.7281902974064
266.72913726871775
266.7289520403574
266.7276552456751
266.72944349449244
266.7276108745864
266.7282450163184
266.7277661117405
266.72889560357726
266.7279091959499
266.7286138115305
266.72958732886764
266.72745897028653
266.7296788767562
266.7282595505967
266.7279747030261
266.7289750519849
266.72881533621694
266.72877801323193
266.72856107901316
266.7274644246645
266.7287238350691
266.7285714515019
266.72850674777874
266.7283317111287
266.7276054011745
266.7284381237114
266.72784626805515
266.7292977271718
266.72798529853753
266.7287335399742
266.7268895582383
266.72888403855904
