287.21161226733386
185.44099884655168
42.83885550153866
247.93985803807084
122.90918928108749
80.14945634864262
251.43429936244434
125.18203591886027
210.9729436521386
131.9971334342422
252.65706697672476
228.19959867295984
199.16967246097374
147.90566261483173
207.84816144142906
106.59190439287113
256.53318429190494
96.4810154438228
220.51908252500562
213.5947202529569
86.0019226864597
229.37720091925894
201.6218292889207
127.60062631674646
64.79703625070124
252.83426885790595
229.38465526766504
190.32318421813943
202.98959841319993
229.48435984792104
52.26324634129378
182.36091298801148
208.9612707928236
214.08037461320055
264.2525626247116
76.56188269139966
64.47581767925476
131.97264621719842
43.12788470619853
254.3874640185095
162.06263631328693
246.1265499441215
160.53475552490272
221.13122010314328
245.90017201138653
122.45737116788223
86.57406705505127
255.1456199574477
228.40842477158003
196.27863449516371
172.62034275511542
224.83988360840522
59.02867189403696
147.47133969198694
189.65699917841266
246.4065652168465
121.53544853192034
90.92765872463133
256.1915974337553
113.87050896001165
250.38370581124036
127.44934921991808
222.97469021785946
63.5262076009858
249.60288791840867
137.52802981027526
238.25524147560645
20.15505357339498
247.07703274030428
130.61714851101715
228.14781920768291
199.98591800969734
150.7693367315951
165.56371008761198
260.6405688619343
88.06961395090184
217.23622065203017
225.94499376680324
190.44549767864373
17.121622035923792
248.8862908639203
130.6500421574856
204.64541025992366
173.088840526274
242.86471931350752
173.06813924227754
203.55241601889065
175.53029505957966
237.86752373782292
23.44000860356755
245.29619982127406
150.726158827576
234.59351090437121
41.33030844757377
191.19516316140653
213.8833323196559
216.13671680578045
80.95867383742734
226.22654846312435
54.46323532180031
253.60188853899308
107.40928567305673
163.77179313297893
140.089334085882
253.95933134315783
127.84750408866603
245.02956837255988
160.91876720784785
222.7149702948809
221.66193888220732
201.7596608639069
161.16999887887505
214.75982481048777
262.9757437269036
87.61740389657643
244.7136108822633
158.23079872749076
224.8127573188067
219.59543777625004
203.45600948025822
231.56988047131745
190.85978785782572
190.50237115393247
202.02879655150173
122.98194506433356
239.17212395235038
152.02225778218053
235.9733062752166
42.195574787430814
209.93921980941013
224.81615556432735
58.55774436151842
143.66196289189975
225.68218074103788
201.79144663614716
163.57653245895926
215.3345737560594
262.72966378719866
89.37886815860838
240.50572177187132
7.544599685796129
247.5654751824477
130.17463442137523
226.20220639913896
58.69815113325603
140.57482799401623
243.39849896607484
229.52038179483498
201.45393802278704
120.14538815928245
239.38668983716343
151.4893203639367
238.22399353228684
171.75747491851507
225.87667428793793
207.86709015181987
99.81821875248716
221.08065991163312
208.3675467307039
123.38999529071589
238.55925431066862
203.10690822465403
222.04830460205267
68.00308901868266
244.5527769162436
247.61065010709717
129.24365622396726
226.32286855457642
55.74704637295508
171.01221475787315
229.5945930487942
50.854283749453316
195.64702721487993
166.35007206672162
231.94620326797303
40.93701093675918
242.25175822569145
160.21451082140265
214.00170760342007
115.80566429033934
255.78188456337375
119.2571595806221
248.09739767984138
143.17148491864646
240.33489648477553
174.97021661014878
211.32903144934244
228.09624973461177
202.71480732420605
116.10597671673895
239.62067379850487
164.5674335508229
230.85747241832723
199.2419809059429
133.9924170175873
46.120805396589276
264.4793948737133
80.49643986673618
230.72060336440336
200.5625802283539
124.4542659468134
82.340131866913
243.9755841767983
13.1968406993401
263.3923758093588
83.85016582631215
206.6389057755223
237.37833218282321
142.56534176341665
18.33969508716109
247.3314198814187
4.007540101942141
264.24832283923024
79.17585215135477
232.42881945206318
191.3411561243047
187.5465615006833
210.82723239074403
224.71379172216984
59.81459188212466
137.80635794431873
247.92890924320818
135.3045670321735
220.47642896213074
66.87223636751878
239.5393037313188
155.51242602338607
178.5452957255984
242.96804862184217
169.04046562152507
218.90552408578515
78.9884507021925
255.5599493513655
114.19063574295433
250.35378551833128
126.51275877311127
226.5947572162986
54.09007228852715
241.99099988208036
145.0615068731786
214.48142297909362
217.8492380731841
76.316768444849
216.0163300636923
100.3413856662446
258.3136174180763
107.18991481869307
218.39199913519406
231.20273003254988
164.51947358201141
259.50184495518624
90.74197361154074
222.17372966936819
62.65778509134543
121.08359822528291
100.80053746161138
255.202717863227
228.90868567035068
194.09290512974985
186.76420088112354
183.49022381893883
224.46535842469166
199.7591757575865
172.03013395899325
189.86069690385193
25.619428861347842
258.52789968965226
247.87256463611266
119.98858011700213
95.42364457584335
257.26628041605
102.54925316022127
242.32962684698578
152.8636577103607
171.18832393547927
76.94093805579178
240.626644453092
161.46454113900836
118.03383267158642
111.39482034993125
259.1810781358654
88.28259982536838
38.583462053895346
234.75265404427773
192.69367168743338
164.0993955368176
251.79691211272439
111.63379215294844
133.12014733567776
46.61430951907823
264.48173818307987
82.68839784918237
248.36340173693316
127.43478322368173
230.60572342439264
193.31249575459515
190.14865449618082
173.66436988767236
250.2131641311862
111.64407722369651
165.54010573294363
214.94435090530897
263.4439299098158
86.03477584492066
246.0230741710111
147.00064956098504
239.1300818288437
176.96176280609507
212.02394288463984
104.69177878295886
248.1986534979369
215.07847041070636
94.81426010331779
258.9756503053068
103.58555996093492
228.97591748162813
243.3709532635694
128.59325024562713
62.270327133563114
260.91311085804773
93.29171672888333
244.61927269303123
148.61957598602748
166.22537612883025
259.1533115949569
94.79894454950409
242.08015273485216
8.684445723716635
228.43566068739165
200.09981014195364
137.4048532519082
42.842127295501996
230.080299157431
206.0695171308471
106.84154562663753
241.2855401115521
169.84391654888168
199.0359072641877
241.31730213560513
139.49519608332776
23.814574828982586
252.95708047265362
107.56855847440602
188.41146418929566
171.74339951029106
103.04467548549292
259.0714133538713
109.59700745870941
250.73903431810322
131.12017247917538
245.81234130819212
144.57639560506504
184.10900848430174
218.24204396491405
222.03204811966862
190.13099436562334
213.1214348323847
210.89254095687647
219.5334909120429
221.76333392923698
204.26127430147608
128.89958290480718
219.73687087769213
224.85134544262837
193.64104755729204
8.951777843845775
250.43287329327723
115.90172649022134
113.95783171639778
242.2685164975992
160.91701633548655
234.1670616780175
185.83009088266408
208.1008766633313
100.12211812577152
244.84200747213617
137.29333269386552
224.1622985718568
204.31548632126942
137.83055225653516
241.18124703754438
10.796430447298917
227.2899962911324
54.20291376381647
174.31026027984626
221.6479754015454
68.48266965594667
235.39785514416872
25.093776222449378
260.5221420752641
97.61370237531082
253.7278779381886
114.86647360800998
234.80026691340026
44.873420956209884
203.4015727953083
120.92713367845863
253.99277521079057
101.13199622444517
215.13420979048533
218.44536204119504
74.38573943001393
