287.2318636700588
222.19845819607207
100.30027092453088
227.02501560424025
87.11265447166943
33.28987394314777
261.338948555506
167.2755027704104
234.19630535509964
68.89422808099789
240.4190765765884
207.07433427030674
170.58827066178856
130.83551872879298
237.93245279659232
64.14242110012583
154.90131444351255
239.53409574711532
60.97708701877127
252.96995944914488
39.44758940244719
220.27463731746775
100.54719073578326
4.902905078831282
257.3139575362211
166.66679417157866
147.84800985235324
44.85417928381412
234.8732496902794
216.54113106913337
127.30157973284076
237.55368396727772
212.18884048001564
142.68025006137304
52.933486035218266
227.72790842488666
225.11633261591123
90.28423634821047
233.12773050856958
216.13249414496386
125.47609394808933
102.71127855402847
233.91277050987082
215.54091356013123
140.06681408003715
211.7906343562263
193.61570286421193
239.1668871812708
59.58172382122575
242.1923291513267
205.43307221198484
174.43369342650112
115.19368689065777
231.63214894072917
248.02461095605213
190.40564137485308
218.15611730885394
112.74244589427872
210.11442641619033
138.90281718546248
234.72730985571798
63.10921837840033
175.487388140431
125.09663798666952
256.4908225675026
167.3970900387776
137.7502175993577
60.828617719547765
244.63685780708875
52.06829533016753
259.1197955529278
232.76442341493384
69.12610349636816
116.79869344861072
247.8225958203875
189.04246749491358
58.01729320944651
195.74250307074544
43.20638726812831
259.603385332397
164.78868304062053
137.52414157333988
236.90623938853605
214.3290649046794
124.00541603030797
141.4114970828341
230.41408174730896
115.19558700466587
233.80730810267778
100.14462088579239
246.67284786633172
217.40128846894004
226.7836369462202
87.96060719465095
231.7279442063591
72.16357243817765
105.7737244964992
248.62945219197718
46.65128948636266
214.53088194907104
123.00391606111225
242.1206963810073
203.87145887273073
189.52950429737393
220.76348342117126
103.4235834944302
225.31317132287586
224.02507622049234
95.22907870949348
228.48781377910927
79.74896957880628
71.63512550558153
257.0868344169576
176.09286820757188
230.27140604766828
76.55294626557588
84.08090067981175
62.884528193269944
254.1038660389786
173.97630725099225
114.4684187182429
241.33405374904396
54.12999790565664
176.89998049337737
115.40779353593825
231.5930134304872
256.87674858452374
233.9414542185441
65.75917260216374
147.12954919579352
216.9934803317119
260.76262923478134
155.73668445114527
191.5729113755624
54.52945291103606
263.16153162320916
159.12059269545352
239.67987456518313
57.6677352608167
194.40625679180812
217.7296473804381
120.18314491341152
160.77509785906295
243.25297888940258
52.95814067411993
209.00803238511435
154.3818529753553
11.367211304997909
262.9246490337464
151.81883298556932
198.94831689574494
24.63063367459108
251.85657438272756
209.1297632184578
231.26674015030585
76.7483699796503
236.40067318451474
63.00682912272896
170.23137683441018
236.0664310754728
65.20002496801317
241.71138126513688
204.98610321364686
181.41214520031644
77.19596105162782
86.18840771038231
228.0491802832039
111.08722846658202
231.88121422121912
255.67507124052645
251.5927120526103
180.5025537307447
79.49879060864623
77.8554493454867
95.32288191601401
261.3130381099327
233.9967398057488
68.25823376901826
129.16480422805762
252.12553348593792
40.16555217591667
220.52604230003635
101.2134176693362
245.11078078488936
204.14596011206595
170.3919092249489
238.36667105607194
210.26933442780864
152.71215595242393
218.62037127139047
113.68270417708845
256.52111560878257
174.7485686481741
231.65146420853853
72.96492488644435
100.25848222744389
225.122334461048
231.9735551199483
214.2075116541164
143.5920173817649
210.4295020493155
260.34648899271997
160.84783248709573
153.68375807807752
227.18150021235488
219.5932073708027
124.02474267698562
221.74968917861406
145.18820986968785
253.8332588490739
36.829993008192105
222.6102695409063
96.86648162129131
229.65701137547876
220.0713862813791
108.26685778861429
212.8677416456776
144.43182671981776
43.815098212638986
252.24851000281342
186.56668142915441
221.96930018093553
100.28893687896925
226.82962841208064
86.30570661598176
46.43310186739836
259.6608790541868
36.681963639042806
221.71418315438495
96.71896689168352
13.666323155513965
255.8715488003436
181.28606215331092
223.5516613387881
103.63547154533444
244.74706879394216
50.172453017105
211.47787737223553
138.68648646058136
60.706805252237245
262.53583174326195
233.75849510006083
68.57962130584201
127.0744341933605
252.79280773628852
40.00123149139108
220.30692506447667
101.5971821576677
243.82408838033007
48.82889569782856
214.62439083642676
125.9418795814272
128.76940836010908
236.53519064580178
84.01801937077107
245.80936295325955
220.11484934118926
226.20788211200124
86.75403778194595
60.78180404937302
221.1598101530035
231.37732607481303
74.98041678665322
91.72195574866055
22.967755563557148
256.2322643825537
234.1275394401382
67.57424414208799
133.36059894337814
249.99934215063695
41.12903773152357
218.7073265618892
117.09664265046013
242.3104753677908
205.25277851965075
179.77549699982046
82.68256531202496
240.69102208994445
206.33482431940502
181.8485975422809
227.40583958315256
83.48334201062971
62.04666114128486
204.01873793287086
11.210065084989765
260.07594117650297
234.78966392842995
214.36166731968115
129.23958095809212
89.8855725115427
253.72702777206723
182.28317304098164
226.87424180626113
83.79638453514781
59.867053737907554
249.8724673557881
191.53220898543077
216.269640918792
123.95353192040056
126.55092529766262
226.29335722638643
122.95150308388111
228.96488306715037
249.41371211627848
213.38352008687798
227.47899840012542
89.67535336672154
248.80443301550986
195.59323475469137
205.6414101558912
194.2161121739773
196.79509665508522
221.87839811899175
222.67383768531727
107.35676781671646
242.48983079344907
52.246055003473884
206.2278494646598
189.6284529397526
220.3411798820889
109.69909762947646
211.69533096528903
151.78460347268265
11.44809569750214
231.88415348432318
247.99967981758527
186.09050644395757
64.8742016206379
169.13753591224668
149.8385369158932
14.868316918204073
269.03283467833535
131.9874298607465
230.0751510123955
81.57472459728888
250.8729125659156
191.07647963128693
214.09961978216597
147.65613531845156
198.68271464786085
247.12124318165297
183.47264073709084
75.78207672381541
251.27360659187252
39.47853941141511
220.92461098145577
100.58521769169602
227.9173805618775
221.31837657153665
104.9020080090122
216.96529266188736
127.12630115967477
98.29238186476869
237.4308364548633
211.3193489569967
164.11832546467485
237.65351157706755
61.322038585538394
176.3041688978119
100.26535327154852
260.8123059303616
151.22319284394325
218.64824621754815
109.51157653110567
241.84181386619457
50.72389500592544
244.46939000663406
200.6124130556127
194.73665380102466
216.7421243302233
114.55476215679664
243.8421973407967
204.0249083797098
176.68556000523677
110.0156145626679
253.65718840487534
36.35001962418028
223.14656074950472
96.13655475193809
228.88229125813814
79.43079374861554
71.01292677306628
254.47289687549346
13.308238166267984
231.24158871929103
73.17408285260899
98.13062902342062
5.432827193973935
259.6537787540292
164.63175251749635
237.6928502930241
61.507646396989
179.95875581837026
228.90884847198322
85.8892074063042
250.5063620400615
190.42272049037274
216.8271363691165
123.87707630213117
115.42478537872375
216.03286422060046
125.52411071718961
256.11302484090265
169.48981349170208
129.8415339772182
89.06387212125992
255.25534848644747
178.61804379981186
229.79385207979067
76.75077601001249
83.29438677775033
255.2876865760627
178.31048185334657
229.83062872706796
76.72580100753112
83.35320416479954
221.5664160707238
155.28020282357465
226.90149039927928
265.1322402754304
154.59336996059574
240.8057403214043
