288.0068766313857
210.60051775268425
248.80516080017355
233.0180029868102
239.12934273839073
236.65719777793083
237.61672128099735
237.2379458754158
237.3862536649599
237.3276450112303
237.3489862740298
237.3424868851589
237.34416160034107
237.34367458083216
237.34389207022923
237.34456975735338
237.3441654023036
237.34359241940456
237.3444594194716
237.34372295523008
237.34432160621873
237.34264986043127
237.34446503315849
237.34425056510008
237.3438949771462
237.3448220288028
237.34411249505865
237.3444014908855
237.34340115495615
237.34400141077094
237.34479513884435
237.34414458252832
237.34449918693463
237.3441932206133
237.3430983833823
237.34474292620507
237.34349682710308
237.34488020299432
237.34390346051805
237.34399143940936
237.34386758066466
237.3443631637674
237.3438176947784
237.3445297141443
237.34406077006497
237.34440690982956
237.3441134309578
237.3445326263718
237.34364900876608
237.34403398664654
237.343505347897
237.3445575046244
237.34388894517178
237.34467885052436
237.34352777135427
237.3448615692323
237.34386773104052
237.34390296026322
237.34428228386605
237.34428714849128
237.34408418138628
237.34436159208053
237.34412851992602
237.3438791675726
237.3442671692901
237.34393328968144
237.34401478364816
237.34447586927854
237.34481522230635
237.34417601484165
237.34445130115637
237.3445377912576
237.3444566915059
237.34405825155045
237.34464000274602
237.34355796143427
237.3447110977104
237.3444643282819
237.34441751690247
237.34389331320926
237.34467493788907
237.34342516680044
237.34379817679292
237.3446748397182
237.34393084129624
237.34424208555356
237.34374573997047
237.3443290824398
237.34373482291994
237.34420818037324
237.34287654295622
237.34433260766673
237.3440552212851
237.3441701024858
237.3446028036342
237.34380550655624
237.34477861809864
237.3433209004579
237.343925099216
237.34443703431316
237.3441620818412
237.34447813579754
237.34349246944475
237.34462383077334
237.34448353817425
237.3439382611832
237.34377289764234
237.34498241094843
237.3433813681113
237.3445372000715
237.34400863628252
237.34464440161537
237.34382756621926
237.34403806074988
237.34263406237005
237.34522906717757
237.34363177365594
237.34419398340106
237.3442729554663
237.34391631392646
237.34434558552312
237.34409351849172
237.3444567478291
237.34429968101176
237.3438297174216
237.3444100927445
237.34411488555634
237.34398664181208
237.34463224562933
237.3443096224073
237.3439589511836
237.34312835495803
237.34445214331936
237.34382273185474
237.34475824828405
237.34379131573223
237.34449420101737
237.344361317555
237.34398326202063
237.3442949928649
237.34409414589027
237.34446657122317
237.3424444845732
237.34518112408114
237.34354218227963
237.34427731198957
237.34422082914534
237.34448531438102
237.34412962858187
237.34475681423646
237.34442449918424
237.34339998907672
237.34473904892366
237.34421758876852
237.34327965282137
237.3447795209213
237.34400684614957
237.34406678564847
237.34437745891046
237.34386100512347
237.34448266647814
237.34452684215648
237.34432966287568
237.34427130774566
237.34430567058007
237.34482085473428
237.3433235959892
237.34451426956366
237.34433510739473
237.34407099182135
237.34429105150048
237.3439445074764
237.3439421197254
237.34377291652345
237.34421602385555
237.34392962917627
237.34471071717417
237.34400553655723
237.34448594528658
237.34427737945953
237.34411699634074
237.3436940841275
237.34437102853553
237.34420852571202
237.34448525433254
237.34439734455373
237.3442098696687
237.34364093920158
237.34450731512334
237.34422829076357
237.34438130885246
237.34342034108704
237.34465705142065
237.3430417314521
237.34374768259295
237.34433670219732
237.3440707046393
237.34440722109866
237.34350854711374
237.34456883970415
237.34387599099136
237.3440371464094
237.3439867486013
237.34363586152904
237.3429343773314
237.34443093137816
237.34223384576035
237.34511182933056
237.34304167683877
237.34448059339775
237.34310729619756
237.34425709645438
237.34403631580062
237.34419105715642
237.34360884591297
237.3442567042366
237.34440658033418
237.34454684758384
237.34423663075722
237.3439243794419
237.34436581100454
237.34370145996218
237.34421425119217
237.3444326538156
237.34370263908932
237.3442951245379
237.34432044551068
237.3446569164662
237.3439798647014
237.34397364289907
237.34368664002977
237.34413004448288
237.34428506287804
237.34272296247946
237.34444158330734
237.34475066096638
237.34406221706013
237.34391153173055
237.34430840557616
237.3440205971856
237.34439453372033
237.34398432978196
237.34404678535066
237.34431462841167
237.34365884364524
237.34424684167607
237.34402600681642
237.34328770902357
237.34453491366003
237.34457352805475
237.34445616515586
237.34434765168407
237.34459157714446
237.34369071786932
237.34447093903145
237.34441028205038
237.3428204407246
237.3447850948869
237.3438122955995
237.34472783427918
237.3434703108942
237.34486254338117
237.34395554657385
237.34452085537487
237.3441413508117
237.3435980995273
237.34402067596966
237.34354378897115
237.3447089662077
237.34420936825336
237.34425011758867
237.34415140211058
237.34443381121673
237.34379649053153
237.34453762540943
237.34351638388762
237.34523829387035
237.34412041856558
237.3440613226121
