288.323832333492
252.81102033443517
257.3312128984087
256.4351784504206
256.581067532725
256.5540281461658
256.5575921382342
256.559097440841
256.55854384042004
256.55854729454677
256.5585357695236
256.55826244334094
256.5580677007665
256.5582213629459
256.5583607508779
256.5571545608409
256.5587805886289
256.55770468807987
256.5584806923507
256.5586250380238
256.5582774336217
256.5584656103565
256.55783069486824
256.5574240409096
256.5591304905447
256.55820019553175
256.5574660618786
256.55820914713513
256.55839978940094
256.5578687564448
256.5586945291634
256.5584099799835
256.5570654884177
256.55870128375136
256.5586982079185
256.5571313633427
256.55842643136384
256.55839254438615
256.55861878254655
256.5574097649769
256.55860254114305
256.5578527903126
256.55787056038025
256.5587625333683
256.55867953818233
256.55777251064865
256.55792064465277
256.5594362365009
256.5577952777712
256.55787639641494
256.5580820924879
256.5588185464112
256.5584181428894
256.5583653617614
256.5584503155769
256.55695336073404
256.558668354417
256.557517318779
256.5584025469652
256.5585166276578
256.55842110323283
256.5573875622831
256.55792214498797
256.55785530107096
256.5581726831406
256.5579875361509
256.5581855877426
256.55871607219524
256.55774114892483
256.55737952468917
256.55845597765074
256.5579225676702
256.5575014055794
256.5584208684668
256.55770285359904
256.5583887702669
256.5587441805037
256.55794091594
256.55861111600825
256.5571283238023
256.5590598698982
256.5575190594682
256.5583400368487
256.5587087774693
256.55851419208193
256.55794370239164
256.5584167020206
256.55858101998456
256.55803931073024
256.5582397103135
256.55804843745136
256.5573494378259
256.5586665377996
256.55784998684976
256.5580452918148
256.5580348801741
256.55771984157036
256.558540500635
256.5566370203669
256.5578918737083
256.55864633661986
256.5578480343611
256.5584081110719
256.5589397401636
256.55788057014433
256.55823481703555
256.5578285492156
256.5584939811597
256.55855736546073
256.55725125240133
256.55774732086866
256.55873491206876
256.5574514050095
256.55792432861926
256.55795888414286
256.55862411132694
256.5581705457953
256.5580671817661
256.55785324067256
256.55893591448694
256.55681031465065
256.5590258065786
256.55842291713634
256.5581211121171
256.5582136080993
256.5587574696765
256.55815561586496
256.5584860737654
256.5586445002991
256.55822756332054
256.55785022834607
256.5586520192519
256.5583838944949
256.55822877850005
256.5580664398003
256.558454265265
256.5573581966819
256.55873272557074
256.55829997294495
256.557922775457
256.5573443614703
256.5589016271988
256.5580829559767
256.55782796981657
256.5580522852979
256.5580233967121
256.5578073925135
256.5580516278569
256.5590805327811
256.55775535329303
256.5581490877521
256.5586616582732
256.55811157896824
256.55820480245166
256.5579567341774
256.55835279762687
256.5585295288183
256.5579100366158
256.55902127995796
256.5570290350006
256.55882301781094
256.5583666781022
256.55849706035224
256.55793021357385
256.55844136312953
256.5586073909508
256.5582171398419
256.55856481799856
256.5572445541475
256.55877770525694
256.5580602836999
256.55765497552056
256.5577678469417
256.55804709326185
256.5580272574298
256.5584565994068
256.55805194542336
256.55888367522857
256.557621347587
256.55908358460874
256.55739181938407
256.5582870056096
256.55771511817875
256.55896809569094
256.55858249058656
256.55852771106584
256.5585883903259
256.55872132157674
256.5581631459936
256.5581195211853
256.5587088095781
256.55813249759376
256.5584780945064
256.5576767311868
256.5576497312868
256.5580054685415
256.5576912587858
256.5581934866641
256.5580915525643
256.55804000239004
256.5580294678366
256.55797309930495
256.5584535087255
256.558043508252
256.55856511935417
256.5583256034879
256.55811126918707
256.5585959747259
256.55856939843216
256.5579326140287
256.558461818262
256.55831406371726
256.55858278168307
256.55839995268616
256.55817643801856
256.558118390647
256.5582913229737
256.5576887359639
256.5582430761133
256.55870248876454
256.55751622757816
256.5582974339195
