288.3266173832932
241.8151607416031
251.80447406661483
249.0094410399829
249.6541746964415
249.48863520470513
249.52937692500973
249.51931677066887
249.5228879568417
249.52189181896983
249.5216391374006
249.52146354437537
249.52152317652235
249.52149246030058
249.52175332115075
249.5211849620291
249.52213285748076
249.52222466901821
249.52073343718348
249.52174370782814
249.5221308781165
249.52200488398012
249.5216608026094
249.52178136764996
249.52207240534335
249.5212842509336
249.52097354089528
249.52159014994686
249.5218165245915
249.52135627405733
249.52218339691353
249.52183350059204
249.52118774326482
249.52221888187523
249.52213781819228
249.52136545205212
249.52173665691953
249.5221789517418
249.52144405556282
249.52212451737978
249.52147208217502
249.52176596183926
249.5214641448838
249.5221192341087
249.52201557753142
249.5220441230449
249.5211214165247
249.52179373647596
249.52168649430314
249.52153256045858
249.52165298859836
249.5220909533091
249.52189508533775
249.52205866770964
249.52197242314287
249.5216907667018
249.52211866301514
249.52127957568882
249.52081224247377
249.52150746340703
249.5217133229562
249.5217293130845
249.52186252017054
249.52159725396996
249.52135705063847
249.52158859279007
249.52143819320918
249.52146947616347
249.52157660320518
249.5219958425405
249.5222116968871
249.52182015117796
249.52183976303786
249.5219179097803
249.52168909873217
249.52199171884786
249.52185930102132
249.52158606150988
249.5216637433805
249.52183333512585
249.52151822124142
249.5208189800178
249.52240570342838
249.52177520320402
249.52074474471738
249.5222141215345
249.5208953960464
249.5217116540298
249.52161111994064
249.52178663387167
249.52181393998762
249.52101046505413
249.52198143872374
249.52162394733023
249.52189033981995
249.5218100078855
249.52102511293197
249.52159627043875
249.52130606538412
249.52155768989905
249.52200396102126
249.52169564144424
249.52179911887652
249.5218538442059
249.52204958864604
249.52127439124888
249.52229076430376
249.52178748353617
249.52140353743744
249.52215641005023
249.52197374479147
249.52108647958812
249.52170486771502
249.52192124984867
249.5218554523235
249.52118354196136
249.52233239095222
249.52078714416712
249.52162322926597
249.52168513488868
249.5219242445819
249.52192060096422
249.52112907111587
249.52088480675593
249.52233241878275
249.52189791977435
249.52173319741996
249.52219437877648
249.52185548978014
249.5221082075077
249.52109540396486
249.52201025648537
249.521480435993
249.52184702520753
249.5217275067189
249.5213414276659
249.52221803270368
249.5214115027411
249.52159847367875
249.52242377586663
249.52145592797024
249.52212010408402
249.52178581744374
249.52118923967646
249.52190890035854
249.5221076834714
249.52126418960688
249.52191644030972
249.52209346863674
249.5215168079376
249.52190789510496
249.52149785018264
249.52213671128993
249.52117431439547
249.52142567389092
249.52198807851528
249.52138206049858
249.52160589824052
249.52137413788296
249.52207226159226
249.52111687033903
249.52228640124667
249.52124237941462
249.52169421242434
249.5215097732871
249.52208675647853
249.5215237563243
249.52180344474618
249.5222024275572
249.5216283158952
249.5216912930482
249.52189076774812
249.5217718247004
249.5207002408133
249.52194074312865
249.5213061162649
249.52142936906603
249.52166362208663
249.521771786749
249.52186937769875
249.52116705517983
249.52209825909813
249.52197120152414
249.52185971506697
249.52106691137305
249.52209789515473
249.5216645397595
249.52223209798103
249.52189809596166
249.52172399824485
249.5214055662509
249.52207530569285
249.520522531413
249.5223966789199
249.52158158847305
249.52190880668059
249.52197000519664
249.52170206571463
249.52185117162298
249.52201154612703
249.52032033365685
249.52276818931568
249.52145778297563
249.52186657504353
249.5213720320171
249.52219856950978
249.52161382856139
249.5210652085516
249.52220830378064
249.52182187519793
249.52106907694542
249.52230838612013
249.5217778627557
249.52174276928417
249.52181697264314
249.521510575476
249.52152120486426
249.52183903999685
249.52140205839532
249.52118387394876
249.52216441494238
249.52191756897082
249.5220228877297
249.52113739024207
249.52214566066687
249.52199905410816
249.52125667151995
249.52187479565328
249.52128111344064
249.52196184026252
249.52178405126324
249.52150094669196
249.52205718055484
249.52137305901852
249.52161550184246
249.52119231426332
249.52205924324517
249.52043336290808
249.52109997419757
249.52214387057757
249.5219194515521
249.52129195015004
249.5221711837512
249.52164903971425
