287.70283440895207
178.99028504728795
200.1693128084121
250.22583662390298
227.49145240021176
237.99149569713018
232.90756388482578
235.3488031111433
234.15057523138648
234.73829171346551
234.44826011376745
234.5917154901149
234.52096310704474
234.55589741862423
234.53813452524537
234.54682739318469
234.54309010562974
234.5447390845602
234.5435133864985
234.54472851776973
234.54407765557335
234.54461268031991
234.54375324827743
234.5443035719536
234.54469383826472
234.54329231717202
234.54415178431736
234.54368001446164
234.54460115624715
234.5439893957937
234.54408898889596
234.54448046887956
234.54385129256298
234.54408954311657
234.5447156709888
234.54345055758313
234.54467557883981
234.54424699871925
234.54432360425199
234.54397670296385
234.54448511205737
234.54384512918114
234.54474369215495
234.5436688193695
234.5438025830772
234.54398792646498
234.54390049631184
234.54480533065362
234.54371859292223
234.5439571352108
234.54435670660678
234.5435401328432
234.54453226586702
234.5443763552903
234.5443137813054
234.544590705038
234.54435482801637
234.54416956832938
234.54382064624951
234.54400415961572
234.54404578952744
234.54435709584868
234.5438961901018
234.54439802066554
234.54359560576268
234.5436394027638
234.54477786945063
234.5440570499013
234.54448962254537
234.54425906879987
234.54422750921367
234.5436074670506
234.54444797444012
234.54447781552517
234.54380019552264
234.5439493715421
234.54397821207021
234.54441081286495
234.54386972535212
234.544300877591
234.5438766096231
234.5437850963499
234.544753324466
234.54365706334283
234.5440018964582
234.54439527988507
234.54383287610472
234.54461002817698
234.54375205886026
234.54364686605186
234.54474029620542
234.54412834799223
234.54455119172053
234.54437477073952
234.54409161524745
234.54378415420797
234.54440163559775
234.54377626621135
234.5441799211476
234.54393052769592
234.54435190482764
234.54462274455727
234.54451072996744
234.54392378096964
234.54473141887138
234.54402246893005
234.54472034577338
234.54433224379318
234.5438632148289
234.54380424338888
234.5444215711177
234.5443599318387
234.54398454027978
234.5437625396953
234.54397153284663
234.54453807522805
234.54365888561733
234.54447291756514
234.54467784817098
234.54430394864175
234.54389458012884
234.54455640044034
234.54376633358333
234.54438823677629
234.54425282104057
234.54459553107154
234.54418754989456
234.5442616044238
234.54460506276519
234.5432188585546
234.54461713543424
234.5437194809274
234.54420601320453
234.54378527987865
234.5437527637623
234.5440523411744
234.5438856846813
234.54410301453754
234.54398020154622
234.54384549522365
234.54384509400552
234.54381013238162
234.54434651342308
234.54436266418634
234.5443507461532
234.54429776659526
234.54424563774228
234.54409879619925
234.54408588440856
234.5446035379573
234.54393374952633
234.5443979998745
234.54362281064095
234.54402401785046
234.54392307534
234.54429588730272
234.5438214493115
234.54410674179962
234.5435333483474
234.54420967106125
234.54382230308693
234.54457294361055
234.54386815046018
234.54404323321796
234.54341314457997
234.5438969676252
234.54375402680307
234.54425327938952
234.54439652248402
234.5441165982993
234.54455593509192
234.54381447965716
234.54393546806386
234.54469302218786
234.5438974977733
234.54472456219082
234.5444938995788
234.54375970744877
234.54461669080774
234.54372208251152
234.54472066172457
234.54350273290038
234.54469459011307
234.54365673188295
234.5439657470415
234.54436293443723
234.54374075507076
234.54444974978105
234.54457788323634
234.54401477133797
234.54472223855555
234.54445037791447
234.54433981901093
234.54302246587758
234.54496724440833
234.5442579754017
234.5438184538507
234.54401344363578
234.54457802674733
234.54420068611216
234.54453699364967
234.5439942965604
234.54406885191565
234.5437257013109
234.5444112916157
234.5445986722043
234.5443230009987
234.544326841773
234.54428987349092
234.54386998698465
234.54473496956052
234.5443537090614
234.54454305888794
234.54449872918485
234.54423808251158
234.5441800596309
234.5443739098264
234.54321696044644
234.5450115485437
234.54390907536435
234.54461193369934
234.5438314271596
234.54395367598045
234.54390245798277
234.5438806803577
234.54418134735897
234.5438651124714
234.54401730067912
234.54390798459644
234.54450429369172
234.54368363445974
234.54396745770646
234.5438579460315
234.54442481079604
234.54377358233614
234.5439897187025
234.5437023169652
234.54398338371539
234.54438019597728
234.54431112964812
234.54369761729322
234.54443823934707
234.54424454223772
234.54442984159687
234.5444046290213
234.5442974140169
234.54379793661064
234.5446404563554
234.54285054960928
234.54445555405982
234.54431552455935
234.54433430274366
234.54427289115847
234.54434330007643
234.54443653253838
234.54419397647143
234.54386238964798
234.54463745794783
234.54418898522272
234.54389422149688
234.544328594915
234.54427789633337
234.544234267305
234.54384126856166
234.54453515615023
234.5445407434163
234.5443152271473
234.54455576007604
234.54362567431235
234.54404434729076
234.54414814984193
234.54393736198836
234.5438977862941
234.54416387066885
234.5444260192162
234.54384383844445
234.54427360881527
234.54445976279385
234.54409300877887
234.5445319709106
234.54428825310606
234.54382001144404
234.54421345774608
234.54434788665094
234.54451126461208
234.54425490900758
234.54390575448633
