287.6625233263122
225.34401716563985
58.3639305802958
229.48594001106903
246.46359119712838
240.51420402333383
242.29088043668253
241.6952926130166
241.88785198131427
241.8232839946172
241.84436082112597
241.83745725525614
241.84040957216348
241.83922886569417
241.84006675619912
241.83989517475766
241.83951923808672
241.83953433482657
241.8393407066942
241.83970695663356
241.83964139318505
241.83953959030714
241.8391786874563
241.83962870410687
241.8395477338854
241.83968565033865
241.8395173461904
241.8395384966152
241.83955795777365
241.83963944635616
241.83877781306728
241.84000540131456
241.83868924408125
241.83881179438686
241.83984650858474
241.83930974232499
241.8397272410093
241.83884705426135
241.83982198785088
241.83990085051482
241.83907256783277
241.83983628745227
241.83952658852832
241.83900464038197
241.83916914339352
241.83990258137055
241.83916333523666
241.83987582067857
241.83911086665466
241.84007484868562
241.83841280714478
241.84008038636603
241.83945714005677
241.83903981826006
241.83876982092988
241.84012903381154
241.8388923423554
241.8398230302846
241.8383513578301
241.83996955848488
241.83951132612856
241.83917937933438
241.83980413789686
241.83939360595105
241.83971529867267
241.83986284182538
241.83971041423865
241.83900045457995
241.8396374419135
241.83975684907273
241.83894686591884
241.83932259428911
241.83953976389967
241.83956329014836
241.8390967509149
241.84000941356499
241.839052769923
241.83926559333486
241.83920689684965
241.84007043770544
241.8394259455381
241.8396137246491
241.83948332989166
241.83976974786856
241.83950660021583
241.83908688896554
241.83925618425565
241.83987710725705
241.83911043864282
241.84013149592647
241.8388657189571
241.83986799458216
241.83979180407914
241.83950380306487
241.83914896078932
241.83872840683762
241.8399337778974
241.83878777205973
241.8397930548963
241.83957935847866
241.83966531284386
241.83915265059477
241.840039970215
241.83924051163194
241.8383414332784
241.83992659969226
241.83950802162872
241.83958142100892
241.83972494094633
241.83900247596466
241.8393546523439
241.83918697854824
241.83963170182687
241.8393138579777
241.83981665095052
241.83950262186409
241.839666449363
241.83899872822803
241.83978519817902
241.83982000905962
241.83955066412454
241.83984658763802
241.8396017771156
241.83955268784484
241.8393176079553
241.83909918652353
241.8392591618176
241.8398050998294
241.83985449714964
241.8398673929114
241.8389646231808
241.83910829741217
241.83976446976885
241.83970191960543
241.8391018715629
241.8389452700285
241.84016047358455
241.83922420330055
241.83993279417336
241.83957299295434
241.83983834405808
241.83953419311
241.83987705528125
241.83987437958422
241.8396339963001
241.83983102179627
241.83885214907787
241.84001915374392
241.83907511387224
241.8391350562888
241.8399889711436
241.83900484847982
241.83993961688975
241.83976229948166
241.839517762819
241.83959039325418
241.83944803042687
241.83902084482543
241.8397435181614
241.83898509474238
241.83980775273085
241.83957614588144
241.8391792795519
241.83965765129687
241.83955758794764
241.83895685309108
241.83907424825156
241.83943540351174
241.83913153612957
241.8391766145578
241.8397742511661
241.83907169495797
241.83978312291583
241.83980859676376
241.8389579215509
241.83983033659024
241.83932892268058
241.8399038718635
241.83949676372868
241.83946646116965
241.83879257737135
241.83991265420627
241.83962564072863
241.8394774010958
241.83912706864066
241.83970648242394
241.8390181070281
241.8399035235634
241.83915097686986
241.8396034729085
241.83995066369243
241.8397496942489
241.83876966159733
241.84012555617664
241.83941532095196
241.83902501143166
241.83978123158158
241.83955987264926
241.83988167454663
241.839620489729
241.8397074904642
241.83995510548993
241.83973796159262
241.83906041603768
241.83925616176566
241.83929683326278
241.839235968102
241.8399395205197
241.8390049560112
241.8397561804013
241.83965133757738
241.83920448254503
241.8387845815887
241.8392690318433
241.83935055576148
241.84002129995497
241.83928622763779
241.83964048909547
241.83970387627778
241.83950331130472
241.83971795662364
241.83902452907932
241.8395434786653
241.83962141953816
241.83940475719282
241.83905974481604
241.8396278735454
241.83957235778507
241.83975095186906
241.83939944241138
241.839178827242
241.83963062426483
241.83969542880368
241.83946732216282
241.83916982350638
241.83962265832815
241.83980224207335
241.83979715470923
241.83958823206194
241.83975985449797
241.8395180257794
241.8396002308
241.8390904617554
241.83990509912837
241.8395117142354
241.83952162585047
241.8388417948736
241.83980231334863
241.83951667470683
241.83893137058476
241.8390539240063
241.83858308733033
241.83981411556306
241.83893835403433
241.83979396930954
241.8390758644382
241.8397513962991
241.83955415523087
241.83892940582882
241.83988152985694
241.83949001973087
241.83912066546327
241.83977124129888
241.83953162835678
241.8398788995837
241.83912483393215
241.83923936550855
