288.1791638218775
217.37261478153698
249.08558693270197
235.87457484068773
241.02115699210185
238.91926887939235
239.75378548876097
239.41806644510143
239.5527832070161
239.49766537860205
239.52107459661784
239.5109443990168
239.5148807117257
239.51349085503352
239.51395035145833
239.51435279092493
239.51385346897223
239.51407317545818
239.51406640035748
239.51375942498544
239.51432788337024
239.5135743885885
239.51392103446233
239.513942316069
239.51396076450146
239.51398119500118
239.51402620681438
239.5123769149468
239.5146681028873
239.51365257861835
239.51412888306186
239.51359554299415
239.51401875841657
239.51409395749397
239.51385186359948
239.51431962853712
239.51378776155434
239.5142854673013
239.51401395940775
239.51405011706993
239.5140757977024
239.51405229358716
239.51281802486483
239.51485785256045
239.51368031402853
239.51422958443072
239.51401612640257
239.51325355890003
239.51464268482596
239.51381518380367
239.51333732682906
239.5145528648427
239.51379536306558
239.51379038358573
239.51402859974405
239.5138486494361
239.51397329616884
239.5141724810819
239.51398099226935
239.5139172895033
239.51371511840625
239.51415361536056
239.5139960639135
239.5133863687588
239.5145428147698
239.51350621960592
239.51427999146108
239.51356619149738
239.5141962167545
239.51397442255256
239.51379656602148
239.5138919170713
239.51418280384314
239.51423058125147
239.51373234251878
239.51399830725495
239.51240518918712
239.51497031253894
239.51387463903302
239.5141264226113
239.5137200449135
239.51420654047251
239.51368898677538
239.51430461707787
239.51390952295333
239.5138962530218
239.51405177118068
239.51390581253509
239.5138310219627
239.5141280459684
239.5138555591475
239.5140189935264
239.5140884896391
239.51406746718567
239.51412425529998
239.51339760336123
239.5144648115529
239.5139179065518
239.51385280397517
239.514162493826
239.5141286981452
239.51377470415173
239.51413107779808
239.5137583793039
239.5140082319267
239.5138101718403
239.51371022685635
239.51405642236932
239.51338728558767
239.51424531062366
239.51375363930129
239.51348960576433
239.51494011127215
239.51378324244433
239.51370434968703
239.5139114989579
239.51377184313606
239.5141653308674
239.51392530898738
239.51415539879235
239.51386541810643
239.51393929467304
239.51414446811395
239.51408799031924
239.51387303110096
239.51409149600659
239.51399407465942
239.51403548369126
239.5140840752938
239.51367174337793
239.5133623213842
239.5144464397963
239.51327851180395
239.5143246742664
239.5141747650705
239.51398163853446
239.51407929028937
239.51380516777135
239.5138952850175
239.51407665602892
239.51365791294666
239.51425448369991
239.51398421607882
239.51291966373537
239.51470132596296
239.51323119083827
239.51438378575403
239.5138328171597
239.5142724725083
239.51371195568936
239.51411244951305
239.513766300297
239.51381121454324
239.51393458075472
239.51386005304084
239.51419328723568
239.5140842756373
239.513903221472
239.51434126048116
239.5136597040182
239.51431878895528
239.51395145826973
239.51404481328063
239.51395225180022
239.51371532893972
239.51417676404526
239.51401923192316
239.51408590418578
239.51387106984475
239.51403093244153
239.51382697232475
239.51408128883486
239.51336443711625
239.51448050623003
239.51300451311545
239.51431384050375
239.51417726986983
239.5142686595791
239.51295827374997
239.514567655453
239.5138922395563
239.51404721461586
239.51412033812085
239.5138226798881
239.51392454636516
239.51414537076198
239.51372236774478
239.51427630604303
239.51351228643034
239.5142322025058
239.5135978020262
239.51422604022082
239.5138069382665
239.51400728146837
239.5138491372636
239.513796042389
239.51392923160165
239.5141622259689
239.51400215279136
239.51415046537295
239.51435530667368
239.51368873035244
239.5139789970999
239.51407803344773
239.51410657218366
239.51376932731364
239.51420911282185
239.51397576805903
239.51397529426322
239.51409288396826
239.51401435636217
239.51412399734545
239.51377653131203
239.51399173143727
239.51416307933687
239.51404825893405
239.51384993376269
239.51424318319187
239.51382466824725
239.51414873154135
239.51426985426224
239.51325515490316
239.5143612150714
239.5137124540488
239.5140443824348
239.51292279765767
239.51433462783461
239.51351769758912
239.5143171417294
239.5136297378922
239.51429762100452
239.51371524418937
239.51420937568764
239.51404320324946
239.5139168605674
239.51266407693038
239.51399295397277
239.51326992886607
239.51429314013512
239.51384581685124
239.51373741196585
239.51418006120366
239.5127849724522
239.5142989649612
239.51388176473847
239.5140428023151
239.51290545839584
239.51484016796167
239.51382656449277
239.51386858263868
239.51384475080704
239.51361538014316
239.51373130874708
239.5139664265007
239.5138342082064
239.51387878028618
239.51378560783633
239.5141962984926
239.5137726673711
239.51390648720553
239.51399760696222
239.51360033910896
239.513653058646
239.5141397315747
239.51403556310106
239.51408452322357
239.514192919145
239.51363743301772
239.5137755075557
239.51388453708205
239.51422298920806
239.51375228146208
239.51415936886042
