288.11675356548074
199.95126058127204
252.49110453715684
228.57958454053164
239.9178756436811
234.56531745448137
237.06010731833248
235.8877239193198
236.43582953914984
236.17895694965227
236.29903768961958
236.24293285654494
236.26888005935143
236.25686455319737
236.26234629069313
236.25941536707887
236.26136396738275
236.26039508140184
236.26089861144283
236.2606875130623
236.26070914361935
236.26080668780833
236.26012292608084
236.26115895858493
236.26031815848
236.26110429822802
236.2603785971296
236.26055214959888
236.26086177971956
236.2606723037443
236.26070644992978
236.26086438986204
236.26063444614556
236.2606573562498
236.26096348052852
236.26055668320987
236.26080046277275
236.26079098858463
236.26077445639385
236.26065459668462
236.26064635820512
236.26099262719617
236.26079997943452
236.26025814589593
236.26103820723984
236.26063984818575
236.2608627756308
236.2607769372844
236.26086352800849
236.26059201955286
236.2608477743306
236.2601925949857
236.26135100217653
236.26060141050039
236.26090719938293
236.26063270791929
236.26098717401692
236.26050937134642
236.2605984445545
236.2610259191897
236.26067542926103
236.26077314210852
236.26064075419345
236.2608191496729
236.26070823679402
236.260880479349
236.26037524551066
236.26107843584396
236.2604198286681
236.261069385655
236.2603736465171
236.26025936621954
236.2608947043882
236.26077126174278
236.260938139887
236.26090118915454
236.26050619753005
236.2607866169419
236.26047944276434
236.2610237933077
236.26048659814842
236.26078852991486
236.26093229237085
236.26078829730977
236.26079282870342
236.26088378021086
236.26066485768388
236.2611169563279
236.26030687616003
236.26079941026546
236.2607800223741
236.2604186694407
236.2609286323277
236.26086572694476
236.2606810862344
236.26051312194613
236.26056065235753
236.26062256481964
236.26033748938062
236.26093795314955
236.26042700794642
236.2610678842466
236.26058203600405
236.2609344890152
236.26086691278033
236.26075028741616
236.26063374871592
236.26098086586717
236.26043164479051
236.26106628615526
236.2607150870026
236.26075586183288
236.25960222701542
236.26160766312387
236.26035818066885
236.26044243390788
236.26087249125703
236.26078989020607
236.26088768094633
236.26080590466154
236.26067769354995
236.2602975284899
236.26084347147116
236.2607808219327
236.2607459871142
236.26073513497977
236.26086035937624
236.26080291893595
236.26080783074576
236.26082512638823
236.26083307922818
236.26059438230732
236.26068543839938
236.26097090402618
236.2606282122506
236.2610654342061
236.26058528522117
236.26081947653438
236.260547106569
236.26077116763918
236.26102122532757
236.26066470078513
236.26073684247967
236.2608216222361
236.26077917726798
236.26073847120279
236.26091114687733
236.26068700687756
236.2606715171496
236.26067841390613
236.2600464211646
236.2613033281741
236.25901400156727
236.2617149101643
236.26034487053403
236.2609001679375
236.26037904715486
236.26104926198605
236.26032000216946
236.2611031436536
236.26071562059224
236.26086262946046
236.26055167953746
236.26098790641845
236.26050797903008
236.26075110449892
236.26083545338042
236.2606710262553
236.25999309009785
236.26100560245686
236.2606511011909
236.26098669834028
236.26068678226147
236.2609014052723
236.26087324886612
236.26046628755284
236.26090768209542
236.26062862575054
236.26077413134044
236.2599499959906
236.25996565632522
236.26133879951522
236.26027287946636
236.2608555433908
236.26077975904627
236.2607862418081
236.26099090225762
236.26076925560483
236.26083332953567
236.26082347119518
236.2612795238383
236.26061250449857
236.26089799343026
236.26077667658683
236.2606128873449
236.26103691624303
236.26032350733294
236.26080774022557
236.2601878491987
236.26072324858978
236.26061187929008
236.26086193944502
236.26024790355586
236.2611651647021
236.2606642668834
236.26086053495237
236.26075910101645
236.2606664943596
236.26078707670968
236.2607987007359
236.2606679537712
236.2609043923876
236.26072027054033
236.26055476050533
236.26101949377335
236.26057062459586
236.26089663302992
236.25966711073124
236.26133965594636
236.26061078674684
236.26073956710752
236.26082517797477
236.26070687577885
236.26069336580986
236.26082654771744
236.26055983520928
236.26085196540225
236.26077306678053
236.26087178647867
236.26059728236578
236.2610510943341
236.2607368628378
236.2601384390582
236.26101049230783
236.2604805155861
236.2609985643503
236.26067608663288
236.2605850524851
236.26068077179661
236.2609453035111
236.26058951989398
236.26070340648585
236.26069323728734
236.260859300819
236.2606225682539
236.26063031626109
236.26058259786805
236.26033858029405
236.26110048545524
236.26053390013112
236.26079938358453
236.2601817306131
236.26126275610295
236.26053109297936
236.26070098580385
236.26080552618077
236.2604238923377
236.2608000562468
236.26085955173767
236.26069581294723
236.2605300777068
236.26000300091982
236.26137217713404
236.260503875601
236.2595052819961
236.26156479597557
236.26044677481696
236.26103574724402
236.26063235555193
236.26100884658808
236.26060067824437
236.26071150932694
236.2602798439766
236.26105755812023
236.2605807003565
236.26061916870822
236.2609024753765
236.2605192885385
236.2610569835233
236.2606222450995
236.2609560539131
236.2604860196734
