288.3061879283395
238.05567576632006
250.54091108799435
246.7235089905298
247.69892176772828
247.4246173972847
247.49961605089675
247.4783764346521
247.4842805433159
247.48269466123475
247.48349351403613
247.48247848725714
247.4833147027275
247.48370073420028
247.4821178283628
247.48279433877087
247.48302132516346
247.48339049382685
247.48307060401385
247.4831449125286
247.48304237021694
247.4838166592981
247.48197836045983
247.4836767262259
247.48303643843064
247.48326479757816
247.483696299254
247.48274757068066
247.48324564019276
247.48268096910215
247.48373417418225
247.48344450524382
247.48268692917736
247.4831457366381
247.48332853585634
247.48319498286583
247.4825801800307
247.4840199416558
247.48256636151018
247.4831298516201
247.48336109812408
247.4825676853725
247.48322706841282
247.48281501304518
247.4830555847293
247.4834584182936
247.48278696925263
247.48375420894808
247.4823806666136
247.48365576586002
247.4828002473405
247.4830181362704
247.48353586560188
247.48330410245035
247.48325253922303
247.48343155331895
247.48320674579372
247.4837564668378
247.48308663363787
247.48270032074288
247.4835736331479
247.48313352360128
247.48316086043633
247.48315405608082
247.48348151063328
247.48352701033218
247.48267084391773
247.48335550254706
247.48311435885626
247.4834910382051
247.48233098633864
247.48384881845777
247.4833662026249
247.48354172037943
247.48184376630888
247.4840024907935
247.48347523925986
247.48323658340814
247.48343740473138
247.48335948795284
247.48338879973744
247.48334113606688
247.48311873115017
247.48343810319784
247.48298011725274
247.48293170823308
247.48303000627493
247.48365340311284
247.48319435439043
247.48353800355108
247.483243535753
247.48355607013218
247.48274066839804
247.4826547551129
247.48302291055006
247.48364285157732
247.4828953628894
247.48364343962749
247.48304403419024
247.48286669854133
247.48300196514174
247.48273025341769
247.48298971178883
247.48313921391673
247.48336285186815
247.48358214710606
247.48267792150727
247.48369631047535
247.48315743108105
247.48338205091568
247.48242615241907
247.4834931971709
247.4833465187112
247.48319499291392
247.48325199111423
247.48352150493156
247.48310907545965
247.48353504189436
247.48341476103815
247.48284557428997
247.48349455965945
247.4834937084015
247.48331988883
247.48342013665388
247.48303857851715
247.48359772773256
247.48347002010996
247.4830170022542
247.4831082873934
247.48313739456353
247.48294791141234
247.48295303340274
247.48362243397423
247.48286318738974
247.48391049144993
247.48240912388428
247.4835334451709
247.4827206569389
247.484079226444
247.4826389619775
247.48380819236627
247.48208379651624
247.4830556000161
247.48275734212075
247.48291661505937
247.482588341285
247.48393848018168
247.48224217673123
247.48407900880557
247.4829394732442
247.483739835312
247.4824175705362
247.48326694940624
247.48344796011224
247.48335149235209
247.48316783233895
247.48240368814731
247.4829272773859
247.48321233245952
247.48371820757166
247.482912120955
247.48359054679895
247.48331565340777
247.48294237143273
247.4825678163179
247.48368727733032
247.4834012582578
247.48278303652478
247.48362499964423
247.48316411806445
247.48302476895333
247.48276419506874
247.4835212019243
247.48240343938232
247.48347533433116
247.48250377908698
247.48317014053464
247.48377317770792
247.48291086329846
247.48368118877988
247.48352588624402
247.48289555037627
247.4836445261899
247.4834828558087
247.4830523041892
247.483273524791
247.48367129250255
247.48247649378027
247.48347230204672
247.48357990664954
247.4818396033079
247.48425374257204
247.4832986980182
247.4831729457801
247.48228650185047
247.4837364150444
247.48274622383178
247.48280731441628
247.48324590847187
247.48330335773062
247.48350066223065
247.48255437400076
247.48379430295608
247.4829438564193
247.48293293343158
247.4833669168438
247.4820356627606
247.4826009272365
247.4827096862573
247.4833324029605
247.48258426702523
247.4833414323948
247.4834814069909
247.48282593479962
247.4831641257042
247.48338975565275
247.4832898495224
247.4829547006957
247.48359460975917
247.48339362126717
247.4835317102552
247.4834168840316
247.48288293913356
247.48354560133885
247.48356225172756
247.48292542030686
247.48387777230528
247.48191998151015
247.4833027378918
247.48351411691692
247.48315388958144
247.48286051728064
247.48367919152952
247.48295370566484
247.48273098791833
247.48295255971607
247.48325169860618
247.48259658746247
247.48357050152845
247.4831009113259
247.48346563024097
247.48326305492083
247.48223611836147
247.48385824169964
247.48312569168047
247.48238355788635
247.48369887721492
247.48312399646966
247.48351864225697
247.4835652719339
