287.12522991574406
209.94683467157978
211.17090232066562
196.68247483689038
135.30035185981183
251.41070406778272
201.49207377241783
212.68419344874928
208.6915559510703
235.46149947888534
218.30324052027026
169.55504859040548
86.76973147678518
255.17695619777305
194.39065406868394
220.40052502380877
189.50837501666956
222.42416169189255
45.95639618115456
255.06909000507585
179.38640152949938
205.07512783259608
214.76308491640975
197.51397786002963
223.61877651257873
154.9240167226808
177.21221645237983
237.78587304597932
103.39691329681682
242.0377593021858
209.61961999173036
203.04037013155357
219.30369849185445
166.89493365906128
100.61858552128615
257.25130087874095
55.672583647810825
243.46417362993088
206.68101224909515
209.47656850356907
208.47692692788223
206.8287592315737
214.82801788747747
183.76176386507177
204.74021643846572
237.40422819235937
102.89174656242176
242.6658543520116
206.5164192280754
212.08626726795774
197.7882765579343
225.71917592841965
224.77616880269852
148.1621232978814
203.63984087537574
215.6417170648583
201.70644591199016
211.94544849803242
68.69081949596512
250.9977367365609
196.8639140227042
221.0524827965819
176.39628524977888
237.98945012295735
215.32043749070726
184.9671514360416
195.12218117297743
221.13349909956014
189.90702193128163
219.75514632567865
50.09809373089956
259.87715413052865
173.45134348558713
239.25031191590824
213.72174747386816
190.9054449439136
162.8907599493832
244.57246510868208
208.646743190282
203.4842874319911
220.00642532634447
229.00142612070704
129.62742410884675
230.14275720028672
220.73119462357135
172.18359989227247
216.00252711859503
195.70572902127242
224.89949201036507
151.5809427872191
236.7045811933458
214.17499606304773
196.00946242795544
224.68936664868306
148.96572871565513
204.93477131986583
207.12057156191077
259.2598336654846
164.03547330366564
228.03845897071005
223.16146067959926
156.8592977419321
233.20886958820483
218.25800624801195
180.4648011463578
200.18805892553064
223.9328619766602
227.07990206323302
136.7466907348462
224.60501464906338
225.54156744939246
149.83269600482163
236.48966475857378
215.9366537288115
185.97015822317917
185.54001202873042
233.92511446026765
220.12463261712037
163.68101152219242
117.94793956080684
256.15229647626984
191.93347115836514
225.02598553001008
161.617126215373
244.21855279118608
207.934542354109
206.03305221649498
215.7711699276624
179.18285408725933
55.26187910910812
261.0986065065881
168.98515553855395
216.6385068926902
200.81581992686552
239.63929998686217
214.1374201968647
186.07671989978553
194.1143030572639
216.10876543941413
59.30817315944296
263.70353375680133
161.6929027114893
225.08321559715841
165.1615527584363
241.64481852434255
213.68949001793953
183.97359272275207
203.99640125578298
237.589836521729
102.34217580817494
242.78715261500474
206.56603000805626
211.77501876815222
199.28579230531614
223.93177829310298
226.52812764745613
138.9977211293226
221.86935087019083
228.29315885343385
134.4147727369782
225.46552433708712
226.34311800281284
140.02839397513162
221.07599671082426
228.63223510569514
134.0808083463562
225.07250977601507
227.25786782678188
224.31465668081364
146.03278234273603
212.4197179591356
234.25756274532614
112.85003601417702
238.91485964640015
211.76376831697416
201.46562648728286
218.97536475563538
176.65839710600267
213.99477533766913
186.93108620712883
30.526737046100607
258.56565840357507
173.73654581551818
212.26554773670796
207.62589175493486
201.8963240432131
108.3354709157793
256.7852359521712
189.83797166425938
226.9065709092829
150.65638598546502
233.25784306878631
118.93563564426586
248.3965031826374
198.95565423984226
221.33090352232102
163.48216689979017
229.705908314485
220.76792542891053
172.90009218387422
213.60354184956668
204.96353954619553
208.08033548475214
79.96941642887396
257.140064021718
179.43537367938552
236.63575153991405
215.72869669812644
185.7234486567686
188.36417442958918
231.00536905582703
126.397907232953
231.47096013629198
221.36074118436227
161.2659199982154
131.9054966718104
254.68936532524094
190.18800366910727
228.68189769468154
132.58979937993718
227.94301428595645
223.4035009542058
157.0363963064956
232.81711820949567
219.11116741711885
175.15213449572911
214.7048394998492
189.34181076470122
181.9157679801865
229.43815694476507
157.99183857406024
239.6820471333558
105.02993330361642
257.16079115709726
185.61643210816692
231.28814752234757
123.30744505520124
233.6109109775134
218.5291885977931
176.86281939939363
212.30751537506876
195.69787352813
142.72564104937192
249.17125499680697
206.13012249124586
202.00583872548304
108.44915366006899
256.40134027921886
191.68404292711057
224.7188096348691
165.26727872429183
242.0965341822739
212.06415230731363
192.43885393446544
160.77192217427364
242.59929097582062
88.94556979910703
245.9014987062983
204.88683879307064
210.93099188955966
207.7312375689653
204.39997525136278
92.66816158879374
245.14470971250557
208.42261322349077
196.21302010478394
144.77678224536066
243.8210416969523
91.73636440787232
259.1919743426115
179.9327621505654
235.11565308753052
219.21397839975543
165.41552067975863
108.62511738440662
257.32686684846703
190.47264494461706
225.69281801181205
160.87578345809015
243.90984784868488
209.56697831470228
200.1517478486785
109.74503231786366
251.52419286420627
194.44277759898978
225.47280333790695
145.22172003985906
213.27281941375986
234.62002729780215
219.28747865674086
166.06055573609774
103.96459641460388
259.11198596222675
181.54365595025592
234.05672495446925
114.02595910290256
238.7268158349325
210.91355192480842
205.15314247725473
211.61932228352816
206.69988002181344
207.06768135653692
216.85607538939803
230.76043618381664
123.57830370303418
233.83197597588878
217.03118210051616
187.10283271575463
232.06639303272823
220.66848167015996
163.27241001921357
118.96061159316741
247.72921464902174
74.12748192384606
250.35826226662903
191.72619079452124
229.06749444286106
222.32083588838577
158.0290411751921
155.86958257194783
231.60601602989482
131.7933015881572
252.38295805743837
196.52297794555489
221.61341010316391
173.6710590845032
239.58409510836645
213.08235511594103
193.9201077104517
141.15362285039737
241.89747930152225
210.14487129991176
203.43738001555903
217.98006827566132
175.21392306002963
219.0733017149032
229.07705428716145
133.8916594843904
223.44695029176364
163.10485699554556
226.49680757739407
147.4735510210594
238.15356944163796
214.0906758447236
192.7059950192779
229.16334435521276
222.21574590982345
159.4495540472999
231.7886817252147
219.30825797232683
177.21882039464253
207.3062526922149
215.3467396558699
182.65460886292567
50.14185431135411
255.87885303898656
182.3057007482421
234.84567612278624
217.7987711919559
176.6964798465924
214.5250495079672
233.31490695396496
220.0590071127226
