287.94169470647535
271.52979142711524
58.76797890147827
267.4266533535606
63.504313178578286
266.8958582818286
64.08368927378297
266.7974290895809
64.17139070304393
266.77182086439734
64.19031095058108
266.76421852121985
64.19536128782238
266.7614387679441
64.19738566490469
266.76097412126546
64.19746903372288
266.76026884869407
64.19805693336366
266.7606593434293
64.19765342078608
266.7607192134974
64.19732460543219
266.76072740393647
64.19693714124514
266.76009586922464
64.19828088494796
266.7595317998748
64.19953867771983
266.7606461069827
64.19725824002307
266.7603072898564
64.19817851715561
266.7610525034779
64.19678329828821
266.7604679144097
64.19803320611754
266.76060231214433
64.19729520856163
266.759754757124
64.19884934524453
266.7607714862406
64.19695121507903
266.76029278127317
64.19766176462508
266.76089052417956
64.19698746180984
266.7602326807646
64.19779123284752
266.76061545707853
64.19742987756035
266.76042008102195
64.19778385663449
266.7604835100137
64.19768355407359
266.76053202814
64.19747177415775
266.7609726546034
64.19680679098383
266.7606151353648
64.1973295059397
266.7604318095364
64.19745098061321
266.76093645687797
64.19682365440167
266.76054613911765
64.19774716472602
266.7604381136953
64.19779151275725
266.7594770883079
64.1995927406897
266.7598422061965
64.1988250725226
266.75977121024334
64.19866280859787
266.76001095761603
64.19896809754573
266.76014151117124
64.198086358203
266.76054795995515
64.19728810478409
266.7598246049238
64.19935464083028
266.76051068439847
64.19758283025294
266.7603628113211
64.19774665400837
266.7598955353824
64.19859987981181
266.7604188715959
64.1977900477068
266.76046444822714
64.19754599661974
266.76068562287037
64.19747796791853
266.7605329879225
64.19751820314195
266.76118823303113
64.19637059666638
266.7606634650547
64.19797868936439
266.7600242673725
64.19806137385604
266.76058293953974
64.19754516624744
266.7596747518328
64.19907343657906
266.76048151326177
64.19747101236499
266.7600668008854
64.19989676008117
266.7602480773494
64.19802490157599
266.7606653876792
64.19728108400886
266.7604335926444
64.1976623540395
266.7605772688694
64.19738128258905
266.7610160575714
64.19631912920158
266.7605130257507
64.19752187580161
266.75958275398443
64.19895491277566
266.7608445471924
64.19715505129716
266.75957282174204
64.19899955336587
266.7602844167195
64.19799157395028
266.7603793443632
64.19785358294757
266.7598138098838
64.19855203284533
266.7607628001424
64.19737829358928
266.76023870201607
64.19829305594612
266.75994987798913
64.19835483753559
266.7608117496129
64.19709189638525
266.76084234914015
64.19706598291668
266.76083192799706
64.19686748932145
266.76022836426273
64.19845440002973
266.76023039944266
64.19852871918556
266.76065417216887
64.19677575495007
266.76007760215725
64.19917150729452
266.75978748316265
64.19880960898445
266.7604125551152
64.19761846862093
266.7601689633302
64.19832981786021
266.7602554702462
64.19777815379348
266.760922377769
64.19671746750828
266.76013674449496
64.19821470456372
266.7603261613476
64.1979802442147
266.7598705709752
64.19838222596445
266.75955029785837
64.19906199109391
266.7603349966521
64.1977237789979
266.7607457692793
64.1972663311899
266.76034305193025
64.19817576541391
266.7597591293161
64.19894598665996
266.76052786478976
64.19758538222231
266.7602745558179
64.1979182450159
266.7600090200576
64.19819966346404
266.7602007504902
64.19810878324643
266.7596486217808
64.19890240504174
266.7604942004182
64.19743857153662
266.760649200085
64.1976424234308
266.76081566675566
64.19720455857168
266.7606271167533
64.19738850899739
266.76045052126574
64.1976737484656
266.7607249204084
64.1974235630114
266.7600805858383
64.19826606613788
266.7608259738845
64.19696499727434
266.76020059398434
64.19796243413293
266.7603649704324
64.19654299059039
266.76060533797136
64.1975234040001
266.7608825292846
64.19709605058597
266.76040137825476
64.19774785300979
266.7609051012478
64.19689648542408
266.7604914701078
64.19711024910066
266.76031266723294
64.19783871278923
266.75992747509736
64.1982100718742
266.7599911803991
64.19811590664904
266.7598258336657
64.19882122860872
266.76075919867435
64.19695782526105
266.7608448874671
64.19714787500561
266.7611604855483
64.1964606452384
266.76074215640256
64.19697534623265
266.76040552907216
64.1977002574713
266.7602624184947
64.19808131939499
266.7607525922067
64.1970461969031
266.76012061117217
64.19797581426974
266.76025055206264
64.198054835535
266.7606958004326
64.19720795536705
266.7600996147521
64.1981128804182
266.76027448824607
64.19796891105943
266.76053840662644
64.19755307052401
266.76001552541857
64.19862391897186
266.7606895327772
64.19716130162124
266.7601802418212
64.19788280047942
266.7606203884643
64.19740080466727
266.76026692309824
64.19804203179956
266.760654739599
64.1972624064656
266.760133329808
64.19832366648188
266.76027814224653
64.19797624334751
266.76107457233593
64.19642151652079
266.76118829884217
64.19654412170348
266.7604090306413
64.19761827235925
266.76079478095926
64.1969213851844
266.76073734382226
64.19724740670063
266.76044722806546
64.19763194717234
266.7602360864257
64.19838175781479
266.76048647899006
64.19725866551744
266.7599520132353
64.19843015368679
266.7607378814282
64.197136368457
266.76085847016657
64.19685590386507
266.7605086493568
64.19750599289546
266.76061574713094
64.19703657661739
266.760851370389
64.19693418269162
266.7601007379708
64.19830285549688
266.7600857546204
64.19820252429054
266.7604542753397
64.19740865952917
266.760001632254
64.19829701531853
266.760444030675
64.1979169378319
266.7604484014737
64.19778830712312
266.7607201608189
64.19734217879886
266.7598190232093
64.19894058468344
266.760441143706
64.19762465861277
266.7609968680481
64.1967274841445
266.7599101663509
64.19873109320179
266.76050928549375
64.1976861776493
266.7607255509065
64.19842347996018
266.76011131222185
64.19827973107749
266.76030659716344
64.19780728468322
266.760558331458
64.19752321137639
266.76063994180004
64.19737367074413
266.7601132688287
64.19853956664156
266.75951784985955
64.19899297805387
