288.0090102849116
214.28659599958849
248.2445468757602
234.52966603103437
239.5968706524268
237.62409341726266
238.3594170198303
238.08002366263327
238.18439053165048
238.1452975320317
238.1603727892366
238.15484896270755
238.15659420106385
238.1560955097366
238.15601842018714
238.1565454514648
238.15590448664807
238.1562502233819
238.15639106810613
238.15522887854513
238.15654848215945
238.15560286455002
238.1558331478309
238.1565857484693
238.15628886482045
238.15620806474726
238.15604578747298
238.15608216332112
238.1561653128192
238.15634476490413
238.15620961512468
238.15621255586302
238.1569015197383
238.15520606218888
238.15623165639226
238.15669614711078
238.15485984637417
238.1569449728995
238.15554098095163
238.15682866809402
238.15594446477007
238.1567218515811
238.15580915551982
238.15670588025387
238.15537826929358
238.15659785033495
238.15590315508234
238.1563736772041
238.1561160663623
238.15670023077837
238.15527606553587
238.15656787496482
238.15674499545275
238.15594064241668
238.15649640905758
238.15582101258406
238.15631540320464
238.1565177938719
238.15605090100144
238.15585410693166
238.15672352248293
238.15595541207222
238.15625184192322
238.15546432821793
238.15626907820842
238.1562579200836
238.156185305259
238.15646742680838
238.15595660809413
238.1558953491658
238.15576751515255
238.15652146840512
238.15608412059373
238.15629396753502
238.1559968700567
238.15615562732637
238.1559315777813
238.15580995866912
238.15550011599407
238.1565076388215
238.1560769322241
238.1560188691219
238.15663739086085
238.15564465616262
238.15659006230635
238.15594408599645
238.15630753887672
238.1564205990726
238.1567950830722
238.1555150459899
238.15603392125922
238.1563194088667
238.15621038090467
238.15613436050626
238.15515718609095
238.15605463716201
238.15510967167938
238.15726615853782
238.15625088637898
238.15599032249884
238.15668854289106
238.15601224872808
238.15595297329855
238.1567849910207
238.15642171899526
238.15599996667152
238.15643367946905
238.15558099794725
238.1565531662054
238.1553802581766
238.15596303909115
238.15659414488618
238.1562281643346
238.1561099118553
238.15646557699802
238.1560749845812
238.1555760412739
238.15629262705625
238.15629280557914
238.15638222688722
238.15604130010615
238.1560028857275
238.1566029116948
238.1561309456156
238.15563435811782
238.15632890889538
238.15652294278698
238.15568645354506
238.15667179662705
238.15587180777948
238.15500804215844
238.15539449122298
238.15615279293706
238.15644508122205
238.1562020435449
238.15663132342888
238.15614829916012
238.1564655828406
238.155809577147
238.15657857075712
238.1567297188958
238.15550423843524
238.15532318499754
238.1565251225038
238.1559533609834
238.15666410304402
238.15498647544155
238.1568624420688
238.15623959141521
238.15525461613288
238.15692858587863
238.15627187841892
238.156220119723
238.15663371882692
238.15659666853753
238.1561750501496
238.15620609315374
238.15636845427798
238.1562512804012
238.15544162752485
238.15598493652215
238.15641820167366
238.15639131383796
238.15597962211905
238.1563210828608
238.15619496360887
238.15608401336067
238.1564216539191
238.1559567222066
238.1556655210661
238.15549537348124
238.1551295533136
238.15713836120995
238.15631279147055
238.15563506288163
238.15688043616683
238.1562501862718
238.1564720225142
238.1564424501703
238.15564915465802
238.15629236407403
238.1565247418839
238.15619315311778
238.15555991753354
238.15469839109574
238.15717225329718
238.15530354167277
238.15703365989611
238.15610676557117
238.15604754904052
238.15661556317355
238.15563792349712
238.15629730324144
238.15584169319482
238.15689976069552
238.15635782461322
238.15659420566226
238.1559004784067
238.15666554372
238.15607713282225
238.15619843517197
238.15566610022506
238.15705491039262
238.15552324382588
238.15634830330964
238.15615010073816
238.1567618339759
238.15501502531697
238.15671478473814
238.15566852600023
238.15648513738415
238.15617498279607
238.1563836512796
238.15619627283013
238.1561216590635
238.1560582836828
238.15664472139906
238.1557704631996
238.15526423692063
238.15741850205814
238.15447359032987
238.1577455473307
238.15493483266619
238.1564818003244
238.1559793715278
238.15601365236216
238.15679030277533
238.15586809547676
238.1561950398609
238.1563080947817
238.1561513018969
238.15619258017978
238.15634599799523
238.1558395072352
238.15624281557393
238.1558098246751
238.15611033380264
238.15638417167065
238.15627461213444
238.1547614314477
238.15722730335256
238.15554096116102
238.156640781046
238.15594237433106
238.15676410288143
238.15574446273968
238.1558590165514
238.1563169122528
238.15581803864916
238.15654042141978
238.15585102766636
238.1564402472286
238.1555628241913
238.15670693093853
238.15595241032133
238.1564593318326
238.15634565944492
238.15663384096115
238.15609377485816
238.1561673078104
238.1557419267192
238.1557977231423
238.15651162962604
238.15601280472765
238.1561006418342
238.15644674563373
238.156351532205
238.15571340142924
238.15596190466022
238.15630820755905
238.15598087589024
238.1562366872531
238.15627005088027
238.1557910832198
238.1567853155866
238.15594986667566
