287.619348826311
236.8632014509261
161.7740004626694
108.19181579663791
242.4745129074338
146.9715954436781
164.42296351921232
132.28951233774706
251.3865649212571
140.97042671636746
251.72941672489878
117.36126369535395
213.61223384267578
269.5084015467319
61.41186876362053
125.79538776003483
236.07791747096417
178.32224617949032
243.7514929013014
130.984881977859
228.00728681224518
189.6228541652372
19.130918367206505
232.4376308768069
186.12902080998538
240.18948215362707
144.65655465260988
210.76296524325244
222.2548147489515
213.24926033062002
218.08368181688002
216.75120750710994
214.29000914374046
220.6164720508059
208.62012803077414
226.10924260914726
196.26907776567896
235.55307701046695
158.60872993863632
144.65828173540285
253.1565053437207
109.8258121506642
235.23072199351736
189.17388582790772
235.24912123437207
183.3353479514335
240.07609072047853
153.20302580219686
144.00750559091284
223.68482692244834
187.6159664933184
22.068522488962117
269.48563268099133
62.00317305907629
115.85846916669834
244.88173427869333
117.3369451899598
238.8586636325672
138.11247522570739
224.7307689060126
185.86421621500267
25.14464292541379
246.1062177894055
173.5010139217884
243.2967100211972
144.97296801544144
170.51869550633637
94.18694786898777
259.5070717980925
96.22282255627943
217.11503014957998
256.76284340810525
90.29304930266153
244.68244668101397
135.23070401986115
194.86761811661927
14.36419226344151
269.5451065307534
61.769913650961826
116.3868980565203
244.40584854946428
120.70811448921086
236.93686390035145
145.7513904520638
214.57229932978953
208.66088948255856
216.78871192370934
256.8536213108673
83.98683289687688
40.618681449312135
260.3923847547485
78.97890414787253
54.53909122019468
205.15804911839587
259.3107109060984
85.17988243202853
246.16416067777027
129.2871432091597
213.22363280614445
258.0132074548346
82.3205111224961
45.81855288623774
259.91493595820066
79.6676199023932
52.529124677646905
191.2206446549826
18.233073937070003
269.33155701341093
62.92371285952322
253.17750473120395
95.95526018012606
245.56775550683233
116.70368875396889
238.03560799656407
142.60821095589927
218.93827448966476
202.83792657432787
259.3995626451215
80.3126431804485
50.67050195069169
186.015823388625
26.98811321809262
268.3911227798744
65.67960498607499
252.45880207797018
98.95682650874005
244.4807527554949
120.98684854933526
235.83873401903475
151.49012490650784
197.82070826462586
227.41410078321496
212.591288919597
211.90703870022116
226.99562544745277
180.541124722331
48.3002833798746
248.15809769218322
151.98133223816694
246.4078928444069
151.0462196320659
250.14110966309818
117.9464631529554
231.22576439578552
199.4318290213123
228.95169820480805
200.81230914696062
229.51657124572375
195.28368918471824
234.48014871258056
172.93126703473536
64.70356185996206
118.15940639968903
263.11772518704674
74.8530407620201
70.5668128798643
81.60029390786076
267.48630044650054
66.9089057693127
252.45651292179537
97.94003139778215
244.9638205235533
118.65195119436248
237.13304352932755
145.95952836480137
213.52079987573234
210.72715015440917
227.8697400381934
190.80733138617506
238.6724186451538
145.81278261056286
210.9421272436084
218.66803765327495
220.49841668061708
201.90670574019896
232.11114781603828
173.2756970757182
64.69406269241153
254.449732606794
94.38923458413046
245.92800927502685
116.31599989118695
238.1102080702185
142.8185587879707
218.48277439180674
203.8731348461588
210.92236412339116
269.6740703371106
61.136247321723204
129.61377399555204
213.9681326947757
241.9444223263854
253.34546149957896
89.68108135913644
14.023666803193919
262.31085342860024
75.32419810569263
64.04634572254145
136.64717833430768
237.34872515132884
152.91620282258373
196.51471152044542
227.6516338628935
213.5765327636327
208.95454752432124
228.56344237847225
185.00217447117757
41.291518287755025
221.32043612505367
213.4350091404849
221.32333613083756
209.21549144868186
224.98137618794135
200.85875471800682
232.05464619464328
176.41594923215598
56.092022913748224
148.5209268575054
222.05183751438017
215.83165545598604
215.45533468759095
221.4846323528909
203.38445342074556
231.6100694719571
171.42488472064724
73.10346136145381
233.20142305492482
254.52704526907473
90.46462037794845
247.08023168893124
111.64215376775246
240.2435249187838
134.14850292504707
227.80532556638354
178.09473794428777
56.01481952513859
266.9388343111423
67.2629327949835
102.08703094592784
264.4675567798404
71.61722110662231
251.4328532388099
100.32250628089969
244.22836985656613
120.87917833825486
236.0665206506601
149.80695874219964
204.22377747362043
221.25389950123645
220.63100471648795
195.19234607205
259.5380761857814
80.58119574886223
51.64355743480701
221.17879632872064
220.62370202573948
207.89228791680944
228.22600400753436
185.64927073688887
39.0687131043087
215.8638211046491
225.8660503699939
178.11421037303808
56.642113668101956
266.18030834849924
69.4823802083265
251.83168849913636
99.8182320688793
244.3279834795394
120.89605968235992
235.99714020268584
150.35452059422096
202.29894577953382
223.28424425248522
218.28643119113985
201.11314773163758
221.4360692796181
217.95988698057772
209.2156808169093
226.38957871140155
193.84366835001856
237.3484799162834
148.94917058791907
203.82853457871533
224.76078558998415
214.05135453751427
212.62350556530873
225.25084767243243
190.1866866374039
11.787622308576829
216.0415648955386
255.15426527555974
95.41029954604164
236.55178882967448
193.3320468041784
226.3363954202796
213.8549288335198
207.96929504197033
228.94236484185967
186.23448145895964
241.12534148534178
135.15687449833786
225.81326557630382
189.31864795822185
15.12344780949934
259.80607306354796
80.43674683458812
52.556656703789486
222.21668681110896
217.29184084794542
216.98837996649672
216.81576450554712
215.94167614715116
217.58120895510365
214.85311325949442
218.86232763894077
212.96143497469893
221.07133207620063
209.20507478639774
225.005199412597
200.64142803198774
232.243118282262
175.44299218273954
58.35824921022868
256.1234508373891
88.0462296755286
37.7797445061442
235.38908037159126
176.1001967193297
245.2050457574078
122.52907050889917
234.4979603716347
160.27269716050068
138.27300638399902
253.67400661150168
111.56451916597143
218.7717039570707
255.26986010004475
94.11091407446656
243.11385241648532
144.73768043679593
253.80419088814233
96.91317796282237
244.98214486906363
120.32165414486371
235.99897950679588
151.82801560712687
195.79879728976812
229.47527157228615
208.7311655758822
218.0548972523393
220.50726118660532
201.3874532662594
232.12836904737924
174.93883234156237
59.634797849779716
255.99787975254003
88.32543927656661
26.524443028698443
239.3018455188576
160.266381548965
109.38105391194404
263.218693614981
73.43010858604976
80.32176687162428
23.1548280431889
249.08069182107283
252.62555819368572
91.71834101657441
10.210796513929381
262.51110233661893
74.76738651406777
64.98578642519715
122.40141949283134
245.82819108423428
117.23968005352071
238.89730900865106
139.1435643533041
223.56007392759784
189.27580924153153
17.335472786653554
256.8523458705313
95.42118971419404
236.84129574673716
192.63689404986508
227.8635618131957
210.76208768528886
213.90281086289906
225.28254512845888
185.71238724449358
25.057850460754707
