287.9675118157294
67.77116267100331
269.60051757238466
117.10861249891946
262.6076009093679
150.18996565548878
255.70698078814394
178.38223101013546
247.59886767830358
198.36906180302958
239.52415181573042
210.05970135762163
233.38455480153107
216.42202949178863
229.4758660294019
219.86739601315367
227.1659019393228
221.75265611380019
225.8406642612499
222.79416738671262
225.0870690829397
223.3737996461632
224.66035057038425
223.69875505815344
224.42057453716552
223.8799447753927
224.28558871901078
223.9819154787874
224.2083145206816
224.03982983461538
224.166344471927
224.07131666263922
224.14250039216677
224.08914618646122
224.1287981000387
224.09965973637372
224.1205813054312
224.10587380643847
224.11663024346672
224.1080095491434
224.1149102236268
224.10950766677706
224.1138712533193
224.11074641336745
224.11297543984438
224.10970729374276
224.11383156073498
224.11066652505542
224.1134927097919
224.11031381059365
224.1132045400136
224.11128627083235
224.111891088658
224.11141719915395
224.11121906083645
224.1121203252369
224.1121900913531
224.11040134764335
224.11277391831754
224.1118824453879
224.110671266626
224.11266906702804
224.11143026947684
224.1120746045708
224.11155382112338
224.1116451433627
224.11156977820792
224.11233911495583
224.11155896195123
224.11201939698367
224.1120676053324
224.11078071205338
224.11273258884466
224.11149072038097
224.11195258493535
224.11086431389413
224.11287783075022
224.11171130029106
224.11114609488504
224.11192439992737
224.11180976021205
224.1118179969999
224.11218445727718
224.11231368068184
224.1116037564534
224.1125371464077
224.11167827363533
224.11149773641955
224.1110578392545
224.11279756853764
224.11038013446523
224.11279350415862
224.11172214113685
224.11282161185227
224.1117254188357
224.11230576794333
224.1122003275741
224.1121818304673
224.11188638203384
224.11210442930314
224.11130751894598
224.11234791079187
224.11201343825087
224.11158599836563
224.11181285756902
224.1124498438512
224.111285734587
224.1126536097363
224.11162466149108
224.1128399552399
224.1109102311675
224.11312499747874
224.11146784289303
224.11267573924124
224.11069388555916
224.11284336941753
224.11060303881823
224.11266017977323
224.11163926812878
224.1124724162073
224.1111964089214
224.1120260050302
224.11211475931486
224.11194791359594
224.11156708966882
224.1126212763702
224.1103029408623
224.11308907702914
224.1118788544045
224.1126046854406
224.1116554391483
224.11262226908002
224.11179056319816
224.1119512738005
224.11189452256076
224.11256211900763
224.11111080295086
224.1123043280968
224.11127133908303
224.11148570776277
224.11194228258682
224.11130384142598
224.1122785696498
224.11209672588302
224.111550535672
224.11232349085185
224.1121528474032
224.11189690135507
224.11155752606282
224.11221502845
224.1116628751406
224.11223611803143
224.11212405975675
224.1106406043109
224.11228086832125
224.1109315287904
224.1129816564353
224.11117167778866
224.11298479332618
224.11082162746607
224.11271591373225
224.1108158489078
224.1128380658629
224.11006142411497
224.11289749931166
224.11126498671365
224.11307952534844
224.11123911081086
224.11195475854038
224.11191544264148
224.11093745729886
224.11276276154967
224.11059299403132
224.11301465430006
224.11111733513826
224.1125484373406
224.1113339289077
224.11194769484428
224.11189052645204
224.11196253173694
224.11188544486504
224.1120570503117
224.1118049709621
224.11283717281185
224.1118037032793
224.11192030539678
224.1112672591771
224.11273586579773
224.11040615798265
224.11326358596853
224.11021024463844
224.11293407138874
224.11165279134002
224.1121308359434
224.11211688425828
224.11198039948795
224.11257077784103
224.11076044981746
224.11307834692707
224.11134153578314
224.11232496270532
224.11199134220806
224.11131962706713
224.11159176838555
224.11212363928644
224.1104415032969
224.11288307741052
224.1106229354482
224.11275880366156
224.1115010479989
224.11276836354227
224.111161389068
224.1123499678506
224.1118990891846
224.11218242073664
224.1113803480257
224.1115010236681
224.1127461930446
224.11080214097456
224.11164025253674
224.1120876921923
224.11136768605502
224.1135251802625
224.11061867303215
224.11302667236305
224.111533437841
224.11202021715872
224.11149794401717
224.11181892811146
224.11083568673348
224.11304069391917
224.11017823890143
224.11408839764772
224.1105885978759
224.1133831764455
224.10960201600392
224.1127900065767
224.11097711726325
224.11149994241714
224.11201455238916
224.11247295317298
224.11169647617498
224.11159424077778
224.1111559519486
224.11254301956797
224.11131279855908
224.1126094637002
224.11148228401726
224.11176941097074
224.11251651550992
224.11138717844733
224.11140929914836
224.11223429661186
224.11076205328573
224.113706566568
224.1112334320933
224.11220615080674
224.11109444359317
224.11258724053914
224.11182737152558
224.11245446144312
224.11205509488354
224.11184448494168
224.1126133245707
224.11187051874003
224.11115681660885
224.11255476986116
224.11172589394846
224.11260478832992
224.1118107840739
224.1125006248185
224.11224398983177
224.11246941536956
224.11166375107132
224.11262139084283
224.11129071595496
224.11202685056196
224.1116572435276
224.11128307657782
224.11096863205603
224.1126050969906
224.11166857098578
224.1125763363525
224.1120056531654
224.11210723780096
224.11083992390195
224.11213840715936
224.11129380956118
224.1108252571721
224.11300175901852
224.11089588454342
224.11312763459864
224.1108832393511
224.11322734439455
224.11086451909796
224.11196759075392
224.11229133064626
224.1120929709141
224.11165991613234
224.11152501673496
224.11248930403963
224.11132661804731
224.11276137836103
224.11128287711472
224.1119302430161
224.11114964220906
224.11194072251965
224.11215851572342
224.11095366202062
224.11254097367055
224.11187529633753
224.1111904384161
224.1129619586718
224.11124399008986
224.1122644153802
224.11044923463487
