287.9554880597607
273.03366788083565
72.6631776015654
267.3525946034156
85.72933296944916
265.55936170046584
91.45562977127383
264.6398346288138
94.81293248209431
264.0772643265491
96.96202181642411
263.71357051830455
98.37262574822489
263.47390146150065
99.31021963886997
263.3138184428435
99.93578990272454
263.2071989065889
100.35498198144796
263.1358696515226
100.63589770735962
263.0878028059451
100.82690252262637
263.0549541765349
100.95428245185576
263.03316491172063
101.0398938517119
263.01831247574773
101.09893048746744
263.00825120784975
101.13842072437546
263.00157658435637
101.16423739243692
262.99750056489574
101.18029055932493
262.9943538995012
101.1922634425955
262.99241345006885
101.20072121474732
262.9909815678693
101.20545659209711
262.9904317712226
101.20886083763253
262.9894193985001
101.21236941180723
262.9891899129034
101.21285808956782
262.98902107573304
101.21376100347698
262.9885220377382
101.21613817787511
262.98832601429604
101.21729659267112
262.9879158032236
101.21738237993122
262.9876914992674
101.21874184962508
262.9876596379545
101.21985999885874
262.9875135137263
101.21961075708896
262.9875387758693
101.22012326901677
262.98727859561404
101.22079311063862
262.9874748191796
101.22001561808429
262.98745705069814
101.21937806821734
262.9881588694152
101.21746704031466
262.9881363742534
101.21763177182584
262.987517506117
101.2193209029283
262.9879480317213
101.2183663062824
262.9880717641172
101.21811132556832
262.98797819741594
101.21821222428844
262.9878625412821
101.21787011719061
262.98791842520586
101.21828664315399
262.98765297518185
101.21977784648334
262.98794045595787
101.21887662008885
262.98837001540596
101.21713939105393
262.98775167363056
101.21918419955546
262.9877391272312
101.21898205253456
262.98717891137494
101.22118600983595
262.9873997734903
101.2209050161182
262.98715181041916
101.22204159507237
262.98689471944454
101.22199356727288
262.98747929581805
101.21965932804233
262.9875004749774
101.2198964314739
262.9879871168232
101.21784532069432
262.9880669781778
101.21715072102234
262.98815655105136
101.21729699806019
262.9880190319018
101.21888242493878
262.9877178841125
101.21947208791971
262.98794699412974
101.21686006699747
262.9878931610656
101.21806064299744
262.98738912527915
101.22086890747596
262.9877096190976
101.21940299216658
262.98725643060607
101.22132902149315
262.9876192264928
101.21905644724757
262.9878856924697
101.21820983591897
262.98752415707713
101.21932902459957
262.9876132398276
101.21979150862171
262.98768037592527
101.21916344959754
262.98754887767427
101.21969191436801
262.98791653709486
101.21850580563478
262.9877645052038
101.21945823564602
262.9874007239996
101.22034963434271
262.9877042122025
101.21893719163927
262.98773955861543
101.21898215838883
262.98794237014226
101.21827863607177
262.98799034796684
101.21756096649915
262.98826984796324
101.21659982959682
262.9883527382917
101.21674441408686
262.9881903503192
101.2171917192245
262.9881021276087
101.21752074531832
262.9880890655404
101.21720431172434
262.9881368756178
101.21684316809842
262.9882675657209
101.2161687262269
262.9878160934677
101.21959890068683
262.9879616656035
101.21790559516376
262.9879383185835
101.217962919407
262.98785933658655
101.2146627197144
262.988495922109
101.21586496546661
262.9879497838265
101.21760071525205
262.9885142659841
101.21561247596401
262.98806783367036
101.21769112174661
262.9884184841212
101.2165610849188
262.9881800250805
101.21728597518813
262.9881022879781
101.21760766227817
262.9881889905446
101.2180222300376
262.9880308869542
101.21777532566193
262.9883076174374
101.21661206962744
262.98839312074415
101.21630964144424
262.98852669403277
101.21629049207695
262.98824685370346
101.21707199743105
262.988534570286
101.21557543613744
262.9884510904885
101.21583981940785
262.9882259381193
101.2176491938153
262.98759085818165
101.22007434764237
262.98713185300585
101.2216141309691
262.9877488009588
101.2185322071964
262.98820451709616
101.2171343916416
262.9875794623076
101.21951466819155
262.98721959975956
101.22071051321109
262.9878156116465
101.21851184751722
262.98771324065456
101.21862121856248
262.9876136367384
101.22026866825763
262.987603146481
101.21915602385707
262.98803371735266
101.21831495031074
262.9880443872098
101.2179731347569
262.98794397118036
101.21744960773503
262.98774734210747
101.21887618472101
262.9875392502581
101.21980481070932
262.98738752315694
101.22029051174468
262.98799442306336
101.21824505430413
262.987795553272
101.2185898750613
262.98792791060987
101.21794997619872
262.98801333803567
101.21846263080079
262.9882262570609
101.21706125244964
262.9880351363827
101.21807018773688
262.9875688584434
101.2197447441722
262.98783874754736
101.2184887725598
262.987283005481
101.22179811206297
262.9876609498315
101.21931492902513
262.98760397100705
101.22048133291537
262.9878118133056
101.21910920614027
262.98756105662324
101.21983180136885
262.98735762359865
101.22063638160762
262.9876534000068
101.21953888646385
262.9876315405854
101.21932632492098
262.9874535255367
101.22157095196599
262.98784015000274
101.21862672886346
262.9881016595464
101.21735240523412
262.987608055133
101.21936598789762
262.98776078438095
101.21829535457073
262.9878917306778
101.21855147837778
262.9883887303731
101.21685030740628
262.9880555903219
101.21770881667908
262.98773364085355
101.21648682378873
262.9883688310365
101.2163758759998
262.9880086330959
101.21837650900125
262.9878927064274
101.21806645696051
262.9878620718955
101.21847076479753
262.9879502452095
101.21840853308095
262.98744225616974
101.22019676741911
262.9873479202797
101.2210732379026
262.9878218808881
101.21864678878046
262.9882011857844
101.21731426735641
262.9877046996553
101.21931107797718
262.987629889205
101.2193788489385
262.98774721854716
101.2190833803179
262.9881641501124
101.21721026704472
262.988463396483
101.21638833158067
262.9882221297448
101.21697747510916
262.988383835298
101.21690837369533
262.98750353904325
101.2197473427077
262.98726033011917
101.22087959031342
262.987488886909
