287.96634168981717
66.06401616053807
269.6471358949824
112.56171615020048
263.20880551244954
142.5491124314558
257.24313124478067
169.28407650062445
250.25667905109322
190.69463372039354
242.59307535723838
204.77358383714773
235.90120114807087
212.9755972858311
231.16388406179794
217.60129414393577
228.164046176159
220.2166313542366
226.34978456204317
221.70687489579996
225.27349154407966
222.5646222711175
224.63896477268736
223.06206608236607
224.26756502250464
223.34868662685494
224.05149176624582
223.51568450827108
223.92463333668275
223.61259249985414
223.85059017663843
223.6688312499864
223.80772030811386
223.70246776317617
223.78170356993905
223.72216741903685
223.76774405992546
223.7326597484389
223.75880092378793
223.73941396197006
223.7546297354438
223.7423137474616
223.75143206450593
223.744792130914
223.75033979352702
223.74593952505893
223.74827239525803
223.74676756870394
223.74804603439952
223.74734248766072
223.7485450546319
223.74601039666413
223.74929424309812
223.74628341502466
223.74873054839918
223.74735327850794
223.74839476895795
223.7470199132622
223.74820111679583
223.74771134019466
223.74810766616793
223.74767048055583
223.7474815102105
223.74784399973942
223.7472662997352
223.7479074563198
223.7470331100667
223.74865291145034
223.747404885391
223.7477495183084
223.74745042974246
223.74740793977253
223.74828500206058
223.74667580065943
223.74842439495842
223.74753633945875
223.74803330159557
223.74721115251668
223.74813645645554
223.7470332525154
223.74800319756469
223.74757526429312
223.7480138554638
223.74802341344912
223.7472978333426
223.7481857069979
223.7477113733985
223.74830529345127
223.7478081662157
223.74809189627194
223.74795528711184
223.74751752668453
223.74824722778794
223.74758461864258
223.7482648128207
223.74602843254615
223.74818769085323
223.74695777372835
223.7483184470293
223.74724985577632
223.7486858462289
223.7466921671621
223.74729790473793
223.74827127753815
223.74651352709043
223.74880034023226
223.74596542683867
223.74919460989622
223.74694281820848
223.74788531215745
223.74813007777266
223.74734900829935
223.74881393586838
223.74648491138214
223.74842983979033
223.7455304588584
223.75007763897884
223.74588451382442
223.74917448429187
223.74617151306302
223.74897170209442
223.7474753860006
223.74815046373988
223.74751357256173
223.747948848948
223.74792499750765
223.7480567646926
223.7477138112663
223.74828939248255
223.7470006683361
223.74790285492054
223.74817378509033
223.74742780921224
223.74723798742343
223.74823446207301
223.7468793524531
223.74839504947158
223.74743684723217
223.7483303515255
223.74659664893989
223.74745494565286
223.74713100237568
223.74911039409926
223.74619185199845
223.74897057337512
223.74751610707608
223.74795550767158
223.74756743991747
223.74799204913143
223.7473855049393
223.74770797845122
223.74604884559085
223.74861852798495
223.7464401667312
223.74888535992068
223.74711829765874
223.74776264405227
223.74749445853377
223.74793697723362
223.74756147828157
223.74716596948565
223.74796464110113
223.7474445442058
223.74676082529186
223.74833514010243
223.74739347657305
223.7475186782758
223.7485265756768
223.74658457472833
223.74890558357583
223.74709505012288
223.74869838458108
223.74621898883197
223.7494886082568
223.7468912310287
223.74832622404938
223.7471062598852
223.74794027568714
223.74800652793783
223.74734516246826
223.74860296372935
223.74731327399059
223.74699483609584
223.74798861703312
223.7479951951318
223.74817554051697
223.7471389191851
223.74712853682286
223.74859414292587
223.74623011758376
223.74995612018392
223.74691663965496
223.74918292596703
223.74702466918825
223.748506919379
223.74639694818325
223.74839282174798
223.74685662744014
223.74885178099066
223.7471723373601
223.74844572322763
223.74647973076208
223.74833609007328
223.74811257250985
223.74755512304546
223.747360894311
223.74736594164278
223.74794189745444
223.74831009657646
223.7476798787102
223.74860563092807
223.7478759448568
223.7472851825296
223.74856263489346
223.74713113457256
223.74823907553218
223.74687592545524
223.74921632355836
223.74640358242323
223.7491900233872
223.7466529665544
223.74911041054293
223.74577453480742
223.7500087965891
223.74630176606297
223.74839151820925
223.74735834437888
223.74834644864313
223.7470659045939
223.74875965694082
223.7466739424708
223.74875456442533
223.74673960375367
223.74873839975044
223.7462393380847
223.74881973181618
223.7474474855262
223.74793207152106
223.74841271525656
223.74756636931852
223.74815634658444
223.7476760657737
223.747385172348
223.74806420604
223.747686770148
223.74731677131786
223.74836126020818
223.74665998901764
223.74903762020404
223.74662067073223
223.748814555438
223.74639712352655
223.7487981839222
223.7473725797172
223.74839615392557
223.7479291982454
223.74841387743072
223.74771933276497
223.7476353063539
223.74730666265532
223.74832723148575
223.74711295845918
223.7481870949996
223.74718846903124
223.74757195853454
223.74817809808883
223.74762033908337
223.74836805781524
223.74761582505016
223.74852173004183
223.74741004317184
223.74840752329328
223.74750489459257
223.74682053959987
223.74796054008766
223.7475834100769
223.74821474589407
223.7477194890671
223.74768154979392
223.74795702729898
223.74677425224218
223.7478692662844
223.74776629747066
223.7481912658841
223.74756189041364
223.74701921611268
223.74883496106486
223.74666769961186
223.74867676125723
223.7471842688392
223.74902288148587
223.74621736725385
223.74940126528963
223.74594815111777
223.74851881577342
223.74757198618317
223.74836654298997
223.74760293366853
223.748127645973
223.7474999565893
223.74834982166067
223.74625617996207
223.74884585718974
223.74695053121832
223.749091725811
223.74686651949014
223.74908256652998
223.74691452523984
223.74872665850853
223.74620005690667
223.74937101648538
223.74674104333099
223.74793659258285
223.74825481916196
223.74674580822466
223.74870971673226
223.74682008572563
