288.03715949683846
146.80914026217027
74.3534112282423
249.8208371780646
220.42400383817971
238.9523747919111
227.99741205154737
234.49446071117927
230.7485526365349
232.91385124289445
231.67293079735464
232.38434582687296
231.97709694039804
232.21061601174915
232.07701647014983
232.15350423837663
232.1097792619139
232.13460192937328
232.12059932811826
232.1284538785767
232.12406879316313
232.12645258728753
232.1241877133698
232.12652302772403
232.12495148765993
232.12602328602952
232.12536810646998
232.1258033026661
232.12538619668157
232.12573588826854
232.12550921306138
232.12569737029298
232.12554921763694
232.12561702233506
232.12544916977276
232.1257571990991
232.12543806625945
232.12529813577567
232.12565038416687
232.12567968282565
232.12567717761885
232.1255841238035
232.12559096109362
232.12519126986808
232.12597294961415
232.12545394248446
232.12567506289815
232.12561189164808
232.12550499477766
232.12576252056533
232.12547152687694
232.12564372403358
232.12574181462332
232.1255430886813
232.12576579738015
232.1254311220473
232.12569471400639
232.12535763940105
232.12466394361763
232.12631546928242
232.12539362262396
232.1258605312105
232.12539128942808
232.12580693471682
232.12484484041488
232.12606738784598
232.12552940452224
232.12574430590394
232.12555223317395
232.12582845040015
232.1249442177359
232.12625469663908
232.12539633668712
232.12548134457757
232.1257141165006
232.12542391181705
232.12564628917607
232.12572876628838
232.12557109232512
232.12574727932224
232.12548689995674
232.1257997617431
232.1256154119692
232.12561896203624
232.12546585486416
232.12587507952048
232.12556060312636
232.12456022807237
232.12651823454507
232.1251300371914
232.12605914831147
232.1254308408461
232.12555429156419
232.12573021100252
232.12561927084244
232.12572372219074
232.125650778642
232.12568652905975
232.12556169714662
232.12570944978506
232.1254813218984
232.12578052964818
232.1255923872668
232.1257615156137
232.1253796261226
232.125705679151
232.1255233225529
232.12571920026676
232.12564622581704
232.12562478023028
232.12536577883293
232.12561112710682
232.12547574040946
232.12580517512833
232.12543009106594
232.12517026325804
232.12602361915197
232.12547175386135
232.12570363319537
232.12541573905764
232.12557615615515
232.125672007518
232.12411115319264
232.12701140315767
232.12468690519017
232.12631163478363
232.1251635654553
232.12583427288337
232.12542110884533
232.1254864658622
232.1256746397412
232.1258310044359
232.1256242282907
232.12510244904115
232.12619194050058
232.12496597125573
232.12607212454895
232.12528525359085
232.12594630660897
232.12385926883144
232.12704922721605
232.12467244555592
232.126295331218
232.12537561217323
232.12539316948823
232.12590980240202
232.12541047772538
232.12581011631846
232.12550537422794
232.12584416272148
232.12534104273072
232.12585765439144
232.125611544805
232.12573603178316
232.12559122851962
232.12563783532096
232.12561376579106
232.12535579726682
232.12584935690393
232.12551908438763
232.1257436481028
232.12531853655673
232.12584657559637
232.12544625948794
232.12569636198168
232.12562656703085
232.12563777156902
232.12569149471528
232.1253792261632
232.12594187413197
232.12529960148822
232.12578976940858
232.1252773663
232.12584720377345
232.12550619529793
232.12578512273467
232.1255766352333
232.12552214848256
232.12544423285726
232.12579118844587
232.12560434430634
232.12560008868604
232.12555071319366
232.12576727628766
232.125424449805
232.1256879111388
232.12565672142955
232.12564376032242
232.12568294734956
232.12565434459248
232.12556503012456
232.12558123737108
232.12541834590957
232.12584435405006
232.12556460881024
232.12570155053982
232.12562188107404
232.1255566332693
232.1255973251682
232.12568128528073
232.12418919309857
232.12687507345981
232.12490609657834
232.1259610959678
232.12525036027364
232.12606742714706
232.12538755194691
232.1256485836202
232.12574179415242
232.12557639820443
232.12556039835908
232.12540171582077
232.12539330539585
232.1260029673722
232.12543977444875
232.1260333017126
232.1250861005974
232.12595193763264
232.12521138186275
232.12599471783324
232.125417272473
232.12579113338143
232.1256826846802
232.12565387885843
232.1251389792451
232.12589753921202
232.12541529505688
232.125661110098
232.12579657502647
232.12549502983165
232.1245889662532
232.126381902126
232.1250829520577
232.12583171472943
232.12552292043983
232.1251559566299
232.12596875129384
232.12533668348624
232.12579318937787
232.12558981349866
232.12554294649453
232.1256921422755
232.12556883107754
232.12562175680068
232.12571973075683
232.1254949455615
232.12590420388733
232.12528501574707
232.12573302372766
232.12555481516756
232.12557311619457
232.12566863057145
232.12523467368737
232.1260435225995
232.1253178864572
232.12514048001321
232.12616996034922
232.12534760269045
232.12556299587595
232.12565863096097
232.12550708792696
232.12569322767376
232.12550868063408
232.1257150438032
232.1256657770864
232.12582854679204
232.12547303467
232.12535215674143
232.1247910543898
232.12628948192287
232.12521253165323
232.12595761328703
232.12539330523578
232.1259349296306
232.12568119293428
232.12566618210985
232.12559672133648
232.12568432217813
232.1252600520529
232.12598374769732
232.12529826830723
232.1258949549083
232.12545015351498
232.12555931553652
232.12568212745828
232.124508665147
232.12665498029673
232.12434064225818
232.12658648824436
232.12513483769726
232.12585558288265
232.12534784371383
232.1258342420333
232.1254081166262
232.12576450873166
