287.9514355832332
272.60877999567276
67.48814223098066
267.51807819337296
77.28769515587646
266.25149146533886
80.56928507294197
265.74274358374396
82.09016021574598
265.4957573460233
82.86592085802886
265.3681603063328
83.27325845305813
265.30062108940456
83.49030801588196
265.2653959591198
83.60323056194375
265.247113626363
83.66192572447835
265.2366690163917
83.69551835626135
265.23156685180766
83.71188748930945
265.22865071167416
83.72129514035623
265.22775932155673
83.72382120542534
265.2266120477034
83.72824408633642
265.22631040636224
83.72878991432117
265.22553275205973
83.73337357566743
265.22556346078454
83.73129225856064
265.2254114859152
83.72948601613462
265.2262674180856
83.72956280550534
265.2257923852976
83.73050798062832
265.2264848009563
83.72904351725447
265.2261172685303
83.73012728739013
265.2261377650175
83.72961890543775
265.22622450621566
83.72951126205953
265.22552545746294
83.73057425010484
265.22609254661256
83.73040725796818
265.2257565205182
83.73073690114325
265.2255865944244
83.73137326479628
265.2257923229663
83.73057723942838
265.2259138916306
83.73039075449924
265.22585068787885
83.73063280255883
265.2256577220505
83.73099606468895
265.2263194278821
83.72890972254027
265.2257865766951
83.73050920930837
265.22598758722233
83.73005561299215
265.22615837900594
83.72957663481793
265.2260397753198
83.72988176755462
265.22597014619896
83.72995901774266
265.2265112527675
83.72869068626824
265.22576762081735
83.73050096681618
265.2263446269535
83.7290886523624
265.22611915415473
83.73034868081231
265.22605124000256
83.7299326907596
265.22564723500545
83.73116582428702
265.2255361030693
83.73177385610325
265.22616837907117
83.72985776091082
265.2257329802851
83.73064048353262
265.22622535776463
83.7293533411248
265.22580452069815
83.7306614568115
265.22573827861197
83.73132309187349
265.2253661104951
83.73372031434337
265.22502875250575
83.7342101466129
265.2250628384354
83.73317300873896
265.2255255543132
83.73115442965354
265.22535103108385
83.73213919909904
265.22598385095625
83.73028568435984
265.2260640300883
83.72965842931444
265.22616221554927
83.72939840542676
265.22643187599897
83.7286939826663
265.2260790686196
83.72994186337746
265.2256982622712
83.73097148479428
265.22523715945863
83.7325009240376
265.22569237460993
83.73074199180701
265.22576677687175
83.73060402107512
265.22579534164834
83.73093615717517
265.2260876189539
83.72990556068544
265.2259810045143
83.73024110413098
265.2259803144334
83.73002863441798
265.2256351140895
83.7312856806966
265.22571425807837
83.7310661025258
265.22550129832234
83.73211264515703
265.2258310539255
83.73049910039845
265.2261546262016
83.72966344846645
265.2257545726534
83.73080529808067
265.22612610847864
83.72987976315198
265.226345354371
83.72951573157479
265.22650200192584
83.72843652417941
265.22594303337974
83.73030159796326
265.2258069775635
83.73033403154113
265.2257954944944
83.73104991354921
265.2258937182778
83.73037701143039
265.22563644026377
83.73121868412272
265.22579222042987
83.73069088584452
265.22575086589495
83.73075783329841
265.22568966198014
83.73095136437041
265.22578141692793
83.73106540966546
265.2261400211064
83.7297311375296
265.2260042495691
83.72975213320024
265.2262490592402
83.72930796584842
265.22561369444156
83.73088448069757
265.2255868273933
83.73130724579096
265.22584852322325
83.7302816385054
265.22530582836043
83.73239709261543
265.22521028989286
83.73230607623555
265.22519925756205
83.73281155847508
265.22575861741643
83.73082230431464
265.22596735547995
83.73022098061483
265.2257904286016
83.73083910000423
265.2257709152327
83.7307611028009
265.2259974379049
83.72998156863468
265.2259213170182
83.73039259158395
265.2258399433558
83.7304554751172
265.225531558106
83.73137727813446
265.2256802452466
83.73112175583083
265.2257328866108
83.73063379432278
265.225256899168
83.73223909134686
265.2261476079657
83.72977660513425
265.22626354645763
83.72878679541463
265.22517069651803
83.73256787541322
265.2259016443131
83.73085812355566
265.22576868701435
83.73084242461482
265.22596711498045
83.72994293281226
265.22613140096655
83.73027010571968
265.2259061474906
83.73012833381654
265.22613107715733
83.72771816063323
265.2260517978866
83.72993352706544
265.22601630416466
83.7286202795949
265.2263274776051
83.72900596291583
265.22581582416024
83.73047760143527
265.2260538467672
83.72926627838751
265.2259371627588
83.73026617775031
265.2256216918322
83.7311396964069
265.22588039755647
83.73036400557612
265.22523165321036
83.73256738464988
265.2245419161045
83.73502987918619
265.2252005829214
83.73278893434326
265.2255484742782
83.73068954817427
265.22555526655924
83.73226202889055
265.225331012276
83.7317291708896
265.22588566601917
83.7305774098495
265.22611693598446
83.7296647636249
265.2264562707278
83.72876164180343
265.2261252055323
83.72943966965249
265.2257648934901
83.73028527964198
265.22613759242813
83.72938694662298
265.22616308204306
83.72981077850272
265.2261717651709
83.72938808942854
265.2261164041993
83.72948964899115
265.2255839829013
83.73100164512289
265.22543565765955
83.73206730958191
265.2252096520533
83.73374535058974
265.22488295903895
83.7327100323455
265.225118472561
83.73307340043539
265.22543018095894
83.7315818467905
265.22595130732225
83.73014579107985
265.2258172335132
83.73040665125882
265.22612263033807
83.72969706900767
265.2259420330374
83.73093712115951
265.22592239512596
83.73013540385
265.2254902527784
83.73169983558182
265.22575479267107
83.73131079412997
265.22587568854215
83.730436566344
265.2258370320342
83.73041705031937
265.2260271614796
83.7301873191027
265.225480229652
83.73156994541932
265.22574190034356
83.73102943720005
265.22542476544913
83.73194946376316
265.22564143582713
83.73074295038532
265.2261207403644
83.73099336207088
265.2260951839562
83.72945012310811
265.22592406535114
83.73038767566322
265.22614285997406
83.72936964692781
265.2256300882
83.7338375137042
265.22567935846746
83.73100146387878
