288.3324793804742
243.17227851180473
252.33941114962602
249.8632532445963
250.4127485882757
250.2761306548714
250.30958343121392
250.30112326187873
250.3031305650975
250.30201986153452
250.30304347588753
250.3025985838749
250.3022046318556
250.301637079403
250.30214370460635
250.30278663755053
250.3029538620276
250.30292722399463
250.3031371923198
250.3027774001166
250.3033432303855
250.30268857557348
250.30178354496093
250.30334662552923
250.30175143280576
250.30325955908484
250.30253423743852
250.30250968195105
250.30151159171146
250.30291510151437
250.30288645187647
250.302236160549
250.3034436211601
250.3027994542408
250.30244556319667
250.30343512467152
250.3027414001226
250.30252622293665
250.3032501185171
250.3031175304004
250.3021971637172
250.3036133299429
250.30296837435162
250.30302709345415
250.30287232892806
250.30257488560528
250.30303291876044
250.30249920887945
250.3031269128187
250.30293076236921
250.30249107378404
250.30335694014138
250.30289142820402
250.30307250411352
250.30260843541691
250.30303089961672
250.3025484881582
250.30230326159653
250.3028385917678
250.30267124537204
250.30131267014804
250.30265417989358
250.30277077329083
250.30231739523515
250.30315088274438
250.30322528275065
250.30228720778905
250.30323191906064
250.30320660091456
250.30217363651172
250.30305585755195
250.30263081614976
250.30313484511134
250.3024822714833
250.30203224583238
250.30201133622904
250.30322545441595
250.30299582413863
250.30303761133473
250.30319224856794
250.302630026752
250.30252507713885
250.30218914794386
250.302758095655
250.30189081298158
250.30353718520928
250.30253813075979
250.30310844168707
250.30309332106117
250.30276575346215
250.30276806334587
250.302752399155
250.3030436316767
250.30261895510193
250.30313070370903
250.30282207753044
250.3030949762251
250.30227105980885
250.30341525666154
250.30232380913367
250.30317806030507
250.3026707527315
250.30296711215487
250.3031360350942
250.3026229331299
250.30257438535045
250.30286519250512
250.30306574965653
250.30260001616261
250.30284637018485
250.30300494118273
250.3026408120495
250.30264334136155
250.3029590078877
250.3028968810977
250.3029776174517
250.3024042784382
250.30298355812556
250.302709980715
250.3027218074567
250.30296018863737
250.30208387839957
250.30341477853653
250.30206334823015
250.30325276448275
250.30216505572025
250.30294471046363
250.30144636944897
250.30294582906208
250.30275290946884
250.30295575577475
250.30290935380617
250.30206124227698
250.30263059738354
250.3031944394461
250.3027608817065
250.30267154855392
250.3023907665047
250.3033576915841
250.3025094433251
250.30205325652787
250.30273311063502
250.30336059098045
250.30261970044376
250.3025605563089
250.30293715681182
250.30325937148154
250.30182485564728
250.3029238140807
250.30236881365272
250.30294290270103
250.30235266588716
250.30305841025984
250.30251946279895
250.30317045035918
250.3019650561473
250.30298280009447
250.3027984680084
250.30292643903522
250.30210752799758
250.30368374650425
250.302102195943
250.3034182350384
250.30251918995054
250.3029066316085
250.30181549365807
250.3022986548458
250.30326563453127
250.30296787088446
250.3025949732837
250.3028941758821
250.30285236203054
250.30272891442291
250.3031744404143
250.30319842319295
250.3021700399986
250.30343090066162
250.30214105422783
250.30261739624257
250.30294856597902
250.3026618394506
250.3021394045063
250.3035289748077
250.30278097894916
250.3026141706796
250.3029650314711
250.3031804029597
250.3019182572607
250.3028577669029
250.30328120886406
250.3030847612099
250.30208574899007
250.3018841198791
250.30330268775288
250.30271971096226
250.30291001203295
250.3032310971612
250.3025891884754
250.30295603198465
250.30286009944393
250.30308658331342
250.30304541975784
250.30278254224686
250.30285412508238
250.30289968676516
250.3025905694667
250.3031166173896
250.30278619709134
250.30271407689725
250.30247841781238
250.30331884563202
250.3025401676423
250.3017074017407
250.3036043245229
250.3024287679873
250.30231407526298
250.3017774967302
250.30355824588332
250.30250512625207
250.30262227721687
250.30274241860025
250.302964739647
250.3023680158658
250.30204982425494
250.30305211478844
250.30273971441784
250.30306281562662
250.3028081975499
250.30326487647835
250.30243885667005
250.30308469843294
250.30165339939413
250.30200289881031
250.30325125856325
250.30277399790066
250.30210456228815
250.30319886549842
250.30241894444043
250.30291163432412
250.30295240522537
250.30255169623706
