287.5038402388163
202.7445458193297
206.18547806176355
172.02346529274917
11.434932139042303
256.79761626973436
41.31821859289994
135.30610289482706
249.61370329121496
44.603169260548384
131.59000223087605
218.7247114315801
245.38482858060524
52.18051689308095
100.2854143458917
240.6627985297364
59.01504727704787
75.98398115418149
250.04138216314277
231.69160581254164
75.29811044885173
27.7116837081212
258.9526668149483
226.79601869459657
87.16964734561407
239.74910433569858
60.638978415343445
68.413437280793
250.4887558216733
45.102976530597516
135.32137429065642
252.23739846429817
231.10770569264332
76.41335840680858
24.10591688972727
207.42103802806378
266.14250283352885
223.7125907548998
95.23404326495256
239.8469139703211
235.2659212953222
68.2533757553847
51.95986392102532
255.37867992938664
228.38627544145675
83.0683317496023
239.02120723960797
60.77769888586954
71.12956673197004
252.1444508743716
229.91411696396608
79.44097239605071
14.805849029613455
235.4333038751338
69.03921643863941
246.6754779520379
232.59833967893246
73.4126222376326
41.63747305689503
257.01110011233504
227.55786803572119
85.20207668622788
239.6003015050519
60.39973997214656
70.3800288495986
250.95011919160424
231.34934567430355
75.87488380915056
24.943706281514096
203.20377767020545
266.9689118239239
223.30585598620746
96.58285722545224
239.63761903994236
235.30956597795011
68.32541046540064
51.621067637988745
255.3935558833473
228.41906715220102
82.96440412383527
238.95779985439367
60.820064226776594
71.28464749344494
252.24933635827983
229.75245769779576
79.87353341835478
14.274379724280152
236.47205904204384
65.86992333453236
247.91534098166449
231.5374135898128
75.72300973447273
39.38324641613508
199.3238599137112
267.63129142296384
222.6243943355803
99.3437960060619
238.53778180449808
235.81090650101396
67.43351680942578
53.46429556737712
255.0529683228524
228.62265120462325
82.43814173779538
238.64136105149373
61.26325135439038
71.14123652662965
55.15201156925832
138.5075722227084
251.28811778145973
41.37305737200586
250.3336943938375
45.063604927923734
135.0354935875912
252.1499042967116
231.11338710778
76.37979740059018
25.886906906169315
209.18222118685298
266.24861318086914
223.0107355956352
98.11515569766925
238.94685967056284
235.61363145014548
67.78467199447186
52.736089806738164
255.1901200447137
228.5383723618761
82.65553104080027
238.78405829785333
61.05263232161087
71.17058927891776
252.48483207202662
229.4844023437072
80.58646518774549
13.510148037283216
237.29673085447575
64.01826259968584
65.34269866315663
63.05295156679131
257.76815103316403
227.66605647369943
84.9962109432854
239.69802364670613
60.02700078505222
71.89593731381319
250.82157904435007
231.3335941767582
76.01204362940916
23.251412478624843
203.75771315108432
253.82320713455556
228.27889372842037
82.91275175550982
239.26246196357533
61.028266106164665
68.4926808006494
251.54432611753145
231.09165121292608
76.46310396407353
21.16331874432217
204.8324285382114
267.15493678482017
222.5743700302337
99.59431783912441
238.37198869384156
235.891887780228
67.28444756475074
53.752647197376064
254.98935326105857
228.66763728963997
82.31960831877223
238.55171628466633
61.40213898746879
71.20834628193552
50.942296975918
195.5998114256363
233.67168421953102
239.01777294254134
62.11210863605811
66.29706550197443
252.49590633343905
230.08481441707409
78.88669398195634
14.577170360927994
228.1530026067121
108.55978335126565
240.82787820380327
71.76946133354068
258.7743680735148
215.91850851423806
165.68354816573265
214.8312201923618
250.3895747571005
50.09818499321409
85.6312354937254
260.63522271496913
38.15773396858276
150.07651669249026
244.9114708450943
51.97479954655864
249.76275539769267
230.8392848835938
77.18638335022843
23.092792084928078
219.238282184735
250.07569579749543
229.38456159581256
81.19787340894982
243.58653105580743
233.60072876655613
71.42899032109563
45.58150042301713
256.40346096747817
227.84243842625438
84.47406947215495
239.47311013776198
60.41506915556238
70.8642979939832
251.25286547217547
231.03042376607482
76.69325769376883
20.762169777750387
206.33231047797017
266.46138953870104
223.49658129717864
95.9662087254037
239.815020087015
235.24056283340906
68.43972828568803
51.36500912369229
255.432382154504
228.40142673814262
83.00729034540564
238.977460528542
60.792301445988414
71.31882121480157
252.21798443904845
229.78530159190268
79.78864623136906
14.407899606929277
236.3214827296688
66.27109113404731
247.7991573721156
231.63383446857915
75.50626651941275
39.56265165912191
197.0416093445965
267.418467344949
223.52664344421646
95.74930644656706
239.1802655791471
63.709969860145065
55.11145555839903
251.18418101791758
41.17578646817856
143.8138019963735
134.42239049923228
226.71702407088014
237.59803766031837
72.54672112927074
259.42486711018864
220.75204636597482
115.46541847770277
224.79601096030092
97.70181544439401
239.18541902679863
235.88776385702658
67.20978989923606
53.70074777650734
254.923373109159
228.77127043408836
82.02765244410693
238.23951526654855
61.92714161882759
72.8406656393272
25.165164624348108
262.10447527691576
226.38951868339063
87.64803840043896
239.00525703794847
60.23018531053094
73.76522318215575
251.80748053495336
229.78784507482487
79.88323974989908
16.634743257120135
236.45126244651328
65.79993901994749
67.2129882149311
48.095572782673116
269.35037058863963
222.5518109205732
99.56333056630683
238.5981049046095
235.7901392019994
67.47958488442237
53.39686981018167
255.0764396408631
228.60205727546418
82.49440448246605
238.68483848958567
61.20099083367677
71.10959530661057
60.5248030606308
71.66300886181125
266.79547618988727
224.9349717261939
92.29374412597099
241.179725707334
234.5992876298842
69.65484679173096
49.10714823998569
255.86459801494493
228.11594848631648
83.770456254686
239.29166438500397
60.51863339022384
71.14037902635755
251.64037157471466
230.53142160938296
77.88261907786364
17.955464105281862
218.45751082646893
250.1045398198039
229.98046990345756
79.22308495164907
15.897461332177045
235.3706181411253
68.97497257242503
246.86263474485895
232.41182487650076
73.81547813092766
41.17905184206029
257.10588408334297
227.48735184448014
85.39224539941642
239.60529383389803
60.467641597017064
70.00289994775085
250.9181832717877
231.05431970035715
76.46086878256756
39.479527111616335
215.90089089075627
179.28443724922545
201.72853876266163
266.4593188013241
224.10394118711702
94.00358337798389
239.31886421157105
62.08880731248064
62.17160207797133
250.44390898491838
42.684173771427595
141.77606548382028
156.9450310277607
213.77163192103035
248.30926068329427
43.53042956351419
231.6329158709559
245.9456582073035
231.28496909957903
76.47703364268818
40.44834088967764
218.79086735351302
145.03300754768134
248.1365714540152
49.28649604112434
111.50462612834235
258.320218630266
228.09476881260343
83.46930457850976
237.79953474449576
62.77022953046253
248.19379949233553
231.44071185380744
75.90184233876062
38.718294236969086
199.53136530297343
267.40187178009364
223.0077501166088
97.76674452329462
239.22114822923322
235.48086923426308
68.02887244173326
52.27247934982006
255.28811332356418
228.47257503108995
82.83100281754741
238.8906910433434
60.91335070269997
71.1919463219092
252.3516943007853
229.64217696071137
80.16513276692422
13.883706814842299
236.89299558459606
64.84485591862176
73.64558426443546
10.863539754893281
258.8074798546004
255.5975040392659
228.1937558882055
83.45849388479837
239.13018334783555
60.46267064276617
72.21975888790621
251.95370880808332
229.9372109509277
79.42217962695577
15.567120692154276
235.63626332671265
68.21463181526633
247.17775647973758
232.14902393463126
74.37664283100457
40.59892398220836
192.21040642009757
267.5629877540923
224.53262451122282
92.45108523810632
238.6821595437068
60.93573122260568
70.59395991268684
251.92594581002777
230.22656952764373
78.63474081584718
16.25098313835042
229.88290273405437
96.69922663111356
252.78315894855768
39.000754494874855
251.2566510496108
230.55277330757235
77.67427857444272
17.758211990862037
212.94360553663864
265.8419406992907
222.79994207313575
