288.1440159418896
260.5065251688684
262.7061313943507
262.40346468768985
262.43569808149596
262.43311198924584
262.433994951627
262.4333652580108
262.4343665164092
262.43353381362704
262.4334701442367
262.43307645807454
262.433874265168
262.43347170161906
262.4329929535588
262.4331937568095
262.43425388060314
262.43345805168065
262.4330306834672
262.4336787402808
262.43285774909054
262.4337842731002
262.433090397466
262.432747372608
262.43388820649125
262.4334411252439
262.4329655226302
262.43255979654896
262.43445474923465
262.4334196259915
262.43348480124223
262.43338203914027
262.43291692544335
262.4341446641647
262.4336607751502
262.4331726075616
262.4335196984648
262.4342948888552
262.4318873388547
262.43383402352265
262.43378526126617
262.43308651798725
262.4328696410048
262.43340551184156
262.4336915427957
262.4334859699229
262.4338624083757
262.4328376903213
262.4337315739285
262.4330495833019
262.4324085881781
262.4333814088386
262.4336497679942
262.43234265325736
262.43393415096943
262.43255845816384
262.4336762351122
262.433005048777
262.4341794058455
262.4338087676588
262.43368512464076
262.43372721817286
262.4341140932993
262.43314265413574
262.4337898207923
262.4334693350902
262.4335621022765
262.43388391237386
262.4336887833415
262.43356202133145
262.43387205867475
262.43272412113583
262.43425294804183
262.43317605434277
262.4339396911673
262.4334919142857
262.4335944489503
262.43362482549855
262.432497825117
262.4342011656845
262.4329516328362
262.4333729622449
262.4332908756551
262.4333898581026
262.43391358032386
262.43411017354083
262.43352899130696
262.43368641599227
262.4332613455117
262.4334164752654
262.43371063425
262.43280046189466
262.4341798033129
262.43283659923327
262.43355603203236
262.43370894744294
262.4337649013396
262.43391414591315
262.43345299405337
262.4335446486366
262.43311650148826
262.43283590485953
262.43360246465454
262.43327588652755
262.432927531263
262.433116061271
262.43312523562054
262.43408751695824
262.43381781026983
262.43434888784395
262.43333816669474
262.43291389386286
262.43402855340537
262.4331899528115
262.4337877035432
262.4334558482151
262.43377656109806
262.4328798870192
262.43351426216395
262.4333463984658
262.43397851892223
262.4327877027681
262.4333747132041
262.4331743008661
262.43373191582214
262.43332642236055
262.4323423433307
262.4334277362068
262.4338236352269
262.43261215656094
262.43406616989523
262.4318116143768
262.4333164165
262.4332197225158
262.4328229212697
262.4333350549132
262.4336412500852
262.43391138916195
262.4335420573916
262.43352161336225
262.4333408116072
262.43364393028605
262.4333407101658
262.4337498800742
262.43324477260467
262.43341030211013
262.4336999179068
262.43341703127953
262.4334703795321
262.43409895533114
262.4332042611495
262.4324094815238
262.4332319991081
262.43327703016985
262.43338003219105
262.4319946406322
262.43353938049404
262.4335895701515
262.43347005378746
262.43311154138064
262.4332044012408
262.43349705620494
262.43352842448803
262.43304798551253
262.4338256320625
262.43356321539613
262.43367532444245
262.4323416565312
262.43461081339046
262.4340231373353
262.4331426708959
262.4327244688757
262.4331357083138
262.43413059013255
262.43321884020406
262.4339198932721
262.4339436698647
262.43355265537684
262.4337349319685
262.4341097428405
262.4335007325426
262.4338296342612
262.4336617504887
262.433600537086
262.4330899899214
262.4333083457168
262.43393897492206
262.4332581898925
262.43362565872667
262.4334999363491
262.43376160322805
262.4338052770472
262.43332467124856
262.43382504815236
262.4333725275501
262.4335918724246
262.43362945422996
262.43362733167305
262.43369150759827
262.43382996752916
262.43331581651
262.4337965783925
262.4333328670764
