287.3678632923651
165.58388263380914
164.857394189356
235.30566364408412
116.40274877171419
255.2845408715657
50.75816609970025
237.06916304361584
82.05521559634462
223.8488056822889
121.36420366666562
47.20263188292347
238.13982842165797
114.9284888718962
234.6032760004682
154.35642378745888
215.21290114769954
218.17548933417856
173.2985265117104
231.05158303457665
131.8477106594146
248.9214690516228
61.77720804913497
226.1890499311594
151.79232424485144
239.978640848115
90.9705880325073
258.9427219479476
45.1999353601168
66.55974001842606
217.2726485048297
203.6997080322035
244.84887155705292
69.07201730136694
229.94701842976792
105.33603383377522
110.95516197191682
234.1774786592996
239.93805239130415
76.48616113281605
212.7675055312593
259.4518196255449
49.592017883394874
20.826074454749687
251.16384708835722
59.29146269216835
196.6458067826079
254.68634966133504
220.4666545385353
145.5863106540728
221.79579887279033
130.73967546166386
16.254152019162575
261.52086124610105
41.39049518180582
239.6516176228397
76.88632811491516
227.5750943523235
107.34841106737622
109.83139049061356
254.6712467572779
51.85100812319979
255.25453901065157
52.90596404258031
37.72231949517118
248.59162374670268
66.05314526037728
201.1124000732725
227.33649062858967
99.22997052678693
179.99744078291405
208.36204268618167
227.49452302880673
101.40491901556743
158.4285662611619
229.5504045777816
227.30381078433857
155.9683278571647
211.14857636897796
252.7693873754033
221.05700683022587
146.79666701874157
217.8334520524586
161.36419402281535
189.06811289014513
218.4490928396699
256.963841374858
45.1762126897047
238.38292620544235
79.39335163879514
225.59378126644515
115.54094692258877
67.05363955079156
264.1181689066034
38.72426919845384
82.83711452172429
228.1449480482006
115.04209704262394
243.27514304848228
72.88568897100413
214.0053153460649
259.2816090547749
48.341576691669616
39.24998227960168
247.99915996855634
64.07480491418755
203.90695493103703
226.3728324547992
235.416305126324
90.80245970228134
193.5860110266658
39.544228050926904
245.7166390711318
67.42025215813919
215.55256932141856
259.45694645841286
218.47162059156835
152.50029628149423
213.17586369269338
162.24143163797635
246.2379485429592
62.509031234116264
234.51484627224636
88.00212271064447
218.0399505364694
151.299555290243
261.1302793267387
41.6452454734972
239.66445651077083
76.93485794589651
227.51921555477747
107.45112934823555
109.18044650589218
254.84060010817484
51.48932598042302
255.34753166632072
53.159264057470864
22.698968455759314
251.2048934971208
62.11859697927139
252.94008348888747
221.94335353239148
139.52052972615638
227.14433683794778
111.77841458153853
82.51148620936874
262.0265281491447
40.366488292536815
240.1002487434671
76.18522759810003
227.96251859095355
106.42662443486915
116.10497651575861
253.17180091947375
55.12675715541991
254.33214464731282
52.015392106884974
47.03272762669803
47.68221519823419
251.846307892396
223.1445887949012
134.20757110957493
231.49732650839724
96.94161475624423
193.30344101688388
204.06602046578337
17.567923047456134
247.77032620578393
225.73631552117877
121.16509897465585
51.843896205762576
246.0830220391872
226.35670625002967
121.05260449265188
238.44812784838723
79.9107268176158
226.1128779684368
112.50827653799206
80.67335055791773
261.0700124803916
40.86691372948553
239.93937221455417
76.56366772129695
227.59218164294725
108.36046142124542
102.21910908154678
257.2183295977884
46.700145812908886
237.20907255853672
84.98559952506184
210.50662592804292
210.47353942887275
167.12527213704743
245.289698798646
65.6569236896612
201.75867655761976
18.945985216974805
248.19525479698495
224.99298668812844
125.12528468405799
236.8875281245273
83.00680116465082
223.94465514747571
119.94974772119167
52.213687883951934
265.6752474896566
37.792773372115334
70.27689202845795
239.6742530793781
78.37832656958926
224.4063575624823
134.6662373266663
228.7074675560143
118.73222895908839
238.61983646928275
80.75197825369833
224.4173246415885
122.64881618585059
43.89814432209823
258.1473082815355
44.28126948928548
239.0229798587825
78.19200726659619
226.70091326638794
110.81042079218605
88.55972185890278
259.8098044659055
42.58298547378945
239.34837367189175
77.96728728328162
226.50931117487198
112.80599385523965
77.93082543695346
262.5112202690725
39.79797556279664
240.2384755320163
75.90884092311899
228.12025578543398
105.90781560468167
119.9666339739997
252.02423470852227
57.91304106118332
253.25153954190318
52.51106242937385
236.81497811488225
82.89631328643009
223.23476636683336
122.96898790054547
33.562482392757374
241.62833927014435
105.82407597448764
238.68187491563003
242.14823464935034
227.02046380643878
120.02114782491117
238.52970022561203
79.82284470080049
226.0594761623579
113.00577947214333
78.18962049661059
261.6799770880243
40.20471805152192
240.17191926647502
76.03814409063489
227.9857904833625
106.72779154040472
113.56300586742145
254.17235116977827
52.73858962218219
255.16346205578157
53.29855706320086
23.12640047856985
251.1607854151298
62.49491765585117
252.89478805305407
221.95630386129778
139.44475815623446
227.21260402933694
111.512344645329
83.8299701246724
261.76275689941394
40.586386410708656
240.05942656273692
76.26512903345429
227.91247842882876
106.63044313917635
114.59155304006708
253.6298610381491
54.055331285941065
254.6965887319384
52.21683559761732
42.39707862625073
67.85386259257211
245.96930345454894
69.17478682287037
204.33316696564725
225.47757891692163
235.95279754482908
89.16141808372049
206.24673047567194
213.8685501482105
181.47116642021865
65.7015350816364
234.1694610991981
101.17098445328884
241.4586493926763
79.05158653503167
248.8192725538247
59.72892588180548
234.34960173940635
89.25962021113082
215.1714684336912
158.87918466542033
247.11353687253722
61.03740515098616
234.92490160524903
87.07539397971414
219.20597070493386
151.47095461245044
260.5631237019552
41.18895768679795
239.93044856807683
76.33890539585263
227.9136160431808
106.2874464825145
117.30835249021766
252.55700315121794
56.73138870902767
253.58233320713043
52.15995767439017
236.91216812875064
82.64567167915811
223.47150354392943
121.94960801073466
37.73093193676323
267.410252979651
38.111569047221565
59.24714286769449
243.22741746145766
71.16395844219369
229.9155820140295
102.32510798836302
143.50581503148715
249.20385086575698
61.72765576421807
223.40348851884482
242.61051788931945
227.26126575327362
116.56959497107891
72.75253240462916
236.85555064513755
82.5904635276238
225.31788649826194
116.35428806765412
64.63122632389423
263.8410989248223
38.26534443786659
240.70123134458845
75.00024724160903
228.62391337845474
104.28802662699309
132.85585436011024
247.54648854356492
70.90222526941216
229.10730499977944
170.39411158721487
203.5828990572045
254.56503868871368
220.8803312084783
144.09816349638277
223.29272196134843
125.22339709721564
26.762195959337987
258.934359838051
42.76628650003113
238.71110689811758
79.41794719969039
224.7104667044914
122.13192493525275
46.05073245319363
259.07453728957626
44.403918222975335
239.00176093251503
78.27113690439728
226.7185812430398
110.16328472841997
92.4888074791379
258.73687169721234
44.19360115475138
238.41673837932467
80.84149576973869
223.07057782594347
131.9301242573274
9.205638698214898
252.2484062165022
56.723839894111734
8.952466639588238
182.31941690093663
253.01547755919455
51.29020611770102
248.8822184126766
62.13219975773245
262.7017669537745
43.01300887222169
51.317136337340344
245.2176675510127
68.10568685138423
217.43709720084735
259.2172882837913
217.75668499043968
159.34978746330307
188.27448928449303
225.64713159232633
155.81677793728886
241.8490060391632
79.37576628905663
250.06995708169416
58.325760176434414
235.11354454209504
86.63481850641256
219.512350124176
151.3314468121098
261.0031679802487
41.20320556094521
239.8778241820546
76.54267637497105
227.76508840720635
106.68880328598607
114.46561165289313
253.38124060844711
54.75867746178119
254.33746516084648
51.87545355835755
49.08584814223286
42.689321745259804
252.92419618196436
222.36609519721242
137.81419330644712
