287.9884385376055
137.17064058028814
262.9064172735099
208.04996850122484
242.41902701297954
224.501972148885
234.2843038686333
229.05569752827796
231.86000567943074
230.35654565317327
231.16123486650304
230.73046041552516
230.96102067631
230.83787451152602
230.90403428705304
230.86892777420599
230.88718635237456
230.87700168212086
230.88274549560083
230.8797217586498
230.88178297084778
230.87999333554217
230.88041970895938
230.88118276096975
230.8806779119077
230.88114622861758
230.8810485424874
230.88083845761503
230.88026145423828
230.88169302715687
230.88018278464006
230.88100849188413
230.87904728613103
230.88146030190728
230.88078971689174
230.88034385192805
230.8806314700505
230.8810232054675
230.88073916611575
230.8809120676251
230.88105302890108
230.88118809770458
230.88058234186428
230.88100021523678
230.8790784180983
230.88197127909189
230.88033048738725
230.88074567499825
230.87990497110877
230.88082671443772
230.8801085026862
230.88121647231674
230.88096179327476
230.88091148480817
230.88108009033385
230.88010505001148
230.8820521711932
230.8801983004705
230.88039191583812
230.8805931052375
230.88103246672472
230.88130929589533
230.87994348522625
230.88119138360707
230.87826307796422
230.8820074278956
230.87957958734478
230.8811141875558
230.88026969195562
230.8806931099025
230.88165248078803
230.88035820368532
230.8813575664317
230.87985065874454
230.88157129858155
230.879001446654
230.8825145829651
230.87952521929765
230.88186651056094
230.88017129636137
230.88054721674416
230.88180316020225
230.88048516962954
230.88036342145278
230.88095614306076
230.88092809248337
230.88096668860453
230.88111819745245
230.8797192654456
230.8812939231102
230.88096408716592
230.88164427823722
230.8806554578441
230.88047909926172
230.8808383068208
230.88113572671864
230.88057357282742
230.88076653755707
230.88079263494728
230.88103822270932
230.88107215983473
230.88130514477962
230.88068010647112
230.88051540232846
230.8805173629953
230.88170730841375
230.8805511907849
230.8800865163721
230.8816975589798
230.88020740855427
230.88129025237868
230.88009068113024
230.8809548276622
230.87921057721542
230.88122654991457
230.88097852507053
230.8802904045442
230.88055053288554
230.88082575542649
230.880538484751
230.88116019561858
230.88085021290317
230.8806331515152
230.88057151757675
230.8808613293004
230.88071095185296
230.87996484708856
230.8815128370843
230.88044243407785
230.88077769618394
230.88071672141814
230.8798009368038
230.88093837451743
230.88109877784154
230.88071211241913
230.88110048020462
230.88053389261768
230.88099675896228
230.87903941161494
230.88202770479984
230.88029743731022
230.88164108153433
230.87896971231385
230.88100949329237
230.8814230165808
230.879784278055
230.88141944649396
230.8810201251399
230.87934800521907
230.88185348792467
230.88083067435946
230.88089208814927
230.88124722509383
230.88105441951484
230.88076070285751
230.88084037564113
230.88018998461484
230.88146582642366
230.88085647045227
230.87943120941054
230.88190777344425
230.87987222880474
230.88170432814513
230.87962378878728
230.88182938331738
230.880485986876
230.88127134301612
230.88074216742825
230.8807736660092
230.88010093561752
230.88189343978593
230.87964818594628
230.8809556799606
230.8808098421432
230.88148304998322
230.88067033032712
230.88083578694932
230.880311792891
230.88168781357672
230.8797315564152
230.881785782527
230.87852227297844
230.88198146958166
230.87892254151666
230.88156718582468
230.88034347884968
230.88056221699662
230.8811773522757
230.8811877872795
230.88119280784304
230.88079281627142
230.88063540762232
230.88099684513872
230.8789640650357
230.88172441063216
230.88069863549026
230.8808966455981
230.88172566289722
230.87992911762558
230.8819565997983
230.88088212066214
230.8803464841767
230.8813782155339
230.88007254633703
230.88117652077926
230.88144855080463
230.88127163614263
230.88018602103693
230.88055211749452
230.88020393130137
230.88129590997414
230.8804685203795
230.88098309999623
230.880865995583
230.87881914176978
230.88156063763017
230.88043664675206
230.88042259428767
230.88126693280356
230.880174608581
230.88108757621376
230.88090009993175
230.88120422126667
230.8802699247026
230.8812314891402
230.88120636768872
230.88054970436497
230.8806709820201
230.8812835846329
230.88128896805574
230.88112769965664
230.87985705782194
230.881623527006
230.88027187199623
230.88144889585965
230.8792884667928
230.88131009889184
230.87977415474597
230.88127769209677
230.88087697287847
230.87910237832693
230.88220555285807
230.8808804006403
230.88133700427716
230.88025279501744
230.8817524498154
230.88076905623893
230.88119271886535
230.87883225397673
230.88199250638718
230.88045749846788
230.88064953667345
230.8813994105294
230.88066294713644
230.8809532586165
230.8806277509284
230.88072888243187
230.88080603146227
230.88134348660242
230.88013946493447
230.88184575908235
230.87891045690048
230.88247701499495
230.8796418270067
230.88172414408473
230.88030425041507
230.8811695007753
230.8806316969858
230.88075128024502
230.8807445532584
230.8808507939102
230.88004620696302
230.8816947551968
230.88020205417706
230.88154143637803
230.8802205792017
230.879432273563
230.8818087814434
230.8800103783433
230.88102516706567
230.8804073936044
230.8808841482678
230.8805754208006
230.8804617987189
230.88056196997059
230.88116308393364
230.8806717396801
230.88097351703618
230.87930146187136
230.88095948583214
230.88129312206001
230.88073396230175
230.8806005280785
230.88092285810853
230.88104416936403
230.8802805236628
230.88058330160857
