287.97943482870824
96.57270954591365
267.6748432739828
177.02239457027054
251.31389775211665
209.7065726134599
238.23287802162986
221.20022099408425
231.9987231894097
225.40109335736906
229.5108538179602
226.97978312530768
228.54781521095447
227.58033992182118
228.1790392440962
227.80988904129663
228.03847945492362
227.89684077896254
227.98416727070799
227.93058983732317
227.96371410012125
227.94317013170075
227.95659411047654
227.9458419204102
227.95452658777867
227.94884873876254
227.95269957214077
227.9505491087566
227.9500518646546
227.95142178703645
227.94922005610715
227.95256467112813
227.9493805257007
227.95167962983942
227.9494789243472
227.95123995354697
227.95119017748402
227.95078744842795
227.95156628339828
227.95091243029492
227.95102799720917
227.95105200167018
227.9507815903653
227.95062190623867
227.95171554134504
227.95012726460664
227.95110622246102
227.95043728494784
227.9497385307095
227.95203108342866
227.95104041759623
227.9518005626196
227.95061199695192
227.95024279655627
227.9519027867682
227.95073424813017
227.9510330282974
227.95142056177792
227.95151278757112
227.9512599292575
227.950634441062
227.95062669488107
227.95045466029478
227.94985121976788
227.95109350861458
227.95073076183326
227.95073268241686
227.95118083489433
227.95093839733818
227.9507626222694
227.9508780363285
227.95116500190124
227.9509040403318
227.95166912979766
227.9507946479789
227.95140182464093
227.95035383935465
227.95197696634204
227.95087872616568
227.9516567599021
227.9509761126501
227.9504908418785
227.9517630885748
227.9511516000348
227.95081412290529
227.95132988118348
227.95092018921787
227.95038382540952
227.95180175538553
227.949942317362
227.9513039556732
227.9504918429957
227.95088485183805
227.9510683053304
227.9511566323199
227.95037697741645
227.95085336750344
227.95058916521884
227.95130189135307
227.95141182264342
227.95128404111892
227.95040294915816
227.95170196327672
227.9503571908499
227.95158495663054
227.94964019805047
227.95206996153865
227.94873969371838
227.95255558084318
227.95030938400305
227.95182623563596
227.94936385549954
227.95225490441226
227.949953072246
227.95174322795356
227.95034596155892
227.95096034745075
227.95064191625715
227.95138123120705
227.94974144510343
227.95267989224521
227.95067624286457
227.95123025977227
227.95098649850115
227.95042520402058
227.95209209716995
227.9499131808043
227.9518717978208
227.94941446870507
227.95135599254718
227.9513474722553
227.95154203740094
227.950451278346
227.95106100956036
227.95116618087195
227.9503193790879
227.95028733825166
227.95130707857606
227.95099280047725
227.94904343012604
227.95200791070965
227.95052059755835
227.95150883402675
227.95072584815352
227.9500691119465
227.95205447624903
227.95077201392996
227.9501683796334
227.95181092144776
227.95032921188977
227.9516435548794
227.95078929788724
227.95123138520285
227.95097142645682
227.95070447868056
227.95136521210952
227.95145603294077
227.95061374175566
227.95082646455558
227.95114558135538
227.95041488599963
227.95196313662018
227.95044709486683
227.9517635251541
227.95066237010178
227.95176941142563
227.9502650065915
227.9518046713274
227.95008768109255
227.9520064878743
227.9505801456835
227.9507210119118
227.95138133533328
227.95089291310433
227.95109547851462
227.95135268924787
227.95060018121148
227.95083944436192
227.9508914050166
227.9504447829313
227.95084628004406
227.95041047326959
227.95099234868394
227.9509336329429
227.95167685242632
227.94975804468413
227.951700454425
227.949065004359
227.95188651124045
227.95001731489174
227.95121086241124
227.95118109534815
227.9510436998462
227.95119759408408
227.95110156964802
227.95087500146474
227.95132245513378
227.9508572039049
227.9512581831441
227.95117770836077
227.94998030881106
227.9507380022842
227.95142988664156
227.95091135255643
227.950978936482
227.95098382064316
227.95083148876438
227.9505952658219
227.9501940340997
227.95114435450523
227.95034270104952
227.95097099438135
227.949711473746
227.95122065806936
227.94946212580544
227.9522706110438
227.94969065928308
227.95206302579027
227.95018048946804
227.9513855834084
227.95091584730835
227.95124394044979
227.95038800990733
227.95179811984417
227.95056652619678
227.9520076889603
227.9504116766766
227.95081341009063
227.95010030317644
227.95170205166505
227.95072515482025
227.95040674568736
227.9522158273321
227.95034221363312
227.95097235648427
227.95070574893907
227.95175721138366
227.95024181425106
227.95134288554254
227.9513265984133
227.95126911344414
227.95134824964043
227.95075518752856
227.95139542115794
227.95076909543423
227.9514629055484
227.95111970140715
227.95172040608304
227.95112949842587
227.95094064118166
227.95103749581904
227.9511421777861
227.95090713101672
227.95093346718932
227.95056998667133
227.95062255456287
227.94990455216612
227.95203762414167
227.95042232747073
227.95004030859855
227.95181413639511
227.95033619324386
227.95180455174705
227.9500944604806
227.95188668498304
227.94966157278395
227.95172832319804
227.94994420964213
227.9510894191044
227.95048627072538
227.95055490193772
227.95033378098742
227.9499690570956
227.95210188199417
227.9503564330953
227.95130778760358
227.95022601020173
227.9510371768556
227.95048758470512
227.95141435709957
227.95073022210272
227.95133828331018
227.9509142269235
227.95051469917234
227.95096283694147
227.95072421965597
227.95097770138818
227.95092216429475
227.95044936941122
227.95122720925428
227.95085016227677
227.9511786827934
227.95057106426975
227.9510452662944
227.950793632539
227.95114426783402
227.95139711751835
227.9513153782318
227.94938855225337
227.9513478201261
227.9506702265062
227.95133423400694
227.950925331912
227.95093801961048
227.95086389960488
