288.03250975595915
237.90604250444778
249.8114389991399
246.39864030222407
247.17162170455072
246.977856154022
247.02258643968617
247.01285235721616
247.01469932360078
247.0143720892611
247.01498522488782
247.0147323276915
247.01497523575654
247.0144256921658
247.01493309932903
247.01365058646934
247.01486011807174
247.01487247056502
247.01529254176876
247.01381828479043
247.01533073458995
247.01447454322806
247.0154438911668
247.0151808970313
247.01484765241003
247.0142348716563
247.01499415526996
247.01489746653715
247.01433843327686
247.01514339152163
247.01415528183497
247.01553542531656
247.01335244678376
247.01442267348648
247.0146579053453
247.01493203168502
247.01437264988272
247.01393207743786
247.0148484592155
247.01503456852333
247.0143506585173
247.0156211441681
247.01467399060493
247.0146580585424
247.014495749434
247.0151672633292
247.01491824786353
247.0145421353409
247.01430396017895
247.01475778037275
247.01485426133877
247.01522405313517
247.01445725098893
247.01507093885812
247.01360760549142
247.0157744314347
247.01496402782868
247.014787045493
247.01492991054693
247.01459316573528
247.01476182432452
247.01535189199421
247.01411964885483
247.01483258130975
247.01525007721284
247.0148186914048
247.01457263144766
247.0148314178805
247.01522931394356
247.01444279008138
247.01523790443753
247.01380734317354
247.01478052388484
247.01479836796352
247.01464098514043
247.0145843757673
247.01528189588134
247.01389418644976
247.014742749765
247.01509864230684
247.01497988100527
247.0150206918879
247.0152483441998
247.01450104654214
247.01526020556776
247.01474279435934
247.01493205271254
247.01423117978993
247.01524843399966
247.0150053528123
247.01358458717004
247.0155476858199
247.01351166798122
247.01530430898856
247.01476380097301
247.0149069905383
247.0150573128194
247.01522135350388
247.0150844589225
247.01441044406965
247.01392356119322
247.01521337759914
247.01427816917567
247.01525745547406
247.0150879988214
247.01506909041927
247.01497453218326
247.01474893919658
247.01475376515737
247.01453671381023
247.0149379334398
247.01507945352205
247.01455535143032
247.0150440722864
247.01523883503978
247.01510274604516
247.0150698110083
247.0141596901667
247.015003580942
247.01455072066165
247.01498451326916
247.01490702937735
247.01442819734802
247.01398778353905
247.01518698388827
247.01391745361616
247.01530282856402
247.01318928059482
247.0155311438939
247.0147723646296
247.015098844553
247.0140182346804
247.01524860838254
247.01363222888176
247.01524764119677
247.01483436529816
247.01500510267215
247.01462197324872
247.01445656731084
247.01450889054104
247.0153120804389
247.0147323733181
247.01481289049116
247.01519546202326
247.0156817249008
247.01496917029
247.01355160927778
247.01465408902732
247.01401317277487
247.01491311880818
247.01467634687288
247.01466527493903
247.0150180681303
247.0152326538373
247.01464519447472
247.01526049790846
247.01511507839314
247.0146907049566
247.0154613311679
247.01435826235684
247.01498739664385
247.0144372223658
247.0142720206568
247.015188734993
247.0148743086902
247.01483860418375
247.0152685308276
247.0150933906989
247.0147795396042
247.01489131207927
247.01516426933813
247.0147448831849
247.01511069654953
247.0148190503387
247.01530434412416
247.01409290661104
247.01522094359098
247.01493570992898
247.0146786334808
247.01449959064485
247.015240684952
247.01513566231006
247.01441081274243
247.0152851191815
247.01440820969583
247.0152181184676
247.0146176678245
247.01505380617164
247.01480461770552
247.01472594997904
247.0134148827492
247.0151931377186
247.0152095506637
247.01478942811082
247.0149807241978
247.01416537794285
247.01462086979882
247.01364125093096
247.0156474787509
247.01354616165918
247.01565999837476
247.01419544196688
247.01469558636018
247.01513194393192
247.01422871592513
247.01425390184158
247.01498695278133
247.01438459810743
247.01498979410098
247.0151571466413
247.0146710279805
247.0141542608617
247.0159837086976
247.01512359030312
247.01503990020137
247.0135912237747
247.01512525018188
247.0149385480472
247.01493395041325
247.01464608384413
247.0149703022762
247.01486368082988
247.01459768744826
247.01483719825046
247.0152742589562
247.01525875467632
247.0145855215087
247.01434068121307
247.0148158618249
247.01535519154277
247.01518020294316
247.01462877907034
247.01521600282285
247.0145836496522
247.015269964686
247.01480815665855
247.01405704556964
247.0157966407569
247.01443050250236
247.01501731328608
247.01536757769645
247.0147139144101
247.01454762692447
247.0151032707654
247.0137026507582
247.01530602981802
247.0144956217846
247.01469191579963
247.01496072209557
247.01486312432098
247.0144168078259
