287.6458616534407
238.33092976264504
62.191207129172426
231.67344235994995
73.4923610992571
226.6787384389147
84.68645367842191
217.15214718221182
114.79698278674778
52.13360950099923
264.5109290823302
244.26704694110958
54.206132278153746
233.2294427490233
70.63040800918043
227.87568195108906
81.65402770002402
220.75316736859804
102.01118662739736
115.45080657241579
249.85128013661415
42.68817664735707
264.58565704139073
244.0800168378737
248.14039471478918
247.18749930236845
247.37636470905818
247.3357898335189
247.3442974758591
247.34189560113464
247.34306280456622
247.34260671830998
247.3430265903171
247.34276715328633
247.34268077316847
247.3422680147287
247.34278668934712
247.3426792127084
247.3421779229975
247.34294440003214
247.34274359692427
247.34231622607695
247.34285679175446
247.34207520525524
247.3429110944453
247.3426722592012
247.34303424322025
247.34288060538893
247.34310299178105
247.34283932400467
247.34251036300157
247.3422365328588
247.34310181674664
247.34290487842372
247.34272673664964
247.34253476445156
247.34287752885575
247.34206026016545
247.34283834951202
247.34199436595372
247.34259909588945
247.34297292820702
247.34213914791326
247.3427985206181
247.34302379130895
247.3428833756625
247.34273726723404
247.34296184611958
247.34255036615286
247.3426811272875
247.34278152147817
247.34305735708404
247.3426732466687
247.34265703930942
247.34294525348741
247.3427367832155
247.34289485705813
247.3420769538243
247.34228969424657
247.34284697466137
247.3421740155718
247.34219903560006
247.34235100663136
247.34306756395017
247.34261729229183
247.34271672241084
247.34284898620535
247.34210852333126
247.34292537040892
247.34289597688257
247.34265089044857
247.34267486672616
247.34198650941835
247.34287856000446
247.34274575160816
247.34310672681022
247.34263449048012
247.34216849819495
247.34291635538102
247.3427597715272
247.34222324276925
247.34291276833392
247.34252797216323
247.34272689894715
247.34305595392652
247.34264085140603
247.34293924691883
247.34214192758373
247.34314844579058
247.34277018786815
247.34237610890705
247.34253562425874
247.3421811633234
247.34280137029418
247.34259833944088
247.3427240525416
247.34205928673327
247.34240531101386
247.34317549911066
247.34275969494047
247.34277312483027
247.34224668761453
247.34216085792286
247.34280990761908
247.34215104486066
247.3430789998747
247.34273913920333
247.34261542142485
247.34300027379504
247.34216602775268
247.3427614205575
247.342672990344
247.34255069692153
247.34292902598827
247.34273773650057
247.342246434775
247.3421658021689
247.34281942179223
247.34297907201108
247.34277219929209
247.3428458513299
247.34219368561753
247.34304706175317
247.3421156906552
247.34288567687327
247.34264996828279
247.3427478982194
247.34305163024692
247.3427415213664
247.34243789882748
247.3427593834349
247.34246953682305
247.34239249921666
247.34305920792394
247.34265588559356
247.34214236278785
247.3427618714486
247.34271989168337
247.34229340109596
247.3427165140747
247.34273652453703
247.34277370123164
247.3430766510428
247.34264448629256
247.34301181090268
247.34263386847306
247.34290839673486
247.34277142157953
247.34274377686233
247.34292349025782
247.34267781434755
247.34267462352
247.3421369419084
247.34241375172132
247.34280757080705
247.34215614935965
247.34309381335333
247.34275826773955
247.34273632644909
247.34223188880424
247.34232791008253
247.34275567864825
247.34274617928895
247.34269621457497
247.3424604486354
247.34224744206585
247.3423267721082
247.3427699833992
247.34293570378213
247.34286280728702
247.34210828089272
247.34298809953907
247.34203313132457
247.34268460478052
247.3423047548713
247.34219072964333
247.34226810740074
247.3430903233675
247.34219187445706
247.34244590018352
247.34231463738251
247.34263819316402
247.34287875369773
247.34232551678724
247.34218493105436
247.34270859438402
247.3421097622777
247.3424519240216
247.3421901443071
247.3423306667246
247.34263752461993
247.34226898194174
247.3423664067377
247.34263041794475
247.34233499054972
247.34205679109436
247.3423137183272
247.34287643543212
247.34264606081706
247.3422122350894
247.3428061970626
247.34225476028223
247.34295930057124
247.3430657771678
247.34222622349625
247.3426805627969
247.34229517026688
247.342807267647
247.34221283553052
247.3421993850934
247.34294460722595
247.34273270133417
247.34283149706607
247.34270339572686
247.3427927067387
247.34249302078388
247.34302195260534
247.34225788498588
247.34296338223794
247.3428164847137
247.34222402857267
247.34302184431
247.34287653847423
247.34224628414086
247.34249808304594
247.3429041755444
247.34299893355637
247.34222279730602
247.34279250299733
247.34279877255904
247.342902315635
247.34278688929044
247.3426808156364
247.34254741422774
247.34220929053845
247.3428302155371
247.34215089444479
247.34265459343442
247.34215568784566
247.34280170647253
