287.91747745402824
74.05497660521809
242.85039469607068
206.3235715688155
238.66511195883004
212.33664652997436
234.80518344064853
216.9687666820514
231.74559615796397
220.06859201015232
229.57990833577878
222.05649222452712
228.1293902747857
223.31569711843576
227.18228373673628
224.11152930967273
226.57105182685518
224.61519420828154
226.1791309005839
224.93425383996873
225.92858937979872
225.13651286274035
225.76887487308522
225.26498982216708
225.66708288399423
225.34658430023592
225.60224545491292
225.39848532728502
225.56105609482074
225.4310021314377
225.53530631932153
225.4518888479597
225.51859569039152
225.46523990617607
225.50793544120825
225.47385390267482
225.50100667270635
225.47908873851156
225.49681851459172
225.48266245136801
225.49410972968144
225.48488747750525
225.4921529344956
225.48641138057974
225.4908960576995
225.487361119016
225.4900777847397
225.4880808267426
225.4896996514908
225.48833118963194
225.48949735626047
225.48849021715614
225.48924083002566
225.488742058169
225.4891458181737
225.48887757772536
225.48886728868092
225.4889700111744
225.48917362401698
225.48887415068748
225.48909731940876
225.48890725314413
225.48901541465239
225.48885042101756
225.4890496780572
225.4888531417928
225.48913167585124
225.48894391697468
225.48819725278008
225.48991400687737
225.487827881876
225.4899707331606
225.48813433314353
225.48967419922337
225.4884839648148
225.48932869728378
225.48871877319834
225.48910644555144
225.48880689480575
225.48911989828412
225.48874146358503
225.4891067911667
225.48886589831454
225.48905755456508
225.48893540092104
225.4889875809822
225.4890625367625
225.48877475709014
225.48908765358283
225.4889612454972
225.4889528291351
225.48901072806257
225.48886817782477
225.48902060541513
225.48873281646956
225.48925139574567
225.48875178669914
225.48919996003679
225.4887849244369
225.48901220731568
225.4888717800095
225.48912976159409
225.48896200873423
225.48903097714356
225.48853799104108
225.48951347918774
225.4884634500122
225.48945681829355
225.48855770470254
225.48921391614567
225.488797089929
225.48907595771743
225.4887925830917
225.48914850028814
225.4887882230032
225.48912885580648
225.4887971653443
225.48925255743234
225.48865181706788
225.4892458799004
225.4887925039293
225.48913325778994
225.48871260484157
225.48924233402795
225.48874441226508
225.48912959808513
225.48880265960906
225.48894426731567
225.4889747264897
225.48887347259733
225.48908636768465
225.48890958006814
225.48905824026588
225.48892689462082
225.48905880435632
225.48892140466342
225.48899589253415
225.4888832681536
225.48900717502693
225.48893410561868
225.4890565898677
225.48889384198992
225.48892079342477
225.4890084026847
225.48880825436936
225.48911292674893
225.4888790612822
225.4891094167906
225.48875502822193
225.48907994532055
225.48891146820824
225.48899045059807
225.48882999234775
225.48901735677646
225.48891854666726
225.48904535776092
225.48885854420223
225.48896437184885
225.48901538807695
225.48874958845408
225.48898747077328
225.48914174352103
225.48887172220566
225.4890114762893
225.4888707965656
225.48909917363198
225.48886769462115
225.4890200975642
225.48883402162755
225.48906698026258
225.48886415326706
225.48900234104804
225.48903003242594
225.48902670489042
225.48890600070445
225.48892892637377
225.4889222604179
225.48907536150364
225.48882771535864
225.4891338207235
225.4889345982083
225.48909393588838
225.48884981842275
225.48909037459816
225.4888994789726
225.48899811862066
225.4888922412356
225.4891201354185
225.48874734682613
225.48925295517984
225.488665676472
225.48912917497364
225.4888140423718
225.48907784296898
225.4889169353919
225.48889902407245
225.48901348075015
225.48904991602467
225.4888862943044
225.4890329687696
225.4888290782983
225.48912657330948
225.4888820226697
225.48888950474793
225.48912868954358
225.48899929419713
225.48898558114888
225.48890286653477
225.4890012046817
225.48878795317432
225.4880954319524
225.49005200955435
225.4880724105169
225.48980609772843
225.48824138230702
225.4896694473864
225.48803352433606
225.4897559339588
225.48823876696406
225.48971906403312
225.48847339561325
225.48930725407263
225.48876829650544
225.48897291305184
225.4891017548507
225.48892106949643
225.48897989693796
225.48883259949798
225.4891888226557
225.48882235852943
225.48919274182117
225.48889606977173
225.48897273483453
225.48890340304933
225.4890191197337
225.4889005390869
225.4890639356454
225.48899608993088
225.488851665752
225.4890795819956
225.4888066276908
225.4891015561734
225.48889876209432
225.4888162674324
225.4890963412763
225.48880809576076
225.48906069229997
225.48886702113668
225.48910014523426
225.4887886923534
225.4890827255731
225.48880125085998
225.4889618265006
225.48897304420825
225.48913381737657
225.48884992256353
225.48901908488187
225.488993389401
225.48906430778152
225.4885644645692
225.48928821201844
225.4886473055085
225.48928579904896
225.48874861208606
225.48910874291323
225.488841313374
225.4891243186139
225.48879820459115
225.4891153160861
225.48875350689923
225.4890519282635
225.48880268058565
225.48913577994972
225.48883617049432
225.48887187047512
225.489049890748
225.48865069383464
225.48923764649953
225.4887332227081
225.4890980055061
225.48884386171994
225.48912867592298
225.4888540944521
225.48911620790022
225.48875918971316
225.48930946478504
225.48868383491936
225.48924956358678
225.48821263162245
225.4897120907408
225.48819776445453
225.4895048874605
225.48849449926638
225.4891794549476
225.48872331665189
225.4891338389425
225.4887197005446
225.48924226869713
225.48877807457757
225.48923121322878
225.48885854794935
225.48913174169138
225.48878997621068
225.48897422508162
225.488978260124
225.4888189657504
225.48840520689555
225.48974797409028
225.4882744248025
225.48945001576794
225.48851742883562
225.48939731600694
