287.6822495288594
76.93272855180459
93.56721887488033
267.70503486802386
151.12922273965796
202.34129704282122
21.04780527285243
254.29939776764058
208.02525650744792
234.24895643066475
222.03544233336288
227.6424885529127
225.01362064559862
226.1971490242595
225.66110918369122
225.89351521673234
225.79754717385458
225.83255082868345
225.82380036628183
225.8214362531271
225.82735167020564
225.82102424006644
225.8265903264737
225.8220572640721
225.82633339849872
225.82203401648349
225.82533970097847
225.82218581727648
225.825423686676
225.8234627437687
225.82547542772772
225.82351762405779
225.8245315297736
225.82398045095397
225.82468019718908
225.82364148602755
225.82366703783555
225.82445910906426
225.82376084866337
225.82384037871452
225.82330652535347
225.82473077136092
225.82307288268203
225.82535960608766
225.82341950535192
225.82515773294836
225.82371172635067
225.8241028776756
225.8238073634693
225.82469728718388
225.82352040531805
225.82486055469053
225.8234072478881
225.8242797041421
225.82385648617128
225.824593806341
225.82346192357727
225.82472429154586
225.8239875827312
225.8245340455578
225.8238146771837
225.82477926599313
225.82355624948468
225.8242835272722
225.82457516021168
225.82418696941022
225.8239535731882
225.8237797067195
225.82390119850243
225.8244433787986
225.82384013358023
225.82414845454332
225.8245039523572
225.82400020206842
225.82376596031827
225.8246754125248
225.82420651162101
225.8239196360919
225.82411847365074
225.82406124811678
225.82428088533925
225.82383036107422
225.82465396101543
225.8237297855012
225.82378430420067
225.82378640458774
225.82403187640375
225.82432048648116
225.8246890329574
225.82343004717404
225.8242658356321
225.8231075076037
225.8241761651334
225.82403009365953
225.82448118983666
225.82399549649563
225.82423723390457
225.82413563408045
225.824627727412
225.82431773575445
225.82440138534366
225.824059128714
225.8239552262603
225.82384001740138
225.82446285181504
225.82379172323272
225.82388567253656
225.82408577042224
225.82347192719317
225.8247925018004
225.82385038128268
225.82409502318478
225.82397151317127
225.82462859798397
225.82372503782244
225.82458381808829
225.82413759866904
225.8239346413393
225.82434532743355
225.82345510536106
225.82412385846692
225.82442535336304
225.82446866270766
225.82429380238318
225.82378508208785
225.82374106542557
225.82471062929835
225.8245633298211
225.8243947215742
225.82421625349525
225.82393674125342
225.8241567631485
225.82462502431736
225.8242899450779
225.82452261117578
225.82388673064997
225.82372346041666
225.82417772394547
225.82422287290683
225.82486724653427
225.82342638243426
225.8248133721645
225.8235135146897
225.82422882778337
225.82435705296666
225.82435075289686
225.82452596463554
225.8242983780583
225.82410125964816
225.82399774323858
225.82408701235545
225.82452859920886
225.82426706280967
225.82371584045177
225.82442184617685
225.82338055709988
225.82464494393207
225.82353227764543
225.82405507624208
225.82446085984702
225.82369190672034
225.82443976659852
225.82374481920124
225.824117321652
225.82351506741543
225.82426323017717
225.82407930659974
225.82435420610273
225.82430072779243
225.8238184609654
225.82402277750225
225.82423648863187
225.8240843245876
225.82455192312045
225.82372507645778
225.82425712378608
225.8240764806178
225.82408284695703
225.8240115429362
225.82353441139276
225.82455038297485
225.82416829440626
225.82383259878407
225.8242857002988
225.8241646770839
225.82337650779664
225.8247572255059
225.82428441970842
225.8243465258347
225.8236509435592
225.82474853163149
225.82375694191433
225.82428508682642
225.82383698628837
225.82366635792278
225.82448292845947
225.82426142991608
225.82429921036965
225.82425303640048
225.82412421776098
225.82459584755998
225.8240593509181
225.8245547080951
225.82387522697536
225.82487442743877
225.82380455766543
225.82396642072126
225.8243738100864
225.82452545294655
225.82409405970247
225.82399973191787
225.82439511503617
225.82456806118716
225.82416447302967
225.823721581648
225.82433081367344
225.82409718925192
225.82456390495645
225.82343007465533
225.8241710893053
225.82381214188354
225.82365571550326
225.82457438907295
225.8239098980266
225.8242030415713
225.82365090609528
225.82459963353176
225.82340324718098
225.82512318974477
225.8234121183632
225.8250188875245
225.82348860827915
225.8245891953993
225.8239563913521
225.82420382740384
225.82401429806487
225.8241173097631
225.82325020624558
225.82486933843757
225.82325137179578
225.82529860573413
225.82326938171173
225.82447824504925
225.82337758467474
225.82388621401333
225.8246224973409
225.82416543042928
225.8246170841885
225.824049702278
225.8241208858817
225.82392095368414
225.82457965139474
225.82407263087225
225.824703988299
225.82343778813083
225.8239262834395
225.82385893925675
225.82354413969733
225.82441266697424
225.8236449083197
225.82459919108078
225.8240202165034
225.82386246017995
225.82411604955269
225.82450251706177
225.82379413301533
225.82372545127873
225.82472653400328
225.82439132507716
225.82364829053404
225.8243891642196
225.82410783592786
225.82457275412162
225.82373016688507
225.8245633791521
225.82358588959323
225.82399948617967
225.82368292058527
225.82460362526763
225.8236091779545
225.82460766773147
225.82411805498123
225.82438102943706
225.8239018148306
225.82405025079788
225.82381091927527
225.82392105642066
225.82403353969858
225.82463761408872
225.82440423687513
225.82400877588952
225.82407055271324
225.82442522849306
225.82381025073119
225.82474778090545
225.8238397451787
225.82411306368886
225.82371036113182
225.82411764310382
225.82442147975962
225.82369699112314
225.82458582105755
225.82424616190838
225.82430577428022
225.82440221293655
225.8238000992278
225.82441206424846
225.82437970473256
225.82448870253575
225.82352401928802
225.82416831460432
225.82385498048097
225.82340681874484
