288.0601983968064
166.5971668901298
259.8984261450811
216.4934823751953
242.0898339992675
228.53023958871358
235.9294774077166
231.95059690264907
234.09816834737103
232.941877023703
233.56479728913337
233.22963670538638
233.40989336184884
233.3126424420634
233.3641123393918
233.33765051392857
233.35174382840614
233.34412904203054
233.34842421354642
233.3458139510558
233.34736221431103
233.34637182704319
233.3471800858906
233.34668029434124
233.34687468068842
233.3467371591414
233.3469891510067
233.34671607266682
233.34696669548612
233.34680610548457
233.34671598172463
233.34681961093884
233.34693547032293
233.3457112824126
233.34782706158148
233.3462804051269
233.3470530556533
233.34618478566517
233.34618210469853
233.3473621896701
233.34653283897387
233.34690909532583
233.34667640275075
233.3467990969002
233.34677010919404
233.34688883679337
233.346894767119
233.34698047339043
233.34663718490265
233.3469474018275
233.34653052346403
233.34711577099006
233.34664403674105
233.34688820751762
233.34670945246035
233.3467803337844
233.34685276502205
233.3467313090041
233.34704796028382
233.34649330305183
233.34618637239691
233.34746016470672
233.34625136900286
233.34742138308138
233.34652021820875
233.34674674818598
233.3468481414311
233.3466072923875
233.34693224714283
233.34659088149783
233.34721589681067
233.34659478998583
233.3469021578312
233.34682318976775
233.3469826523833
233.34642153960158
233.34691789587305
233.34683669279184
233.34672699503062
233.34695584018482
233.3468238083551
233.34676690179185
233.3468833310435
233.34679317867995
233.34682893181161
233.34684061532244
233.34685109182828
233.3469478847146
233.34672980803225
233.3468872684607
233.34688251617627
233.34628998341577
233.34745897819812
233.3463534008224
233.34699263953007
233.3468998299868
233.34648500488402
233.34722299982968
233.3462828395859
233.3470953472788
233.34678331211035
233.3466820274116
233.34681280720542
233.34718071265524
233.3466139046286
233.34703779690608
233.34676721023425
233.34685106315737
233.3469646097583
233.34672507263895
233.34699964017636
233.34649454948521
233.34717916923546
233.34509626021463
233.346833745185
233.3471533155316
233.34634470876335
233.34640652051894
233.347115023098
233.34659174822445
233.34677728785755
233.34667231518688
233.3475798103682
233.3464598173814
233.34701736158604
233.346621212404
233.34689026784326
233.34681103312323
233.34681925609766
233.34686266841163
233.34677682731126
233.3468673694806
233.34658764911728
233.34666284830018
233.3469071311556
233.346554582924
233.34702892146015
233.34669414979726
233.3468289999073
233.34665635550482
233.34691080580524
233.34642392188107
233.34713827710948
233.34655570545146
233.34694226133433
233.3468307038711
233.34675816714298
233.34688847098732
233.34674923354032
233.34678899453138
233.3468287828655
233.3469704607487
233.34672168744146
233.34608176316397
233.3474595969965
233.34639682768466
233.34702412277693
233.34668501974375
233.34706687022845
233.34677319672483
233.34696352596075
233.34692847984843
233.3458688564133
233.34749361218564
233.34651066479273
233.34687162042246
233.34681850455672
233.346837984609
233.34680141136778
233.34689389327832
233.34680719381868
233.34694394716644
233.34674952272326
233.34681030057254
233.34676700668933
233.34661611098272
233.34706534541328
233.34555808389996
233.3478124987887
233.34635744830302
233.34715556776064
233.3464998774216
233.34716817621666
233.3461028406382
233.34738267739885
233.34577395620727
233.34776499596774
233.3461728474358
233.3472546106932
233.34621360339224
233.34724293258478
233.34649232427182
233.347215516289
233.34662821752136
233.34688853711123
233.34687154070707
233.34668700798647
233.34670592687326
233.34703901621106
233.3468399875419
233.34675415111997
233.3468079061713
233.34688660567917
233.34694651664176
233.34683864323597
233.34676736505935
233.3469383817719
233.34676650105393
233.3469749228243
233.3459575571469
233.3477420095005
233.34605528294924
233.347021003603
233.3467525793385
233.3469159064116
233.34676050467533
233.34679527717526
233.34676006701193
233.3469653561624
233.3453185041435
233.34783330795472
233.34631479129894
233.34715044358745
233.34659424680285
233.3469983354007
233.34660382529546
233.34703080361942
233.34675328133744
233.34671991690993
233.34650557118584
233.3471255675977
233.34655600994301
233.34695506290882
233.34674791317957
233.34679349631188
233.3471795230289
233.34668279286416
233.34701242271694
233.34693361075188
233.34655213847873
233.34669659689825
233.3470341079519
233.34683028617292
233.3468311164179
233.34686574406805
233.34674446788267
233.34666741949331
233.34699330492003
233.34664594574133
233.3468361263367
233.34649877758056
233.34682618976512
233.34695596640813
233.34680052228214
233.34689897518547
233.3467667378718
233.34717207610083
233.34665052447235
233.34703191455628
233.34672368859174
233.34691814272082
233.34662677442248
233.34698565799044
233.3467063443095
233.3468689510628
233.3467197563732
233.34698504119297
233.34709999678307
233.34650842286646
233.34677362564253
233.3468269383302
233.34693500000867
233.34666954363638
233.34681353915948
233.34685374196852
233.3468026105984
233.34615570362075
233.34728462740895
233.34660919765884
233.3469575109484
233.34677145665046
233.34691507591924
233.34685346916376
233.3469075711182
233.3468373039068
233.34674040862592
233.34699998659198
233.34646216883266
233.34696985514893
233.3465862951707
