287.41229821956233
216.33337980188793
214.36983640745393
213.40358209342924
216.8577882688419
208.93378331066492
222.1490595950088
196.2545349206216
57.31301536577348
49.57104319548898
45.99729049312373
255.1386690562981
79.42386113586781
231.38305756661566
157.19543349439255
221.47222327173404
183.40276630503195
120.87865531570696
254.2747238973152
94.3558719629491
246.55092705278003
117.83830861758724
230.0021912763932
247.6073573824806
94.89256942849988
217.85090856486204
202.9423447299414
43.63627143613394
243.8577330356684
111.26564299964502
113.20157522281534
121.31182894704125
248.83057145908424
99.51370209778088
190.01983025031586
80.46480143939334
264.0303819889614
63.113368641747
237.50154338645189
135.6490941292268
236.38160698101274
133.57994750724174
27.20900315099243
249.32348675672802
102.77824232188868
244.6019943541305
123.77950803954445
230.71371759224166
248.23821807503373
93.0124591306394
221.1286582912071
190.91039187229035
77.47197482172487
231.23271871388533
215.10731090006993
177.6526927686591
261.10288374613083
66.61415657358884
236.9499526053769
130.16006917737832
46.209749629955695
229.10336961169742
213.02839165259138
176.10525825659897
260.4351618081855
68.08035939331967
235.8024139574045
140.2593401308768
234.1062649266387
141.5423685195383
8.346263219078537
252.69493972478085
85.2387495736657
227.05207551936473
178.5511951774788
134.1592956344357
255.08386223204798
84.05540426772859
220.8228203670551
206.70559243544267
224.16866001564267
191.77998599070634
66.3494461105256
240.352687522598
118.0990362248449
88.49866508835112
229.05050957556523
219.3623938570163
171.7761920736266
261.9295451412436
65.34328977064797
237.36143151718716
128.8228419914667
49.43657035857905
224.53253229591428
220.3593411497459
166.96201629171992
261.6657485155556
65.92907309731527
236.74944319640417
135.1706613641545
38.54832764303501
250.28500407869797
89.24985232214385
225.14726921173133
177.83564753263636
152.56408115379236
246.71959900233196
127.02312272610288
204.98437310588633
236.3381713732997
127.67218102771221
53.48472710994611
245.98624386823212
107.78796118560786
124.27156886049124
64.88730111262339
264.9825014312555
63.45253246248103
226.73613191266486
261.2425558078903
66.48968186514321
236.93223898291035
130.07881152694245
46.3608045695546
261.4249139275671
66.78169782395344
236.74661408711836
132.83750162344222
40.244246550140815
249.0680546924632
95.62486217582045
212.3829840601138
220.34778946261213
204.97054999771717
225.65410949322177
186.77062938018207
80.25831167902652
234.4614280833921
147.79145937603607
208.13502465589409
15.260380379309936
260.41258824082615
69.86332644907816
229.33390945512656
195.38487734552473
224.7660288300831
193.946024965182
59.11217075532477
240.99482688957505
123.82061833110492
241.39291116146342
117.0770888134357
89.71683476921316
251.8315763829014
97.37140290279058
246.97275119398546
110.22704537053505
243.9557264746254
117.93418462458067
242.52328526449855
117.62103788703098
81.54731649030145
239.2185151702215
122.72614513309964
69.82819457445294
236.9818350008718
204.08802894845576
192.9349818001283
232.73269642946252
244.84472023497074
98.42592038112343
213.83614938146638
201.27829694808315
48.8575018614938
243.7130673096326
244.32600361806544
99.9877566447467
210.424902256309
208.88993705670873
18.582600976878894
260.821169896255
68.18039441216388
235.83195188893296
139.60476463136
16.091372717753984
176.68122085608775
259.8640769251797
71.12660160922678
254.37948685567244
81.59708855003555
228.94120915845997
172.61907012268784
171.51324699369434
244.19757479810505
121.91598676951253
240.4807606490358
130.2281765058724
237.73707526827639
136.06131496676244
236.23021621043154
134.4463150422598
24.25450538570294
250.6683762823668
94.7000718633717
250.0720650439107
91.4486485762609
221.45765645754727
196.71001525922475
55.94022668427351
241.31769125497522
123.33630133688712
241.63640119225602
115.92671303443058
96.57149309427768
243.61677427141694
242.98562643063633
103.87436904141214
196.09657182778028
225.87791101536277
247.22490134274994
97.15038518289657
214.00753854185314
210.90194458543556
12.415765333658783
165.3669657921928
261.4121950941699
67.09147013141774
231.43329478391388
186.94014864810015
232.11249388486613
185.609042033102
235.0925799429533
165.31679300438554
160.71660924916796
255.6356495447908
96.67294266199315
182.9935266795801
245.09359131184465
105.6828380197403
178.28978994744102
242.7572772116837
129.26570374863513
236.39698073922045
155.545914264163
190.277119716382
242.5553321068437
104.55620716913108
194.58119361699937
226.98799508709635
247.06541429206845
97.39099648635602
213.70735517501453
211.01993322252383
11.361178286875656
248.99931313636625
93.12353101236658
220.53235852968646
195.11986691224593
61.79159337814053
255.81332574078988
80.97609589710919
220.68084115425881
248.40209335515829
92.44320198753849
222.12570245687675
185.80172850882082
103.45858257735381
258.630073130611
77.64009699368034
200.29437355636037
257.6660834173963
72.59741962318367
214.91894956800388
6.227306903761928
260.27208477845124
68.87221450469224
234.60074419612647
152.2691427165555
221.82813208547304
202.42719823155494
228.1606824070186
176.76474001641327
134.59516420256114
232.9016379051027
187.8759404205921
232.45096891507274
183.06740127281228
237.02326819284644
153.27614574405015
199.99872984607646
53.4047588827525
236.98148137399403
200.8749822424288
196.43909812148195
238.75009626422252
132.2273412354407
230.72488970770792
191.23380817529687
231.66957138259022
180.04530653088295
239.83022125746356
132.63026683394855
236.79255885988823
138.69872686694725
235.07017935442855
137.90873422680306
15.556955681633553
251.69390441484575
90.1791217566788
204.50399197607476
27.54532015643781
245.6559019487322
244.91273898354848
97.49784540351538
214.28231287638482
211.21511285666202
36.744736530599766
79.91458748618606
240.16886683974008
120.35207003285177
78.27429923367163
237.75002829675213
199.7202621273027
197.07495640632987
237.39918466038944
146.53389735717792
250.89231201569783
94.25150224668323
189.51851369255746
243.20928997373267
102.17835179969552
205.18985703846556
212.57662656040338
13.609661736685666
260.26001447559975
69.75686891426449
234.2970284158073
153.82886711569154
220.2977176580025
205.44388012649142
225.74590732528304
185.6441195144871
85.08335790369892
229.88456655330083
181.61520669070887
95.44346241869789
226.8494579779508
168.74540751820314
249.03023364821274
91.36384082806762
223.30689284669643
184.83251452313561
105.86681132302328
258.8090918952221
76.36566605442204
214.94051610793395
8.383736189702176
259.61884771821497
71.16254665893211
227.63802348489116
193.06170135822322
234.37827975423716
144.78602353249153
191.14851279661525
259.40127272224345
68.76994970133819
236.33273225667654
131.54312153556384
42.46107431870769
261.87496582565655
65.9977344849467
237.03495522751473
131.53716737273498
43.323586795522715
247.85430966189597
101.17803432562505
161.84895692758437
262.9531015769753
63.57563602854498
237.25364258808258
136.16633298745728
236.04165942214604
135.06587401084835
22.33457880052447
251.12881528394064
92.41404505357787
186.74960516800638
242.15606939178542
118.98070757146343
234.96458438628179
158.64439065218903
250.47286695215735
86.47413584115566
227.01652831272804
172.63521261769347
183.2030525009759
233.72086341019894
189.02187337401847
231.40896574180806
187.39790970744798
234.43044007250865
166.86497188972135
160.67652055902
246.86272170511074
159.1747696725506
233.74360959700425
