287.47128312850697
94.83244451216297
237.06047197953046
220.93040745391886
58.5850309407665
55.520794143011926
252.30621522287106
204.24423852088125
101.21340309842913
231.05354971020415
226.60754438992626
230.0636546597325
226.89254449041073
229.12500925809718
227.57811868743147
228.64298689198813
227.91268942610714
228.4144793085179
228.07037315571415
228.30652116556212
228.14443965801274
228.25570926740056
228.1793757496689
228.231750840524
228.1957845001043
228.22048834418183
228.20344239003407
228.21554606788595
228.2067916578526
228.2134176180425
228.20848951879452
228.21182009565928
228.20959541436605
228.2108352921041
228.21057773373832
228.210370740715
228.21062810836156
228.21050513853152
228.21060926032078
228.21028107925122
228.2103769749665
228.21050416500657
228.21027201416837
228.21069395491577
228.21034420402611
228.21049698090974
228.21065257303053
228.21047434360116
228.2105020071631
228.2101809656815
228.21073398822955
228.21030719005284
228.2107254729981
228.2103837527393
228.2106034194585
228.2103052534476
228.21062905829604
228.210457492165
228.21006509509607
228.21130155733772
228.20985781045965
228.21085897510056
228.2101073373633
228.21093140099765
228.20997508110668
228.21097078984167
228.21034592204887
228.21050652729537
228.21036992579684
228.21049717466303
228.21070376605348
228.210184442607
228.2108471095562
228.2098395465946
228.2114961473526
228.20967177746206
228.2109545004896
228.21011762791022
228.2107033560751
228.21011259977604
228.21089057260178
228.2102280182844
228.21055959503792
228.21020828186738
228.21074603369198
228.21048837228955
228.21043162774004
228.21046984346322
228.21049846168899
228.2104504573217
228.21059840611633
228.21053180273157
228.21062008030276
228.21021381267565
228.2110003972557
228.21009458959452
228.21074497860536
228.21016758647966
228.21054118225584
228.21059205650818
228.21050978460698
228.2107411926445
228.21046885729447
228.21019154480746
228.2111570381312
228.21001583945326
228.21084358110238
228.21018114805338
228.21060558164027
228.21032629322872
228.21069291811727
228.21037108379824
228.2106850207274
228.21030795366823
228.21066805633745
228.21035675849998
228.21058202498534
228.21039876592113
228.2105237731812
228.2104912237046
228.21047990117222
228.21043703719624
228.21050504336745
228.21031594382657
228.2105687648218
228.21034254359256
228.21047925994935
228.21022522678686
228.21062382654782
228.2104566476628
228.2104150592786
228.21045362506266
228.21036892622942
228.2109124841736
228.2101925840616
228.21051998232724
228.21017396858224
228.2110927655158
228.2100066320636
228.21103573920846
228.20997914997133
228.210707733655
228.21009085273545
228.211044894284
228.21007015257055
228.21078273996682
228.21016434273042
228.2107978924032
228.2102608911082
228.21068252537225
228.21060865123582
228.21032751959865
228.2107324250901
228.2103638497647
228.2105096585001
228.21019461614196
228.21077756396699
228.2102937471136
228.21045223063265
228.21039469066454
228.2107080541973
228.2103561865515
228.21048467177025
228.21032525102783
228.21095482989767
228.21033823602193
228.21030291573697
228.2103877524205
228.2103361169502
228.21060334164213
228.2102491278565
228.21071184966422
228.21031476986536
228.21062265277578
228.21028941372788
228.21038065063476
228.2106449155399
228.21039805346663
228.21036617395293
228.2105060439062
228.21039004637714
228.21051006936614
228.21065986427857
228.21001584784244
228.2111766341768
228.20970171999943
228.2113511882926
228.2099497472591
228.21069337076915
228.21050943383307
228.21060704058618
228.21016413275356
228.2109660796923
228.21014836001996
228.21075067172205
228.21026445773168
228.21065853771142
228.21048162860825
228.2103964307389
228.21045435643464
228.21069500083104
228.21014927420038
228.21092351566767
228.2098849521135
228.21105751175492
228.21039659900998
228.21054499284946
228.2104099443095
228.21027750580106
228.21049696145928
228.21025182772428
228.21105376718333
228.20982885925332
228.21090132843528
228.21026644698577
228.2104960783472
228.21036492353596
228.21045387872437
228.21047965557955
228.21073668866302
228.21023903373862
228.21089378822944
228.21035935220425
228.2105656532658
228.21028663759353
228.2105561515491
228.21036489712424
228.21030706974852
228.21053251200647
228.21037971327314
228.21079105777608
228.2099947215611
228.21064648704487
228.21075870962522
228.21015463930962
228.21045339676493
228.2106796848093
228.21008081520267
228.21110164449783
228.2100441621733
228.21067773320829
228.21034372372378
228.2106077203207
228.21054586397076
228.21032360861136
228.2104704005469
228.2102985054371
228.21052963117836
228.21061077270133
228.21046892412414
228.21062839623482
228.21024255253724
228.21065135749814
228.21033342328155
228.2104018101527
228.21033466885274
228.21032800208195
228.21053639231832
228.2104507800541
228.21033854781126
228.21075525248307
228.21033476934826
228.21051205032563
228.21099516186223
228.2100430108403
228.21072116734285
228.21029891827493
228.2106234979292
228.21042143199884
228.21053756536276
228.21044275272288
228.21031247184146
228.2106942024402
228.21033141163934
228.21057608279807
228.21036393496615
228.21084079191496
228.2100429973798
228.21096421033144
228.2100809954136
228.210874803146
228.20996492933773
228.21064399140596
228.21031553945795
228.21051625079417
228.21060861829028
228.21029789707973
228.2105063302879
228.21040310575336
228.21086410651333
228.21018490026472
228.21070555760525
228.2101391957549
228.21068485770957
228.21026962803444
228.21067571896128
228.21041995145788
228.21065580561117
228.2103266537306
228.210554477424
228.2104627564986
228.21042925160145
228.21059929435432
228.21073518578487
228.2100560284307
228.2108843128517
228.2101655581355
