287.6804046030905
244.84952447590337
71.12603396617726
231.15836288883293
104.77589017116884
128.53695118734367
255.15914685310645
53.33863111150799
236.55773385637644
91.34799249764546
194.30800160680292
232.73791121005752
96.2229909839075
201.72481188077518
196.85115294143043
234.0634631513999
91.44253016018047
215.17226042057246
162.9863284414705
246.53248103564056
66.07960577184804
231.25933400867143
112.82902045684023
258.1554413790491
52.38985919046263
236.81001018085135
87.20230732062828
219.2297157682524
156.47975482077345
249.95385264473953
66.58300425129983
232.3418580458847
98.48656606775421
187.57579840145263
223.6187940766431
188.20629361913234
210.1294377170998
221.19259847377907
122.87672238781488
35.11297316426135
266.2895307376457
37.390088148980794
241.35057977454198
78.11821905214128
225.79480014948058
132.32712375442316
255.21758515721194
58.96788379384816
234.61325172035686
92.41055792419866
211.0308408190649
186.1420449254274
238.15633566803626
83.8100744251733
224.44227658583804
126.10149886823092
27.960522749905067
269.1876841614958
40.63527804878504
239.50628431334735
81.11954206023074
225.19640061216705
128.52053130623062
22.983908104182774
251.00427599921204
59.41271791305917
235.17692995022662
93.50922924011684
201.85583933567432
219.48806694993618
179.6492083122812
235.54121979450065
97.46973711599276
150.44655066873747
270.6583968697123
248.11300978647705
65.01418944896432
233.4134425339107
96.82339986808074
193.4757859566089
223.26665415853495
179.6095677439007
229.7894699725366
142.8081005619424
247.40103375288163
69.24930248754754
206.45062819492887
225.3626508716843
109.88948980813439
99.48261357318552
255.96742527394235
53.971971912582376
265.37566474643245
248.73691425117795
63.9433439278946
233.70234655565946
96.03585276108788
197.06938648757568
219.47854754357104
194.13662972920065
214.83440844071447
207.7130295759598
177.3660265479848
242.58415289900586
74.04257635839167
230.51245691606528
105.1678581667511
130.6935946810554
252.70561351432116
59.02657708256447
215.16497729807452
213.42617388045255
155.02521923735912
268.2785169758936
6.786075049803912
246.24922918773882
68.26749693045713
231.72527457429533
104.23242008444868
125.46269527907134
258.14160068082856
50.52459632832324
237.8137612945975
85.20742942830111
221.14468648727416
149.22102490673933
251.83301299245068
64.71878960070171
232.6894055656594
97.44021520407114
193.61238605542167
217.17868386261762
207.4077657340531
173.0929321025069
243.48542398959398
71.28857968430748
230.43384338846954
110.84878943877266
83.82015262211644
235.10145262883452
93.53610212694912
213.2745382933499
175.33689696677175
244.06509267202637
72.41608104079933
231.19475588444038
102.63825740644825
153.8220403885789
244.79414632700355
80.88897365680168
261.98213579583535
45.40357097249216
238.76198814772215
82.96844104539196
223.25689913055248
138.85152030645258
252.40190030894155
58.79690424589353
235.56188089244824
90.66886482442351
213.64321512570314
181.93829541114246
239.5521331008713
80.89702182119072
226.65166094903543
118.38363315354218
60.6407227118907
265.999611238527
39.69460809294105
240.37124164410488
79.5892873786579
225.78708163634292
127.7352826512215
39.04910982300498
249.11435313661786
63.17070118714764
234.324839374538
94.57844332254899
202.65106157640548
212.48929000462522
210.5820581627122
178.91789191061252
241.5157367278007
78.43853799231874
227.63591730106418
113.60628061956231
79.70425246551167
262.46040763086785
41.98352530320699
239.78958321387472
82.02502175012341
221.9010981418105
157.36166329009575
247.55235624012857
66.02250157499657
233.3389979355852
97.36601245639031
190.2120123563509
226.95042162076425
158.8716538783192
242.13901085728867
83.43565472829505
262.39467896057613
249.089995517621
63.334741591512284
233.87251026204467
95.54902053371188
199.121078106793
216.915570393292
201.6172657795105
201.64449564918323
226.39714992463269
111.3587064172898
91.77820540856919
258.4920197502288
48.26811735485535
223.19453029186843
190.10295295614924
188.7833144206379
267.0118195024479
248.265695454691
64.84164365104516
233.40708102712233
96.71909152184526
194.20895421163732
222.15376153049147
185.2083757923465
224.4443296765894
175.12595969564427
230.366146193468
145.35894802393886
245.04330772301182
77.40537399534514
262.7895437560437
48.11779823212419
237.51260233653738
85.52097204441088
221.26912496851583
147.8901176312138
251.44366395408724
60.22770971275895
235.18631335861573
91.55551780002861
212.00742391596577
187.11178312632546
236.7860717175281
86.36138732981635
222.23441345386527
136.19008504333033
13.29393411577621
270.56120331534476
247.99963082730392
65.36986077571783
233.2750517632012
97.20004816410801
191.64375396704418
224.85468301479705
172.47190637728636
234.4369462796094
116.89095274366991
255.13963304760546
53.042013027195935
236.7564094249974
89.5850816405582
210.80123935600568
205.49067772947456
213.88396263038157
192.26036195742927
228.30343991465634
120.74105789230089
60.87096010369714
243.95949159638985
72.98749315566965
231.0761768209195
103.81370798884018
142.00920425642107
249.59171113318007
66.22149504811387
264.4367619281402
248.82751557067968
63.94137565426354
233.69123384977865
95.95129262076807
197.73742308850342
218.16822659574973
198.88581889237685
205.72345066952403
222.49555866263108
123.19735562254209
35.3800418870087
266.9935986313794
37.59029193985043
241.27616575923457
77.90433677387773
226.55392046066117
125.88293202919886
45.89249995563296
247.6510895902611
66.16340120816312
233.45031589955033
96.63097851753992
195.43997089157347
220.15724318592402
193.92785661565722
212.1150071171578
214.45405639958335
155.59695670579094
269.60242271068273
248.15391004072444
65.05864812458458
233.37522136016923
96.87104836311482
193.40544983764994
223.08844726343523
180.99098646892526
228.36651657398033
152.36627948084788
243.48442762148625
80.78641112541663
262.5221533925651
49.94455619662767
236.79439714210457
87.13371359129087
219.5954123519623
154.56769989924214
250.06811534707958
62.88928833317186
234.35545648699917
93.55050257284893
207.59535101082292
197.9165879178181
229.81108049103932
102.86548348792712
153.91995739960112
239.60464613392833
112.79057250499318
252.44022218613827
59.87969042691111
264.91710788436467
248.7596732183447
64.05550223485625
233.65788452816196
96.04655657432158
197.32243672464392
218.68319627156598
197.37819201072853
208.4611317080853
219.1057237785717
135.1536610313924
17.51746953348629
269.17581707576755
40.341135471797315
239.74225302241393
80.51791650947416
225.61655285600864
126.76574763275858
29.426440701223328
250.0668492339464
60.994435482120025
234.51224023920076
96.0286824562354
185.66940845543286
236.1638870403549
93.3159098806209
204.01083010308503
217.37175727428985
187.4972765253042
230.60287282097852
116.26234284248494
258.03804627479985
56.46345429289795
234.96662656386616
91.4782231093559
213.06886838842183
179.40612907648028
241.62510754440154
77.98366646577779
228.12742302358674
112.1660997091094
86.45627617258288
261.40722853521584
43.376290225060075
239.31318530124554
83.57768891792512
218.85419309943973
180.05254253715975
235.6490598833625
96.71482398449734
154.82779320176633
271.06065651762765
247.70509599984507
65.81489734863862
233.11147808660462
97.6981280700711
188.72600590345974
227.54582261269388
157.61677578771196
242.17327975256194
84.14006117805548
262.15387244100566
49.94590693853388
236.87870826685685
86.94934189972992
219.7761699577095
153.92241569483303
250.22006752160087
62.63645090498903
234.4314469514793
93.35654622511356
208.10289242846193
196.7662325434212
230.6822910799383
100.55004432544229
174.13587271365395
