288.02542946255414
231.9628041482356
248.3597302021842
243.0380564234447
244.4541200742517
244.04083571813499
244.15615034105622
244.12271385523718
244.13195980781757
244.1291817979768
244.12947389404235
244.12986511683357
244.1295515529455
244.13004219702634
244.13048676098424
244.12837984970884
244.13045923200661
244.13027495963615
244.12974906436284
244.12962032953328
244.12931140754972
244.12985131679488
244.12949021868553
244.12978163028674
244.13042039242646
244.1301221098638
244.12950905753314
244.1307710154142
244.12975960425865
244.13033659382927
244.12907794170314
244.13040213713793
244.12992516919985
244.13019126821928
244.12999285494698
244.12931725183807
244.13014826372273
244.12991049167613
244.12921146621193
244.13033782883213
244.12885687957169
244.13071814405885
244.1291248202233
244.13014913361985
244.12989262358678
244.12897997236723
244.13079241493688
244.12931804073742
244.13008266171164
244.12992706525256
244.1291509401417
244.13018881655807
244.12887133085678
244.13038614257675
244.1300196731172
244.1303547930147
244.12970217900147
244.12977152946405
244.12972588844787
244.13020156398852
244.12899754599857
244.13029286792516
244.1291817648089
244.12898377680176
244.12916455411687
244.13042954665434
244.1293473275582
244.13056187850088
244.13022191021446
244.12955477752985
244.12952539883554
244.1305469315157
244.13031885058808
244.12854975371738
244.12992598054916
244.12890544085894
244.130810962728
244.12962993118708
244.1300833290552
244.12938426186884
244.13030467712815
244.12928762150477
244.12983794909815
244.12965309248102
244.13026383984106
244.12980532689835
244.13074005152885
244.12996960373857
244.13027919895103
244.13027981764753
244.13030259626248
244.12979706974875
244.1300071608057
244.13008692334552
244.12952905285056
244.1304875952046
244.13065310090315
244.12975963123608
244.12958663242898
244.1295187417054
244.12947063380125
244.1308803117936
244.12905557281192
244.1299133189823
244.13029076955718
244.1298126968104
244.13008115968114
244.13031571394094
244.1292831970859
244.13032958545227
244.12935764538997
244.13004598487896
244.12909532388585
244.13051218388864
244.12970424242667
244.13004646634363
244.1300783274055
244.1303139718657
244.12920025905623
244.13021878805012
244.12934935272642
244.1307087245441
244.1294728596331
244.12973569920723
244.12981677635253
244.1288353333657
244.13041490370233
244.12856536015897
244.1304113925289
244.1303515767795
244.13000525744428
244.12965258662734
244.1301214257328
244.13002391259215
244.13038283168135
244.13004244650074
244.12992549758928
244.1303829081735
244.12979346921202
244.12936205614096
244.12916348106955
244.12989721712802
244.13025802294578
244.1299343945575
244.1299735733337
244.1301578843486
244.13015400869335
244.12975598200137
244.1292826930803
244.13014917328837
244.12979956057097
244.1300988844523
244.13026450957113
244.13034184504795
244.12991519648494
244.12999406360177
244.12954284819716
244.13040412454575
244.1303236830645
244.1299958959571
244.12974420315004
244.12991979935032
244.13022726016789
244.13024876068084
244.12940716842422
244.13007800599007
244.13017470562772
244.1303998854055
244.13034728963976
244.13010478557408
244.1302074459236
244.13023602362955
244.13004684521002
244.1294103142136
244.1299380047567
244.13004118083336
244.1291502079257
244.1298261883203
244.1304068702011
244.13055771769723
244.13026911356428
244.12919215290458
244.13049749036145
244.12889691538294
244.12966129134293
244.12998419543146
244.13007115927758
244.13038331108692
244.1296036913118
244.12961170337803
244.1297640837438
244.13039363361895
244.13015461665054
244.13004312348494
244.12975515004655
244.13016212385264
244.12991140442318
244.12985937421035
244.13031320997106
244.13059791887645
244.1303681635618
244.1303659590776
244.1299010618386
244.12959669879638
244.12961225684558
244.12835681988508
244.13072630057286
244.1287346410536
244.13047205818293
244.13034908220288
244.13043307536282
244.13011861358245
244.13071027242404
244.12928832674515
244.13046522565128
244.13016182449064
244.1301384781109
244.12990889514913
244.1300218180404
244.13053753618442
244.12940048681048
244.1301925420703
244.13010091094475
244.12990411673672
244.13010713805852
244.13021326433227
244.1297769997036
244.12997568388528
244.13016039652575
244.1297251531505
244.1301368509885
244.12991895531013
244.12927024104283
244.12985758611467
244.13013102875266
244.12979650760826
244.13025450118585
244.12967067898717
244.1286117683194
244.13030692795292
244.1299096726725
244.13023473716748
244.12944407120813
244.1302274937625
244.1289383341791
244.1307426403073
244.12923085938382
244.13039678389032
244.12964945085696
244.12865038751625
244.13085974010755
244.1284120422206
244.13034752492968
244.12963030624087
244.13043152513274
244.13028774836857
244.12989392215968
244.13040898132022
244.12995851723826
