288.156054855908
260.1965197170206
262.46815781771124
262.1501854581277
262.1872166113476
262.18239840865226
262.18141063989424
262.18250770077475
262.1828102372383
262.1823931408053
262.1825506469395
262.1827237880325
262.18186361504377
262.18283262707337
262.1824428698128
262.18248155011315
262.18265064308434
262.1824425282721
262.18242012832525
262.1834396565646
262.1821770410188
262.1819460826282
262.18185346184873
262.18200980189613
262.1828854059586
262.18266873520406
262.18334276275164
262.18234291009685
262.1820889592018
262.182934058912
262.1831197059146
262.18284779326495
262.1831836782967
262.1824821321934
262.1827784235611
262.18225283990614
262.183364429271
262.18326857602005
262.18279036233434
262.1821078589819
262.1823984491057
262.183134218918
262.18244934808536
262.18249806506356
262.1829888999673
262.1821944580661
262.1831783197813
262.1829585772357
262.1829220605068
262.1827863472281
262.18267816665684
262.1824435524213
262.1828390858791
262.1822547630909
262.18293985753917
262.1828500349402
262.1814711335792
262.1826197918854
262.1827778377992
262.1830035770654
262.18262712281285
262.1818297204991
262.1825034370813
262.1830889133089
262.18304587338207
262.18220924921843
262.18224400813415
262.1827222834836
262.1827564298728
262.18278878332785
262.18277977250546
262.1823508286543
262.18299994450354
262.18309492508706
262.18218994778
262.1818767279692
262.1829923253099
262.18189945907216
262.18338349340775
262.18227868333634
262.18255310385575
262.18295032103197
262.1815502766767
262.1831287656314
262.181704102426
262.18268384166004
262.1824408768298
262.1823925354547
262.18299257811304
262.1827834782016
262.1825232143674
262.1826328617826
262.1824020724889
262.18296762374666
262.1821515372794
262.18245793781534
262.1821151915865
262.18271973710944
262.1822857060033
262.18313732407114
262.18281752953044
262.18266093694547
262.1829227816561
262.1822287419127
262.18250097159034
262.18307990895846
262.18253610951797
262.1818130736574
262.1822970939611
262.1815902254093
262.18244002774736
262.18256714252493
262.1828181189412
262.18289811931027
262.18262658418826
262.1827170404795
262.18312212012825
262.18095079062186
262.1836718191844
262.1832685913687
262.1825898717434
262.18316560948006
262.18269731094915
262.18256761592056
262.18227305119945
262.1830038113403
262.18289456595085
262.1829660210642
262.18320349566056
262.1830141658138
262.18266494711133
262.1821524049956
262.1831758823755
262.1829791783093
262.1828840001108
262.1820943198836
262.1824116600619
262.1818221643189
262.18324408827175
262.1824547876895
262.18243355024606
262.18226582047646
262.18291190515447
262.18236371719104
262.1819774697651
262.182611939701
262.18175648384204
262.1820358222467
262.182888637617
262.1827851298003
262.1831203824695
262.18269001883164
262.18281374326034
262.1828653154662
262.1828736675525
262.1822271748388
262.1824423309736
262.18246645155887
262.1828085263551
262.1820973260037
262.1825702092174
262.1826925058849
262.18291522598884
262.18189255549805
262.1819274008594
262.18309340719134
262.18303665769054
262.18156669191376
262.1822295453603
262.1830717335106
262.1821402524074
262.1830682604632
262.1827885742241
262.1826993940631
262.1824778168666
262.18272485010675
262.1826749082247
262.18252186443715
262.1822264707298
262.1826291872421
262.1828054516809
262.18239279516274
262.1823448368086
262.18218653299846
262.18306461680913
262.1826034734113
262.18377976281045
262.18278712437314
262.182357177182
262.18210169888334
262.1825649344246
262.1829682022217
262.18333168220124
262.18316201372363
262.18228312418796
262.1815605768352
262.1827486188413
262.18155419932737
262.1824397070013
262.18262688367395
262.1824738185096
262.1818944980041
262.18268155709666
262.18161233191495
