288.2777495376649
233.61656839498363
249.46669813346284
244.16172882242427
245.67794366338967
245.20497164037488
245.34826348330944
245.30381657688986
245.3171098812063
245.3134814623245
245.31473189565668
245.31349023412895
245.3148997098251
245.31409922770308
245.31417960004
245.31453287469503
245.31423683406047
245.31415943479715
245.31410171930293
245.31398895706297
245.31461654142095
245.31445447481929
245.3143331784322
245.31409383651408
245.31458092240973
245.3140682084486
245.31388387477818
245.31472013275925
245.31382936353293
245.31348250110022
245.3145392968454
245.313818023802
245.31433050926717
245.314236950333
245.31391198150595
245.31463307453123
245.31439171945567
245.31365179522436
245.31414574218616
245.31440263729746
245.31378350113482
245.3143455225436
245.31397290887617
245.31453166245046
245.31398342335888
245.31422166053017
245.31453200654505
245.31342009378568
245.3142262102774
245.31455218034898
245.31278798920175
245.31474104840527
245.31429803936408
245.31424119064468
245.31401053164882
245.31355583964978
245.31475661482182
245.31357198925252
245.31419274368454
245.31425247216612
245.31443760387629
245.31392720475924
245.31476601504983
245.31422043095154
245.31444317150817
245.31410298378614
245.31396972606672
245.31452131078913
245.31433924329758
245.31441795816863
245.31394724900747
245.31456296375836
245.3140801189038
245.31374486308414
245.314634544422
245.3139248741063
245.3135367290488
245.3142230422818
245.3142478466507
245.31405936053125
245.31355973280733
245.31469851084694
245.31393978615597
245.31351131655902
245.31435525073175
245.31341260949557
245.31473660111078
245.31357022908924
245.31343099287915
245.3143430966884
245.31446364226576
245.31429496390774
245.3140906351473
245.314015931006
245.31359998336848
245.31374188090558
245.31419046843075
245.3144298154657
245.31432672905794
245.31402053382772
245.31454303655482
245.31400345026486
245.31423935211933
245.31454449395096
245.31411349249538
245.3143147826704
245.3145257084616
245.31353845816193
245.3148435795083
245.31315160085796
245.3146541876995
245.3141799824807
245.31407121717348
245.31392517666245
245.31399584392784
245.31436877506349
245.31367021700862
245.31442365676776
245.31391880425508
245.31438777021685
245.313907231357
245.31416435202118
245.3144728515981
245.3144208433805
245.31414953245257
245.31354713493783
245.31424943429738
245.31433149826626
245.31448975500825
245.31425943857903
245.31404471089627
245.31461919292633
245.3142523680217
245.31435150750622
245.31382230044983
245.3140262286979
245.31442901741684
245.31438276411063
245.31402545010496
245.31469035426562
245.31365765396913
245.31344320251083
245.3147108839985
245.31432317441795
245.3143292349123
245.31371699181182
245.31445734069712
245.31387597489083
245.31426478992944
245.31400721290993
245.31433341022057
245.31450934587338
245.31414633525128
245.31446453228273
245.31395393373532
245.31415862765425
245.31440902140457
245.31441725676268
245.31444271401415
245.313731427108
245.31518130454788
245.31394884263864
245.31405775533494
245.31422313639632
245.31403311385657
245.31434577272012
245.31409686293046
245.314358917567
245.31402144914318
245.31423087797884
245.31435877928743
245.31433392185136
245.31451096120873
245.31421319297806
245.31427162316686
245.31467125673953
245.31448608383653
245.31407546922856
245.3145567446045
245.31410411011893
245.31450237311947
245.31431430520024
245.31426282382745
245.31455785085564
245.31412170638214
245.31450417704764
245.31414397941262
245.31456913157308
245.31407050324196
245.3137532815017
245.3143670061254
245.3140660667268
245.3134466684278
245.3141545172548
245.31335554260295
245.31420062341203
245.31307190742518
245.31340262120648
245.31481229991186
245.31305098089797
245.31403976265574
245.314478653454
245.31427359301597
245.31422537397884
245.31436884662253
245.31421373825287
245.31404752812523
245.31437953340355
245.31407043337822
245.31373393208196
245.31376173402532
245.31364115141332
245.31452573343995
245.3138617221266
245.31446770910406
245.31409462973534
245.31449944841734
245.31438106867427
245.31393247102096
245.31458813417703
245.31399500227417
245.31447904760716
245.313538437651
245.31419184571132
245.31392804376082
245.31421697000042
245.31391211799928
245.31413149331638
245.31479317633784
245.31425818458956
245.3143595453148
245.3141373958788
245.3137354534265
245.31423715726123
245.31456791370874
245.31432142251288
245.31441336436546
245.31405042477127
245.31435030892317
245.31367844917986
245.31435775849968
245.31423518071824
245.31459709600313
245.3139075961226
245.31447255142848
245.31420613639057
245.31457288270758
245.31406782627164
245.31301609466027
245.31494985678
245.31378049474733
245.3141310576466
245.31439735009917
245.31394644788816
245.31391789056943
245.3142300347099
