287.1537088628222
192.3989736102257
70.52394119245503
247.71667828072373
164.38280349990214
198.48593938776844
210.319511786038
144.2466330441182
249.6949113636315
146.68563699783317
87.28474533383996
252.47970415629834
161.40452046120163
236.1925286610267
63.062692816477465
228.45718512637632
78.55818803159536
220.13790146084102
222.49222440403446
97.19226141995387
119.18993605646938
231.46510606459015
207.15581955533162
186.35609436269806
207.8674124748377
22.964765228899523
258.6470774066911
135.17735699153582
246.71710197182983
182.50418453181828
218.58102760731708
133.69136084365618
244.5076121720931
47.61464745267949
249.15039032692403
155.30215389234218
219.42392439934338
104.9947198945174
82.13016897961825
261.201599279766
123.8472107844591
237.55835798698536
59.75471504635789
227.4721604445749
82.76075818798745
252.45883294347368
145.68974788753076
228.2100298248024
214.25899279702935
125.27730802267979
216.04419148156921
224.43571131196768
95.7001141113833
235.21385733101124
65.09820827978365
229.38404093365534
208.90220234743174
166.96562989041377
167.32391819201075
243.03231946114465
165.41605593792883
22.41068460511815
244.68837705543592
186.82637019348294
200.12357154593155
253.1132450442292
132.81764608673257
182.87102077832242
213.16205871249622
236.28552246915933
183.00300299682203
245.68846493433375
170.17734214339362
156.5788639699167
54.5150590020894
263.22640554599275
117.54594365465528
238.32121397536685
58.91668964341079
244.49218742604353
46.17929501906838
235.490639093965
196.2816397139468
210.06754905946582
142.44153763606664
249.8513791901314
147.52427434415586
82.08284304170593
243.66025607916163
49.89455958909821
234.95710687142127
196.68281671512523
210.87932566622476
141.64037308362458
258.0398139928766
125.96592108210825
239.42702668598213
194.62049821747132
207.5096881867612
180.48644653391602
225.66476085126487
91.02209510610192
238.4274109777034
196.91832501791941
200.57906234832626
207.39484531182097
148.62034428204788
256.60827209801937
129.56586067223907
237.5757334123009
199.54897576946314
191.5829446646203
72.86338231345871
255.91933088577207
132.64503518978745
237.2566864679393
195.6650907891235
210.63159718007591
141.43552430390264
131.4849308693374
235.21289099696514
224.41123595806857
202.86521178734984
45.925098266823625
257.12343157254145
135.51204877919736
226.40716976701515
242.65571431476565
174.61592962407667
147.5507299955607
229.9902542417767
213.08784897734586
132.23447156065959
194.1957279885537
239.96518292358087
57.24099766743893
232.43795778113417
204.21700473703822
187.10397017208015
221.15284150467778
102.64867459067318
235.44301775825443
196.4634313257484
61.06453621255787
233.96244730245235
202.09838991346624
196.76333418542345
199.54960440948344
52.33327877923148
250.30883015952713
155.50563601943577
214.2077465769762
150.15821764618886
242.73654058290413
52.480727495407336
233.83142822298396
200.2711488394707
201.8652146440363
181.0108555462939
246.57268612849293
171.7505101197239
231.32898414368537
73.21550877160917
222.57688101886743
95.69646714162081
142.4807373364165
249.30252661171107
173.04001588487154
230.31951320481312
76.218098784615
213.81706993471016
162.46452846405737
218.30023231430096
249.3791107627112
140.50476944397815
130.80814169574296
241.45098091708496
239.17772735266044
182.5046901797905
105.01846677808498
226.8903968883751
95.21224821299984
254.30729597479512
14.786132243163593
242.6626063077274
178.86510099945008
117.8974728192261
225.90774215934653
218.02960675067152
112.49697573524463
229.47729652488488
208.15603612401173
177.87970083500113
225.42510267454054
96.08750964474893
248.06075316623173
174.75069889619772
227.60895059980976
85.73645979015419
238.64339197667869
57.75877378808218
232.215123308466
203.43909633186558
191.99380966783065
210.7446626855526
174.18681798921898
221.7099578161724
253.632538202648
141.2724490878245
228.77727810844226
79.62655329060362
243.23123017344915
175.77909532535705
142.25639795567986
232.02125583914312
72.10416353589972
226.07401454581122
215.858235914151
122.72320016496815
217.2718175258051
225.8344926024729
86.51432317361468
203.18424077903182
185.9456888463319
263.00235561057343
107.0717748278912
229.99752808448102
78.92405824681919
218.8174269850424
222.75931462884182
99.27157112515852
235.14981574394187
202.57959158586164
186.32966342966392
87.90618853062915
243.49936415700358
176.43946362983843
141.2289945102675
228.63267545535928
86.77629945597437
245.69879744678474
44.19985540461494
257.6292573612809
124.40662402378075
200.46810918679694
49.158210947825864
251.41641075842927
152.1623432464985
216.04084828044142
147.45521103528154
236.41948492046504
240.22928939044505
175.3939573479438
162.94609592470078
220.2479099422926
233.28790372118237
194.74929215475277
63.97666670608305
232.44996126228216
207.65674544939247
163.14344457406696
212.3771120056481
228.50868593995983
80.04018816720054
216.11203329804994
120.67589241916721
20.880265161162242
259.23890457292146
119.06529687065631
218.95175308303442
109.51052079087822
64.81451002127142
252.8447528617835
143.79189142341784
230.86642300826497
208.38002953228715
165.30079757048225
196.61827354745765
216.14877787031583
225.44821952929487
87.5251346303703
196.77141950630175
208.0731632110983
39.05107941366441
241.01105589114013
181.0852991547872
113.3187832358526
245.64031114030513
180.46445144689642
225.58377580731758
88.25261185782438
179.8875785555283
150.38360984589963
253.6897103827796
161.21990080631804
236.816066741143
61.85937818729144
230.05049012954987
210.8755164760223
141.64164920704206
121.0790918344428
251.3107448755618
37.69970210507745
238.1108601486776
192.90292477376352
213.82509787476738
128.85230602649972
209.31989166035783
230.18790981006168
77.88634722419374
243.50554013745568
175.4738759521715
142.94665947227622
232.55941513946163
210.62741078918043
139.67951303505106
144.01061198064417
233.32235850588768
260.15483657777077
119.62509819807019
240.92081026147935
194.88567993602192
196.95492146078323
59.948320117458934
251.49117901815043
17.36845695647935
252.91920368104184
145.59905459434958
224.3094770526659
97.02293875534087
248.92221146973316
165.77935613419686
236.5304000057804
201.0597987742367
188.90925754440832
80.52532457224152
243.6556713321188
187.2540743403515
214.20610596639744
157.63102955697104
231.288051784024
240.68852379720192
184.7769293070014
202.87415172001056
252.56774507081718
131.91779992017837
192.56419379085128
239.93562961295538
56.86256612224679
232.49702319219068
204.73425174178556
182.82332030287944
226.9515414211346
215.46328249495127
120.84579214903351
221.978937982567
218.47217376313347
120.59477605107531
241.54935422938433
191.37646137065894
211.39156370490673
164.87074998197204
235.02136239664105
65.88418749220727
222.2419316718442
109.9321603847784
251.34770117849985
37.88914354037843
237.8081812912278
191.9286967558728
216.54719979781657
113.53983826689364
51.59059697136399
260.1125235661457
124.4867021732789
237.89762088943098
58.95885874720989
231.26677773101255
208.65493536746362
153.3760530325235
62.57657801297319
249.82180982378486
166.99605369847268
233.6048339427798
68.41720725991763
225.19767561313347
87.55696944112424
193.80973175237887
221.14355512817565
222.29532540397486
96.07064201738103
136.921692440068
250.78104500651534
166.19881178610376
235.43937499039748
65.45020475159981
229.05697718982992
209.8342571740941
160.12302439774794
203.3601484308747
44.037079181332956
