288.02779910362216
233.46503833090821
248.65117374068302
243.86293854990117
245.08859934328484
244.7439867401581
244.83564103385834
244.81108176112866
244.81789735767097
244.81573591993174
244.8163519257114
244.81600100935793
244.81571409117532
244.81664989736691
244.8161881060105
244.81541284305422
244.815976404494
244.816452704089
244.81640185660763
244.81637729704016
244.81629051559776
244.8156347330114
244.81613351248052
244.81621279493083
244.8166813739499
244.81598738846333
244.81599615233063
244.81525319992033
244.81643682808135
244.81668253080534
244.8153234117417
244.81629015602266
244.81637955832775
244.81582628282922
244.81602252962875
244.8166184924503
244.81611613002315
244.81570450047548
244.81629920650266
244.8159253039048
244.8161589814099
244.81534480907067
244.81628862687285
244.81637763624894
244.81532323454303
244.81607359093687
244.8168775801023
244.81627342987485
244.8159789828169
244.81537792226663
244.81669787003557
244.81655956210307
244.81549108122636
244.81626705790404
244.81601002788375
244.81650430534137
244.81651693996537
244.81606496449604
244.81684244400822
244.81592604025718
244.8160824816332
244.81516627902965
244.81695924598534
244.81629363843604
244.81634487411065
244.81549678093143
244.81653100503172
244.81579624464575
244.81644848633732
244.8163330150528
244.8158768532594
244.81636395703754
244.81631857765024
244.8146660557759
244.81687286850138
244.81609881644545
244.8165013962789
244.81605568808664
244.8167827896832
244.81624304781144
244.816271763033
244.81565936838888
244.81605325942292
244.81647702031842
244.81627149398992
244.81642040966108
244.81628050919244
244.8167325557224
244.81514991519362
244.81628793341952
244.8164933547232
244.81524951603205
244.81673340982525
244.81562454444793
244.81647058568342
244.81519901115826
244.81537331522122
244.81584962156194
244.81598535085504
244.81678636455035
244.81460102662095
244.81540014078928
244.81656904715783
244.81592192296375
244.81608041030995
244.81482675539883
244.8166049082356
244.8168370184212
244.8154177566903
244.81562569933158
244.81645888968342
244.81581407685735
244.81647404294927
244.81569273758214
244.81494805143302
244.81681698554894
244.816147622907
244.81554340974253
244.815941903762
244.81656150482013
244.8159647780776
244.81598245261557
244.816364938044
244.81533726360794
244.8161300046777
244.81641412491444
244.81594581608806
244.81579698187124
244.81593758563395
244.81637693633093
244.8159258999367
244.81613070939784
244.81619844240777
244.81630835726537
244.8163214271699
244.81614671693387
244.81542305419862
244.81567763753264
244.81597477851756
244.81606092288712
244.81597221196716
244.81601088511525
244.81660768551956
244.8159797782355
244.816295408913
244.8163863763475
244.8156914119827
244.8162128875192
244.81636128859827
244.81576817877794
244.81520431160607
244.81636298623926
244.81633501205215
244.81562761248642
244.81526278732053
244.8170781878871
244.81579505137051
244.8167218389135
244.81631100136292
244.81647213826363
244.81648620743363
244.8154023769457
244.81593452297966
244.8166238006088
244.81568701250944
244.8163412684953
244.81611501586303
244.81455847018515
244.8171643508831
244.8152471435169
244.81646675773663
244.81605108220538
244.8164293596783
244.81553376466036
244.81665494943445
244.81416065551457
244.81717982191185
244.81576146783482
244.81675088340126
244.8161217437737
244.81606374069816
244.81608150211105
244.81591331282107
244.816196356609
244.8154140587576
244.81666173154372
244.81582158437232
244.81512695694983
244.81665886304108
244.81603092457226
244.8157135608344
244.81595859957451
244.81680901907384
244.81644331624557
244.81638275073783
244.81541917177674
244.81589240084577
244.81699141579156
244.81601206150663
244.81598283797211
244.81530872326402
244.8167559907597
244.81450256126118
244.81670799144194
244.81577795372868
244.81632242423075
244.81634399438917
244.81612580819638
244.81515667706844
244.81629959297425
244.81645273398317
244.81635511131026
244.816022202358
244.8161572466488
244.81485594113474
244.81561455357587
244.81684087279427
244.81572261621477
244.81591046501126
244.81654709407303
244.8155341080128
244.81664782873122
244.8162769949995
244.8164881488774
244.81625708079082
244.81649684767763
244.81671587757592
244.81548368702352
244.81676863707253
244.81624272126646
244.81507948080252
244.81625600287225
244.8162534533767
244.81471956249152
244.81704234617064
244.81631987732544
244.81680219783448
244.81583261255582
244.8156468266243
244.81679333533975
244.81536868299008
244.81666709536512
244.81703339438536
244.8156941044872
244.81651723933464
244.8150970836723
244.8164176034188
244.81509332434507
244.81639275580528
244.81560108767007
244.81602240314533
244.8162351238425
244.81539231610077
244.8163221170107
244.81620996806305
244.81613425583055
244.8160680354049
