288.03111521108667
236.22237608468618
249.32013571411733
245.4199980654348
246.34672052209726
246.10273589451072
246.1637927404272
246.14771483263303
246.15222228516677
246.15135134577758
246.15125800271016
246.15143116889794
246.15109818409655
246.15131733771068
246.1509736639373
246.1513601181514
246.15145811025286
246.15120236938492
246.15106003922483
246.15059481723347
246.1505539754262
246.15182483733042
246.1512870549759
246.1509358087951
246.15118160727616
246.1513853173965
246.1515925614949
246.15114709235058
246.15141845034123
246.15135807811748
246.15130176232742
246.15183684051772
246.15062748659875
246.1513625982534
246.15126174993384
246.1517344535514
246.1513811946952
246.15166214113742
246.15139158692364
246.1513796234376
246.15105129198128
246.15129645529487
246.15155916481672
246.15085479826303
246.15187519418396
246.15087058543213
246.1517584878966
246.15089210017322
246.1515809279481
246.15185883723098
246.15163155793198
246.15120529989144
246.15176767367302
246.15125371377508
246.15174339676742
246.15114714078663
246.15108991467787
246.15148955751283
246.15104205108946
246.15158545721715
246.15109899730305
246.15165623616122
246.1515889020884
246.1515577606915
246.15078065395574
246.15097514504305
246.15171902704242
246.15139276319314
246.15159716680137
246.15174784115152
246.15047422126372
246.15216435939146
246.15119120011877
246.15138471783575
246.15125094921314
246.15179674996762
246.15141022090756
246.15068417468137
246.15189729387203
246.15118103837813
246.15185390202532
246.1512192104201
246.1513698703602
246.15157734585227
246.1512902768227
246.15152962282446
246.15163075332384
246.15117821986496
246.1510895376341
246.1518111921905
246.1508458607277
246.15178038832528
246.15094188922376
246.1516246942847
246.15150890884252
246.15169312558282
246.15138111256965
246.15134932305955
246.1513699103234
246.15172391630767
246.15146916631784
246.1504318179068
246.15194020599301
246.15099516062037
246.1518915401175
246.1519239943591
246.15128046555037
246.1509157978653
246.1519698325792
246.15128293495945
246.15136381128832
246.15126098880137
246.15110824925068
246.1514835571361
246.15107376458764
246.15166055582085
246.15195924840373
246.14960789285396
246.15217398968525
246.15117162924435
246.151136941633
246.15114237365196
246.15188756722637
246.15104870305368
246.15167020506487
246.1517472888154
246.1511452380073
246.15116561019386
246.15078701373568
246.15199015244434
246.15134583006147
246.15034606359404
246.1527868203193
246.15034881716565
246.15199163145735
246.15080156521435
246.15118212448579
246.15116558152658
246.15068917180906
246.1516675683888
246.15172788352356
246.15079643777426
246.1513875613673
246.15072417887131
246.15121659613942
246.1515040813465
246.14963845139573
246.15228139250394
246.1511787756972
246.15121852316224
246.15131245979137
246.15109317118186
246.1507089881561
246.15144102508202
246.1518795970187
246.15169686473382
246.15151409128157
246.15132942276978
246.15164074245695
246.15068794679246
246.15171422166895
246.1510012020226
246.15138888161164
246.1520267517917
246.15133495916962
246.15115995204542
246.15177782755927
246.15075463040557
246.15183175247512
246.1513780785317
246.15113695169566
246.15145826467779
246.15178884091438
246.15180628470262
246.151224738569
246.15111563261598
246.14999222871847
246.15209815159324
246.15162191369745
246.1513636544114
246.15148351500102
246.15116220041818
246.1509145599848
246.15117557911435
246.1516658190958
246.1513731349114
246.1515769498219
246.15127285791095
246.1507750380697
246.151495402024
246.1514783258317
246.15128870522312
246.15224676365324
246.15159653076262
246.15110020482098
246.15028171488666
246.15155559167033
246.15102492774895
246.14981605715002
246.15190751259797
246.1505036442104
246.15128481302236
246.1518118204549
246.1509757865424
246.15152855108317
246.15103722692584
246.15126106173557
246.1513971621025
246.15127496168134
246.15089013589022
246.15168367612932
246.15120089874836
246.15036102138401
246.1511973238812
246.15175254340284
246.1515331544215
246.15099163359264
246.15125935665856
246.151149294863
246.15192956640385
246.15125779461232
246.1508623825066
246.15130855760071
246.15125562407775
246.1497513926006
246.15162045357283
246.1508712773939
246.15085088284104
246.1502335905243
246.15228310020757
246.1514805557963
246.15111391167738
246.15142978810763
246.15175505168736
246.1501140472683
246.1516457580874
246.15153712056053
246.15086973678262
246.15175544026715
246.1507957034337
246.1510969073861
246.1513740329101
246.15177357874927
246.1516668258846
246.15129940568295
246.15133643815352
246.15143218057347
246.15177839681564
246.15095595359162
246.15131631340773
246.15112478849187
246.15117365472543
246.15186391180032
