287.962957162292
61.92793879359118
269.6707543962806
100.57018245165978
264.6390908225569
121.62939996750401
260.8757749245135
139.9757946141508
257.0816391894764
157.58624383823826
252.78861855396462
174.38769358105765
247.76702517152853
189.13087209436526
242.23050549535947
200.50138840833097
236.9244087109846
208.35392513188526
232.55999211372
213.47264130837448
229.33632687120826
216.74773609079966
227.0936915437287
218.83858974372288
225.5791576095953
220.1797695285668
224.56965873682384
221.04432203081524
223.90396020936168
221.60256436663622
223.46690313708496
221.96517693484748
223.18011729194768
222.1995296545374
222.9931706481966
222.35201185636652
222.8706045631061
222.45242507680632
222.7899436521584
222.5171274829463
222.73788390682967
222.559720064457
222.70367891261048
222.58749108601114
222.6816269489791
222.604704143836
222.66668277781355
222.61736490934345
222.6577790146075
222.62506912651224
222.65084814793408
222.62942035713786
222.64729834529135
222.63152096407066
222.64560643874574
222.6344031638473
222.64315740227903
222.636236111779
222.64246648683184
222.637844252371
222.64028412933112
222.6387901757298
222.63941350979803
222.63944168511807
222.6392284791873
222.63964107373977
222.6387192479633
222.63997096686944
222.63909496003544
222.6390925834603
222.6392249872115
222.63911414079485
222.64007536119243
222.63937452095342
222.63983945569998
222.63780878947
222.6410848143023
222.63715833587412
222.64159005358306
222.63742521267704
222.6409040334147
222.63748122004472
222.64102220381028
222.63850687796366
222.64014237538504
222.63915439831544
222.6393111497564
222.63979585376
222.63982198348822
222.63872284461468
222.6388483852461
222.64013306624838
222.63795510261843
222.63986371738793
222.63824564142487
222.6399720025911
222.6388528473035
222.63945686046645
222.63966666488705
222.63943186840334
222.6383575696782
222.64007641451462
222.63818249258838
222.64017312122087
222.63804113614606
222.63966644287575
222.63918043727608
222.63857373093924
222.64041828653717
222.63834350756224
222.63940951966651
222.63978367023083
222.6392307442511
222.63934832107043
222.64039637196402
222.6388368082844
222.63956717793917
222.63905543881992
222.63935739064618
222.63953562721144
222.64001695001934
222.6380073937471
222.63885156064498
222.63934893473925
222.63879158532654
222.6402067876552
222.63862860954396
222.63991993705713
222.63901681415882
222.64026500591717
222.6390829475713
222.63930098817946
222.6388355703166
222.6395475571553
222.6393058673275
222.64009373939916
222.63899596958072
222.6395624017823
222.63895432868594
222.63875062805164
222.63998481822637
222.63866347813018
222.64017545874958
222.63898016214807
222.64043141192087
222.63827108564146
222.63956792062527
222.63887534486275
222.6400195674505
222.6389992682016
222.6392012088254
222.63964135403512
222.63978593453066
222.63900885936164
222.64055414043105
222.6384703134463
222.63956057414907
222.63942826779385
222.63872342985997
222.63999505090032
222.63946100411704
222.63944594833447
222.63856177579146
222.64008857700537
222.63809215752553
222.6405999511917
222.6385915054343
222.63979994376132
222.63855071768194
222.64014534145826
222.63849495305476
222.64002089069254
222.63877106586733
222.6401187435913
222.63830633486214
222.6399496449958
222.63901143801922
222.6401350913584
222.63781857518916
222.64080731630384
222.6385950842814
222.64047029634094
222.6390031781266
222.63979081770958
222.63900348833704
222.6400049730364
222.6396610942029
222.6385037373766
222.6401848162859
222.63834320793103
222.64057528731792
222.63846253927477
222.64022492014192
222.63838284362282
222.63995153945143
222.63848998287722
222.6398250044149
222.63910756453697
222.64022274001763
222.63897769207688
222.6397078868613
222.63948351228464
222.6392314461118
222.63947851966805
222.63867890088295
222.639029616068
222.6398595596038
222.63943032164389
222.63944512990565
222.63983251473837
222.63897153937432
222.6398837237066
222.6387632340775
222.63998206076212
222.63846807426307
222.63961184334767
222.63869737484492
222.63979010554613
222.63895430297998
222.6391990987322
222.6385381466098
222.64016951894155
222.6391399739514
222.639250171429
222.63934038887965
222.63921194068098
222.64006447495194
222.6395885405509
222.63835897800163
222.63991180805897
222.63843668611662
222.64026811288204
222.63866644537484
222.64026344605372
222.63872994453413
222.6392914170865
222.63912365041324
222.63932698516874
222.6392126675346
222.64030459796777
222.63896136886615
222.63947261255817
222.6387910895428
222.63958266681584
222.6394203807722
222.63932368821406
222.63770599321288
222.64065074067912
222.63813499931712
222.64091079909122
222.6377544124116
222.64083486632444
222.63810350504355
222.64050711224263
222.6382941687334
222.64097807837243
222.63813352280704
222.6412679313944
222.63789592921967
222.64060496687307
222.63900517894945
222.64023423021717
222.63915380337858
222.6395990839228
222.6395602432749
222.63892522876267
222.6400808156177
222.63890877184167
222.63885353643855
222.6391894013941
222.63928725052392
222.63886427332181
222.63905709635583
222.63932920919615
222.63954653784458
222.63898639658873
222.63965624723642
222.6392103996477
222.6401666742895
222.63775284966687
222.64106387730862
222.63861208538583
222.6401385828649
222.63858889081166
222.63954420929076
222.639175214048
222.6398482939403
222.63883579311369
222.63874150718038
222.63897688832367
222.63974813191453
222.63949709683948
222.63886268677015
222.63965984951938
222.63812459699693
222.64005163787806
222.63901775190607
222.6400977105077
222.6384962251177
222.64048599077796
222.63871891492454
222.63959056905878
222.63978487279383
222.63956136292836
222.63928800799476
222.64041638738126
222.63879692689807
222.63946664829564
222.63944075373
222.6391725831636
222.63928370116628
222.6395001471974
222.6392387458618
222.6386761609465
222.63910685690644
222.63949329058232
222.63979016627127
222.63892659002158
222.63943336548982
222.63929571553308
