288.3333565163936
251.45640997568478
256.5067669777495
255.45419273577227
255.63271003286195
255.59800270790538
255.6048368203019
255.6032527481275
255.6033969015698
255.60315642251135
255.60334197638895
255.60410483950363
255.60348591222373
255.60395442741992
255.60286116661973
255.6039214136863
255.6036371781347
255.603784540147
255.6035833435235
255.60265902061474
255.604145900581
255.6037100444155
255.60377205297846
255.60327298550146
255.60388579727442
255.6035214965159
255.60351265684585
255.60318578196893
255.60322667481705
255.60403840099025
255.60296187358654
255.60314453163483
255.60444826551065
255.60383977658603
255.60329381828342
255.6037038741506
255.60276854417498
255.60391374959363
255.60343833495426
255.6037742900262
255.60273023746777
255.6037549232642
255.6037322072989
255.60381787595543
255.60439384200072
255.60317854713503
255.6038302339839
255.6047165038617
255.60288248779398
255.60414003950063
255.60333939818156
255.60314451066733
255.60420525684094
255.60355832272398
255.60347854539214
255.6036716339113
255.6029220964374
255.60406558410978
255.6034806814605
255.6029661817338
255.60354553199795
255.60390370794266
255.60246428088794
255.6040427230946
255.60366000646172
255.60368677965744
255.60234462544395
255.60427682144655
255.60436666913665
255.6037903871911
255.60374466045687
255.60274709288205
255.60340711575918
255.603661451707
255.6041405361466
255.6032648640903
255.6031160440616
255.6043168184915
255.60351657194406
255.602604319698
255.60395175175654
255.6031466269851
255.60377339208208
255.60370789698936
255.60324644570937
255.60401532281685
255.60381044696987
255.6029514998445
255.6033291066924
255.6038819190362
255.6030249379328
255.60270890900574
255.60402777960553
255.6037998986285
255.60336208627996
255.60392155320005
255.6037625446843
255.60344205913862
255.60383012537932
255.60307333524543
255.60288283145928
255.60388042364502
255.60391946441814
255.60346873745584
255.6031523051788
255.60413621377666
255.60396852373378
255.6028900456804
255.6040838522531
255.60374030453386
255.60411223831034
255.60196769398317
255.60464858281193
255.60255560018413
255.60375729449152
255.60249466965615
255.60368749735062
255.60260493789974
255.60349594907166
255.60383141193597
255.60317724252673
255.60233383365266
255.60399515651807
255.60314824985107
255.60403656926792
255.60357930336613
255.6035848048632
255.6019491823754
255.60379955228564
255.60393855676375
255.6027956106118
255.6031094086793
255.6036157213166
255.60280629748013
255.60353415549616
255.60357017965725
255.60415017197374
255.6036163892204
255.60451877000014
255.60341454314766
255.60358392240596
255.6023387014502
255.60385455923097
255.60405773787352
255.60362223059929
255.60283493028692
255.60357842685335
255.60417031138059
255.60274419543566
255.60405446321238
255.60388517226966
255.6034240724548
255.60359989636345
255.60410129064985
255.60349724213302
255.60372609295882
255.60314819647465
255.60293917174567
255.60388167946076
255.6042742150894
255.60305193049135
255.6031095472281
255.60410752096504
255.60375829946133
255.6038618520979
255.6033199145313
255.6023059222789
255.60446155260433
255.60344189676107
255.60315475868993
255.60391328237893
255.60333157067362
255.60393331096566
255.60371250227035
255.60337520534813
255.6035026065656
255.60309257733752
255.6033444989589
255.60414107210818
255.60262646221963
255.60342531903007
255.60367246055102
255.60320192098152
255.60279284806165
255.60359270502522
255.60336892592022
255.60366488092404
255.60388680185133
255.60345553369552
255.60291799114202
255.60383440254373
255.60385167411005
255.60386661833036
255.60248639185738
255.6040824783704
255.60342425735143
255.6036097707838
255.60333070628985
255.60391432445613
255.6037456979393
255.60341091903683
255.6037337212474
255.60314460062364
255.60371367233165
255.60359843753395
255.60353444654902
255.6034997074603
255.60368752894283
255.60409939645615
255.6031691662938
255.60356847962248
255.60387792084657
255.6036114533781
255.60373857113882
255.60381213725486
255.60400489869062
255.6035114814149
255.60415185910824
255.60377250460442
255.60330667211383
255.60380468370568
255.60314746864606
255.60294628562406
255.60339320485946
255.6032570066891
