288.14878620089763
210.3244768140989
250.2119818301229
232.75502525569345
240.21491864198288
236.9404875989119
238.34546595351185
237.73534372003996
237.99893092032698
237.88410665860374
237.93423667006255
237.912097965248
237.92200742202294
237.91779851283718
237.91954077591618
237.9191729600343
237.91909114651025
237.91937469626737
237.91887626091557
237.9191262591894
237.91901288301506
237.91905070100802
237.91931460276192
237.91899605077197
237.91938094433135
237.91907234092469
237.919117472964
237.91923813033827
237.91921911347163
237.91919466477702
237.91897170505763
237.91897965348107
237.91927160424166
237.91900872696715
237.91921989947878
237.9190224314625
237.91951297633022
237.91893755278397
237.91939303124127
237.9188547192025
237.9192707062084
237.91880444360686
237.91940473177783
237.9190001026236
237.91937324931132
237.91913852268408
237.91887291989042
237.9192102739944
237.91899724866016
237.91950592088688
237.9191095432434
237.91924045902124
237.91907857803017
237.91841239939095
237.91946943006405
237.91886211146266
237.9192969725009
237.9189146132012
237.91928552335958
237.91911457375681
237.91922510529912
237.9189471508471
237.91899114088665
237.91933043889367
237.91926402239915
237.91891018250317
237.91936207048275
237.91897174717815
237.91933813573996
237.91878517967052
237.91930598192266
237.91880099527407
237.91899255117823
237.91907101695688
237.9189825652429
237.91945610906987
237.91889509957036
237.91847986295397
237.91968306647323
237.91900053703284
237.91930436025723
237.91918024019833
237.91930072192918
237.9187191361998
237.91956225354807
237.91920791901066
237.91910284072947
237.91925161775362
237.91890813339705
237.91935082858254
237.91877675267824
237.91917342843954
237.91913058431965
237.9189011242779
237.9190794616079
237.91925805791107
237.91918749410252
237.9189722601659
237.91867272945092
237.91897351382795
237.9193743218857
237.9186609945973
237.9192833629204
237.91922613694624
237.91924435656256
237.91864702504972
237.91951978966972
237.91819481291895
237.91964108727552
237.9189807490984
237.91933555306605
237.9191372015921
237.9190323330331
237.91916212051729
237.91931399073655
237.9186558400761
237.91955443888583
237.9189135180277
237.91931448575633
237.91888956893672
237.91940039587644
237.91899564652704
237.91910792701674
237.919105740526
237.91915358296683
237.91913861680223
237.91871836263454
237.91926366472762
237.9191640893987
237.9190845276753
237.91928542871756
237.91921301455295
237.91929380712827
237.91872294060158
237.91922250053176
237.91899921355798
237.91945571570977
237.919003553121
237.9191011152725
237.91932339539926
237.91853834712674
237.91868684093788
237.91915506049554
237.9191181162023
237.91920394170302
237.9188456535485
237.91943882167834
237.91818898470956
237.91921034156985
237.9192651870908
237.91894111483998
237.919397855243
237.9187473058846
237.91919483070524
237.9191154618893
237.9190707974485
237.9190821744196
237.91908545539627
237.9191667476698
237.918825664201
237.91927210390713
237.9189492843725
237.91929274365975
237.91910583798017
237.919036371517
237.91919163795683
237.91918731294572
237.9190648989461
237.91930310693715
237.91897755707032
237.91922748872457
237.91924437605485
237.91909681593097
237.9188052828249
237.91918912048277
237.9192702454675
237.9191769889876
237.91930838568078
237.91880044865684
237.91945979580487
237.9189734268075
237.91930692874303
237.9185477981082
237.91940680031257
237.91925012225693
237.91913721861783
237.9190370423603
237.9185271607421
237.91959990636678
237.9187248738599
237.9194499070727
237.91909427617793
237.91908328719728
237.91899001266574
237.91925619871472
237.9192421175685
237.91923309631238
237.91915821992734
237.91841533266415
237.91921701972024
237.9191242398374
237.9193454438937
237.9189872747811
237.91890695190523
237.9194114878046
237.91902107736678
237.9192887985846
237.91904588970647
237.91916467166448
237.9191657168849
237.91908343527757
237.91926580268773
237.91904806283128
237.91895439091604
237.91930063259497
237.91901011152368
237.91836664830043
237.91966263832
237.91914165823255
237.9192625937285
237.91908430885815
237.91887307383877
237.9190670282842
237.91935185636976
237.9187333354639
237.9193674124981
237.91905162743933
237.91927573930298
237.91892511451442
237.91904320861795
237.9190143148735
237.91916264074098
237.91865384354605
237.91904234184767
237.91931581836252
237.91897647926817
237.91918741015252
237.9191519546439
237.9190135567187
237.91918881585298
237.9192148748698
237.91886033168703
237.91917570799706
237.91931011695124
237.91924342028506
237.91894207899168
237.9189715629036
237.9184095320088
237.91965530817106
237.91751298838062
237.9201896282757
237.91849159613776
237.9193436474743
237.91925660446577
237.91891134930484
237.91932738419564
237.91889147897018
237.91935961217678
237.91893565938517
237.91910702339374
237.91927736210346
237.91902355379716
237.91860826889751
237.91954205893853
237.91898413600575
237.91925600610557
237.91923153669632
237.9189241289423
237.91918805838213
237.91932031445322
237.91907312726835
237.91909336890967
237.91909138254414
237.91918565348897
237.9193079395627
237.91924479449517
237.9185869942885
