288.33580236129006
250.98664259155214
256.2292991014764
255.117987689463
255.3102032166173
255.27189904862234
255.27885954281874
255.2781480459048
255.27846610945335
255.27755015540606
255.2779932032663
255.27782588693117
255.27752690945908
255.27835695298745
255.2776496863371
255.27829106015906
255.27877318325136
255.27778015057174
255.2786144546717
255.2779576947014
255.2773993408464
255.27875098850382
255.278268767408
255.2783705108941
255.278606992415
255.27716276614046
255.2783061220398
255.2777309216217
255.27818657322678
255.27837983844802
255.2775929504678
255.2787174316254
255.27794189892484
255.27813097236503
255.2785449430521
255.27840254607872
255.27805894324592
255.2778727486875
255.27820787365636
255.27806698574932
255.27741440840327
255.2787611413696
255.27810806678463
255.27824247084936
255.27678822242524
255.2783814195791
255.27845959257684
255.2784406155115
255.27781311472427
255.27803358342862
255.27832754108022
255.27841449590414
255.27834240246375
255.27842725371374
255.27792572589897
255.27825708840464
255.27878852116555
255.2780137416048
255.27857494595446
255.27776400827497
255.27825864872648
255.27807308613774
255.27809426796375
255.27835821007466
255.27858128240769
255.27837158564944
255.27839917097663
255.27749491277063
255.27832801953627
255.2786702371268
255.27847831627878
255.27817973288984
255.27836730037598
255.27845839282963
255.2772651125415
255.2786202347197
255.27830867857847
255.27804669868783
255.27875892007432
255.27845551299106
255.27845222775068
255.27775539676077
255.2781885086806
255.27807818299334
255.2779535345544
255.27821616560686
255.2784504158044
255.27796531184867
255.2779171093789
255.27827223613713
255.2782521651461
255.27829561081307
255.27766371821053
255.27861381658295
255.27768082208786
255.2788276530191
255.27803404947917
255.27791354187502
255.2786899413768
255.27823466416157
255.27866007530974
255.277527858314
255.27839677591692
255.27832110565214
255.2785541961348
255.27824554172548
255.27835656047682
255.2779701580148
255.27803459230927
255.2777906535266
255.27850952018343
255.2778926770916
255.27845158569835
255.27805260805326
255.27876674182335
255.27780794943828
255.27781032915664
255.2785798233308
255.27784077582328
255.27809017592517
255.2781054831721
255.2771048206705
255.27899910215638
255.27778881676204
255.2781961505898
255.27850509560812
255.27837363607978
255.2779693569537
255.2784130769287
255.2782286645088
255.27723348873405
255.278482610207
255.27709961718938
255.27837738800008
255.2785151190692
255.2780750951133
255.27835252675868
255.2777451850634
255.2766795951684
255.27917652570613
255.27741382591194
255.2791755108774
255.27750216823188
255.27858266640396
255.2769877759565
255.27890989815933
255.27824719518685
255.27814601789578
255.27806424646406
255.27827341106604
255.27844873967115
255.27876801275124
255.2781829710584
255.27858806720178
255.2782531897683
255.2781264346704
255.27803383982973
255.27788449327636
255.27805814167368
255.27757448398916
255.278611263755
255.2785373342922
255.2785500837199
255.27849884818716
255.27784421210526
255.2778171346581
255.27768248268694
255.27820243149472
255.2788052228716
255.2785322999407
255.27783233842638
255.27845531173807
255.27781218897144
255.278079104246
255.27718340570573
255.27850579067308
255.27744569837523
255.27801454039582
255.27852595456352
255.2781003259879
255.27778032803326
255.27791220556537
255.27818687685067
255.278283990192
255.27799258791492
255.27872242986632
255.27859529928537
255.27750349898997
255.27869587829628
255.27810932410648
255.27795157064975
255.27888091027853
255.27791061946482
255.2784712680441
255.27816436896683
255.27773798635462
255.2782494310959
255.27812008510227
255.27810796351696
255.27848680094758
255.27809683747182
255.27780856372556
255.27762398209597
255.27828281311668
255.2777721584862
255.27854177719564
255.27822062451742
255.27851448660658
255.2778887215827
255.27847481235221
255.27744082911522
255.27904417557875
255.27851255008136
255.27803956986463
255.27814221958397
255.27834693792101
255.27714895467216
255.27891823422397
255.27845288900426
255.27771799890616
255.27869360610202
255.27790067900787
255.27836043554998
255.27799748585676
255.2782517526939
255.27811267483048
