287.7032044595611
151.61663563643907
234.3755318698336
232.09178503443775
233.7892881410155
232.06816812519537
233.16041355629795
232.50005598605094
232.87887925936957
232.66592387594346
232.78446738172124
232.719272879885
232.7547148432932
232.7348622320569
232.74611553872091
232.73930335625846
232.74336394063357
232.74114883026414
232.74260243360368
232.74234315273407
232.7424009569877
232.7422430923525
232.74175801681668
232.74228838951058
232.74176451264793
232.7424463547577
232.7422171735634
232.74194845327656
232.74251881186865
232.74193111028217
232.742411079249
232.74259321749378
232.74254007808304
232.74269152746092
232.74243298405054
232.7422122234293
232.74270493052427
232.74185577097342
232.74285705568218
232.74163266439064
232.74253947021316
232.74194309736595
232.7425540280492
232.74186178259515
232.7420915864859
232.74236774146448
232.74275419945297
232.74143210401053
232.7428016547674
232.74213787904955
232.7426531827441
232.74258356353675
232.74254972809285
232.7422790208111
232.7426171808147
232.74204853767878
232.74242800551292
232.74230336959954
232.74184701674676
232.74245634131148
232.74259257793892
232.7416796844118
232.74255955090848
232.74152632924233
232.74234693774633
232.74229521021334
232.74178619850863
232.74169505908867
232.74148596033046
232.74199559208864
232.74236602590827
232.74189310659494
232.74246984424462
232.74228017968926
232.7423627757962
232.74122529895976
232.74255483837624
232.74191743522533
232.74241434350188
232.74246663729718
232.74212163978518
232.7426001056665
232.74121654348346
232.74221196648068
232.74248558164618
232.74263125578364
232.74191356035954
232.74275112320902
232.74182091634066
232.74209442734355
232.74167537771064
232.74261471173668
232.74230183109466
232.74192222753118
232.74202705163407
232.74233685718718
232.74264772253082
232.7416586671825
232.74210840666638
232.74176584292582
232.7414323822377
232.7419554418302
232.74240902331803
232.74192832649715
232.74269504423864
232.7416916526563
232.74279661435867
232.74229961076344
232.74191771169717
232.7421978532293
232.74255678032932
232.7420196209714
232.7422681679309
232.74184566798067
232.74281838009483
232.74172313612507
232.74214782891795
232.74260463300743
232.7417847751276
232.74250668938475
232.74166973293904
232.74290685627057
232.74174707135535
232.74269631360949
232.7420475555773
232.74206221618078
232.74218463143916
232.74208403838566
232.7420395366571
232.7420755250423
232.74251771287527
232.74183355654532
232.74206749087898
232.74193268126692
232.7418608346925
232.742363523721
232.7419365999449
232.74202403785603
232.74150767982792
232.74202031258756
232.74248868345603
232.74191519139276
232.74199230744125
232.7421170807138
232.7419395845427
232.7421940484419
232.742490330289
232.74187604442704
232.7420117871079
232.74256784803583
232.74222421092418
232.74277294173953
232.74250664217834
232.74171734660922
232.7420681812946
232.74245034286287
232.74216427548527
232.74220253078238
232.7419421837185
232.74249366368167
232.74195881644118
232.7424991753869
232.7422795941311
232.74268067076628
232.7424994760804
232.74189713685337
232.74172872408235
232.7420321071986
232.7415374674456
232.742304572821
232.7412367327197
232.7431125410876
232.74122883960808
232.7425602989606
232.7418537193662
232.7426638073448
232.7419727843153
232.7419526959493
232.74195795148262
232.7424206259675
232.74230071261263
232.74193338827172
232.74188292648614
232.74280006901245
232.74173849699582
232.74241383856133
232.7423423110231
232.741903128408
232.74151702631207
232.74208494076447
232.74265096688032
232.74247587588616
232.7419545945595
232.74245399337087
232.74217067917925
232.74187293740397
232.74217128573218
232.74179946194636
232.74285514626536
232.74191306529974
232.74298751563765
232.74154313659528
232.74202009524743
232.742433573163
232.74199535629305
232.7422799962951
232.74235930407303
232.74221189605305
232.74188316043
232.74211502015532
232.74237351679767
232.74204432374972
232.7420537588623
232.7423480432917
232.74266628442274
232.7426182916097
232.74226162640844
232.7422969173931
232.74146688933251
232.74304811519687
232.74163104487525
232.7426124381891
232.741701750856
232.74255332676694
232.7419757147436
232.74289028596831
232.74180411326233
232.74206971056992
232.74226574816566
232.74187623595935
232.74163714249153
232.7422518004314
232.74213721689011
232.74191929606604
232.74264081730507
232.74227613478433
232.74189133313484
232.74195702103316
232.742039268589
232.74263071813039
232.74184379531653
232.74277546328085
232.74220279550354
232.74246239074273
232.74229325691704
232.74189486226533
232.74261090419895
232.74231946785585
232.7427460126055
232.7416370723222
232.74251478780934
232.7424648732558
232.74247425515205
232.7419047574367
232.74266064335825
232.74244774157705
232.74193663605547
232.7425158564729
232.7418318742566
232.74196324394143
232.74236112252402
232.74243416803074
232.7423247094266
232.7422870474984
232.7420241106156
232.7424205844436
232.74246060322912
232.7420984878263
232.74203496168775
232.74237292003818
232.74231264408445
232.74224760985817
232.74254384178494
232.7422243568726
232.74201926421665
232.741551305342
232.74191739417438
232.742421793635
232.74266583453573
232.74126092193183
232.74189662007848
232.74209149950184
232.74118316809472
232.7431240023143
232.74205323384376
232.74261157796718
232.74193065993313
232.74211929283047
232.74174220155692
232.74204652949993
232.74207750961068
232.74181616783608
