287.6542720324365
240.7062042286039
64.570972353368
231.81312201888863
81.04221666832632
222.45189141926494
109.10554768625434
82.0455117718443
261.4437705907078
4.935775622854635
244.49000005572225
57.50498138679313
233.70377317491648
76.79671609963407
225.34773162814326
99.23585558341301
151.30162357357221
242.3322740186477
67.3485818140989
262.2202201379205
246.32823917185578
57.28722753318198
233.26321353559342
77.59524978763056
225.1046599451247
99.305455875603
152.38424818718704
239.47576342648426
79.18087957958141
258.7330149079462
37.33755977074725
239.15348431499478
66.07318105072864
230.77887125253892
83.54785919417463
219.5011040737936
121.71759017298973
28.896812374074216
269.24534334347663
245.0951120111149
59.828803781738316
232.47094143029426
79.33334343074057
223.94298792712834
103.07585505688257
120.16670382687698
251.94036952322313
45.68314090599961
265.30083773318984
245.43786453553003
59.125025507581086
232.6413442839439
78.94556443475994
224.19752025394519
102.22636727016834
126.86935650460691
249.9044094531655
49.67877463636796
264.84333929611785
245.60124660338624
59.13730926494645
232.57023794434463
79.09914716012645
224.09238288010783
102.5498775567321
124.29883434248586
250.67883066877948
48.11178461255986
265.05410445325106
245.51708836796024
59.11898088192174
232.61390593855322
79.0063117653117
224.15639558503608
102.35137117353588
125.87239507357663
250.20520004783975
49.063448791377596
264.928045135086
245.56734807540488
59.12982708306663
232.58772365589175
79.06175754394644
224.1182337284663
102.47038690782574
124.92597219931122
250.49140253787482
48.4854499295252
265.0052043722826
245.53595734292685
59.12305571144316
232.6039090778322
79.02767043481799
224.14139874375178
102.39854692653898
125.49505411926657
250.3202639222509
48.82987870936631
264.95885951436867
245.55504399621714
59.12662043543969
232.59454012212882
79.04746335408709
224.1282192628678
102.43889634063817
125.1766505376836
250.41575720977562
48.63741056773506
264.9853877283822
245.54461554490626
59.1240702991272
232.5999624375254
79.03614104801818
224.13542095514276
102.41653286408473
125.3532876025456
250.36304170179938
48.7434213568049
264.971376194746
245.55014252103865
59.125418887004344
232.59654257542934
79.04292627154791
224.13151545105939
102.42921223368103
125.252175831145
250.3934317841704
48.68214498731322
264.9784053170624
245.54721935052657
59.12465156227336
232.59878192720862
79.03850940621123
224.13411915833785
102.4200654754568
125.32635009933074
250.37068901700331
48.72812495441758
264.97272619087744
245.5497543443198
59.125165164499776
232.59737348540511
79.0413198610695
224.13221963911928
102.42610886537295
125.27745988145034
250.38537243744213
48.69858217953879
264.97717394065694
245.54781809412816
59.12470289480552
232.59824745990772
79.03985659507453
224.13310008992994
102.42387181858794
125.29470818477421
250.38064265041612
48.70790820277034
264.9753278830103
245.548180262369
59.12570541189052
232.5977203147413
79.04049817138002
224.133056496481
102.42419480454555
125.29292790785985
250.38078492616478
48.7077005713727
264.9757428580633
245.5486118157205
59.12511057399388
232.5981053653959
79.03994032565242
224.1332545273035
102.42320817141444
125.30127060282393
250.3782340618418
48.71295775840554
264.9750019692001
245.5486938782269
59.124928399323835
232.5980195275115
79.03992823680892
224.13327660172945
102.42279424968001
125.30365481794433
250.3773305951836
48.71469149418408
264.9747536974319
245.5486980748683
59.125499011533975
232.5969509727147
79.0415966153596
224.1322088518209
102.42630052295135
125.27595810605999
250.3862244619304
48.696826036131824
264.9774295676252
245.54783345422766
59.12499218026642
232.59831529609073
79.03918985048222
224.13402312449762
102.42088569172483
125.31894717056275
250.372681566143
48.72444531091605
264.97350059642486
245.54924395497073
59.12517101874255
232.59715455711557
79.04166945970064
224.13138714915112
102.42827319961361
125.26021988752473
250.39152801966702
48.685843592080346
264.97903306516673
245.54710877047182
59.12482602331147
232.59854607412854
79.03888033978001
224.13385540772288
102.42084206036088
125.31995091710269
250.37267479021102
48.72414072119864
264.9735639912833
245.5493446884575
59.12515834773512
232.59760795619513
79.0410561891913
224.13250387353037
102.42506394529482
125.28543781095505
250.3829219503241
48.703545707059675
264.97649767033
245.5484156031962
59.124689942509576
232.59812597854034
79.03978680102591
224.13327407991164
102.42283681088156
125.30329765699571
250.37783183029387
48.71376514867734
264.97496873154887
245.5488639711184
59.12467574224138
232.59785918810667
79.04023361342843
224.13302639454923
102.42369155488996
125.29686610845238
250.37965891257045
48.710027964247274
264.97572255521663
245.5485267000695
59.12509167916869
232.59810380574345
79.04025735478353
224.13295548394672
102.42414303984697
125.29298558715527
250.38114346555813
48.707028710749
264.9759158435918
245.54832401635213
59.12508342497313
232.59731074269803
79.04128168975876
224.13216067485337
102.42683639533061
125.27101147214125
250.38802266324637
48.693016148143215
264.97753320606716
245.54766430772725
59.1248778928566
232.59843364301196
79.03955444773601
224.1334329356032
102.4224988961796
125.30588783162239
250.37700225123262
48.71529408491915
264.97447750555875
245.5489003454859
59.12528596237826
232.59764190028363
79.04054421294131
224.13298377428146
102.42363545365515
125.29748950539215
250.37934091870557
48.71067915549793
264.9753009967244
245.54866784506885
59.125122618774185
232.59796612757782
79.04045177542139
224.13295752284466
102.42428031560848
125.29177633479412
250.38116646785056
48.706934580157395
264.975695304689
245.5483133672533
59.12502637116995
232.59823642106494
79.03943402924051
224.1336285834841
102.4221027254971
125.30896916278289
250.37586164772802
48.717757304082625
264.9744629705674
245.5488201367989
59.125411983637605
232.5975826329086
79.0410529604269
224.13248835524428
102.42548634887498
125.28227292723022
250.38437500529108
48.70054861983226
264.9763703943754
245.54812612140086
59.12478328992438
232.59808363538468
79.03972849187267
224.13349673940684
102.42257023201091
125.30532054627838
250.37732106614567
48.71475644411112
264.9749688193988
245.54809656439465
59.12555862017325
232.59790177595278
79.04014242970152
224.13316652766662
102.42362637964834
125.2980305441015
250.37916820323153
48.711122883614735
264.97502752447326
245.54860065452522
59.12501290414366
232.59797552747477
79.04002002786729
224.13324178887706
102.42326598911313
125.30002778582275
250.37863725530042
48.71216274383187
264.975021072838
245.54818464448908
59.12484257457254
232.59831297394703
79.03977654849587
224.13351698996848
102.42200329773186
125.31071328998951
250.37514431627642
48.719221106599434
264.9744475240004
245.54910749592818
59.125013689510524
232.59766435156052
79.04082573963387
224.13258056422637
102.4253974420426
125.28318187434343
250.38392898651364
48.70132306411688
264.9764593400905
245.5475496227882
59.124970252698404
232.59816626591783
79.03951195366972
224.1337310254603
102.42158335237764
125.31309644650901
250.37474155396922
48.719875694747316
264.973785845752
245.54929310973966
59.12507575828931
232.59759506942646
79.04084339854307
224.13261953523033
102.42529810276756
125.28325438477623
250.38378582306905
48.70162455693935
264.97667821012146
245.54812467364536
59.124683487272705
232.5980058231944
79.03982032173371
224.13289053300105
102.42423451688956
125.29179557785392
250.3815745228494
48.70608462418022
264.9756949038565
245.54842024216487
59.12464644268039
232.59816727867292
79.03962402326579
