287.2535212204271
102.28677809696052
10.69708053563636
259.12185006629363
199.26773434294228
216.4859245095829
167.90321640633465
195.9720558635854
220.49032571597945
167.50510652683533
239.5223735313375
78.50465685180507
114.46609465538131
266.14781715832123
189.2818928250831
227.03628734423637
115.53909761481555
212.7224257382677
176.27341285250168
254.90408479932012
204.9697265486302
205.79483576122038
208.51719407697692
196.18630928150924
58.86874972442001
211.77132728062315
208.0657871851463
179.91847687519112
249.4166874150933
55.61547765798241
255.81294953081306
48.11293591127287
219.98889304002205
138.86425171055453
81.45764692577177
261.30870249633335
39.7678063517742
225.05421602032948
124.0669825396526
165.1361744204005
189.39628851882298
253.52684698535086
203.30483608736904
212.87587064411127
173.12020249830675
240.42652647328032
76.5906199402416
96.9704027627904
259.64736779725536
41.985244266774316
223.6684427117798
131.27121687800536
105.62029573244399
233.35519368315363
92.52291722816153
47.782268146453134
252.2499332735133
51.691268130558456
215.4401614924318
183.32605888092803
232.22264029510916
97.02515073748509
232.3945276974464
92.15139157630256
47.805198833455506
242.06124159303
228.312224030351
97.11494666811814
21.432629980239653
263.37145569286076
40.72517135280577
223.8462451696505
121.42539322184166
244.37764982477165
215.7276705384902
171.82004755485832
157.15304688159813
12.777772205365181
244.97234815461343
67.36449137214731
172.0175373178099
235.44383100102277
105.19082884852833
256.1038357271209
46.97135828010869
220.23432346467598
149.68971568984853
228.2331683258235
105.11833855781151
5.474945017424034
230.11836407135706
146.95548875649183
233.9074774165092
266.3455458618373
5.9967698953914805
235.4713182798405
85.89813088509254
65.80110069962029
183.35121267876457
146.07178430562635
234.76380242281812
266.96022099420225
5.982553707439365
235.35927912066109
86.13578928809147
65.04329909855369
250.36436215026333
210.50681779787192
191.55499675229657
70.36381192542467
176.40474647320298
234.1340018863193
231.9743771523099
91.55395272426176
46.94220982953266
260.43814678117633
41.60554348134974
224.2448403699127
121.79373562532419
198.11211710275893
197.21760897072818
249.7852579904211
57.42232441796659
210.22839610268784
178.5581870242313
253.07988308434506
50.317420471372316
219.14574004900714
145.1486586755127
56.841669383327826
257.9571612472282
43.56256951397154
222.28369548393312
141.2718685048785
232.8811891542682
92.98285058901092
48.56614293196253
229.53936395232085
234.51453889919867
222.90936189566128
135.7012712483338
235.91964174403984
84.05987427444052
71.97321936849767
258.35274115463835
53.179962024863926
207.29478897144872
185.94914411266654
252.68401016098505
206.27316043897736
204.64737035308644
208.25074137465708
202.5940938747881
212.8311543455129
187.08351474549272
82.00402836538706
83.79927415670682
258.22986777167534
203.13194241575547
207.91531063122238
206.5849374561585
195.7636621848942
61.50411615976918
228.00623175232613
163.35354996878596
211.45410737895872
22.65908091195888
264.8826036692917
11.259462584916037
234.91214568493888
88.60754931245174
235.93001632267988
83.47882516229583
73.32030976743408
256.208455206739
46.2356306251022
219.99250641940307
158.14437446856027
203.2275197326162
44.60033559551084
257.44321489352296
43.96547056019335
221.74732820941426
144.87928860111424
229.4472739836201
107.08748584894056
224.90223660655465
119.2104349805013
245.2352338545752
71.91871758236084
108.70280800009641
256.89474825639627
45.508306653129694
213.03666418025387
252.78324373198848
53.865659809394856
214.12848534964724
162.25925374210783
11.738768452734803
263.0907015796038
195.23879227173165
219.84195886627276
158.80316074577422
206.79233267150266
38.73466455841117
217.0364909396303
199.4314065484432
241.25703563333082
76.08350949548912
239.4517646880413
75.93535473875818
108.83606737163063
249.347693783493
57.73091406682943
208.26786646091932
205.63884611642425
209.126261472622
198.60756445024163
220.59555961499427
138.29089729751286
81.75679199244769
236.1665311619654
130.30756492962246
234.22646066547895
247.20221126954857
70.92757484650065
256.9673936890176
45.00038361145562
245.86609477128513
62.64651751002384
176.9432588030395
255.70285613747546
201.6264117212122
214.33836156966572
171.54363461017056
188.50449363138614
215.24017978891789
10.266439774924947
260.7119851452444
43.133895200175175
222.72143029546714
125.1505236115845
182.3459319720787
211.26678477234236
246.5856768323065
212.72730496894656
184.07227911128575
90.75371671464382
53.90286855932209
254.78676141773758
205.2643500918566
206.48567282308068
205.23172112921748
208.75292890615674
199.4921485171144
219.20171294914326
146.33507948744227
53.00768232958944
237.44487653006945
108.5893687445714
240.12385796537274
108.1522255436721
243.87290567116725
249.37798354323604
208.70185233612574
199.959616151129
214.74487981191487
183.01968135946663
95.16470307380223
24.232399408254423
264.44416289509536
38.95164142175054
225.29542371560092
115.87414954943233
245.5183022596393
70.36440401933942
123.69035343034193
253.36205560402595
51.503225141292205
246.10875927851885
64.29071205755463
188.64002831379184
224.05110924859764
235.47698018921074
83.71099593020335
72.44084502139594
256.1788978853583
46.198467342721415
219.48804754839512
164.45048025276628
161.76068015344208
225.72110078515834
106.7428061337996
12.6306610169122
257.18620064348215
46.65563374418707
221.24539904898847
131.93283211400558
126.2358650114038
247.79333130444866
225.03675826069957
119.40682603709865
255.54143422561174
46.54487708961824
221.0463999943895
141.52464819293527
65.28284377162345
249.44623445645266
212.09524855860218
185.0678199941467
88.84296007745434
64.01282696737326
231.24960645662213
101.4940678113926
14.392510885125375
265.1732941646769
191.1776085813035
224.5205208708503
131.45478387239564
101.4432718281605
8.361703195841983
252.35791955751483
221.00760423296015
231.00488955082255
103.7956734297477
222.7802990191849
145.6243913257058
227.1137291373161
126.14325878975797
238.9819891044899
79.09982508175017
239.59744610270718
75.82549555326113
109.76397922814067
231.4300552806817
246.55835081874102
70.579361897122
255.2802027730213
48.69656985787151
256.4854946981068
46.36468403378967
221.25205833169457
136.4687877973338
89.28916087596735
235.37208196971915
134.48307097920042
227.98522205396148
184.05605949000164
191.75170945374703
102.75786872037861
245.20820545729657
66.60219438766944
248.83974862752075
63.33907734842796
243.75384464747913
216.6285668303317
163.42776575461903
207.90099604119314
195.5177699616761
62.84514521766687
256.9913568157499
48.032325476480764
219.6700172557903
139.88858430908294
77.70545615001174
261.652163470324
39.301187583158026
225.29333581221
123.26503629650688
169.1087316453777
185.49867261885083
114.20663630742638
253.08643386460608
52.79687612474663
242.7335676689254
71.03636821282271
235.5313514645095
97.4070090867026
256.8542344517191
45.81833538369392
221.03583493741462
144.55872855673078
59.85835547716124
226.70746112972847
117.88588552852161
244.23930300767825
64.83059262877214
243.83809195057256
71.1394798749534
126.78255011627334
252.67947389069013
52.715193901763996
245.8604732814274
64.63393281635945
187.20465538195276
225.64016898279078
234.94276019162498
85.00151399582683
67.35234650675557
256.69688322105503
45.28175424443907
218.62532492689206
176.1849102590204
231.6241898759181
114.54724578365858
227.41595674432756
167.15292533945467
208.25240706563636
28.169502303615445
264.3502465845668
15.465459140526946
233.9648499439936
92.50056803255575
233.26482762713567
90.93772894886206
52.5655233458092
252.94498403526086
207.48827734505176
200.50105508406705
216.8520372863859
160.45421180098492
5.54235223584692
242.8945179642178
70.28925671997422
151.4238107617275
246.2217046933074
