287.6562603453288
242.94290209556272
182.64326787635378
59.70860059319136
196.74050293688583
242.20321210364796
193.21037237506516
240.65740945018956
189.94834502586127
242.71573311317297
180.15408407807035
64.69109775782681
135.53085871297662
240.47276879735318
175.8115554377482
93.27805379250094
263.2797103491175
119.03213674246763
234.2130998280345
213.7065925765628
225.2398698242414
219.93864593183298
221.43549743653148
222.20613139633224
219.97651550302635
223.09406022001622
219.3527325790983
223.50987354468998
219.01371031120834
223.77013238135441
218.7627368707017
223.9856510146983
218.53170088504703
224.19597054161022
218.29422653612892
224.41430676519667
218.04004845619966
224.6493952534638
217.7642377047323
224.90262632187478
217.4614855496675
225.17727584608292
217.12818390621032
225.47772986672499
216.75988432744816
225.80572713064248
216.35058137586202
226.16620297700865
215.89333050694768
226.5635745447762
215.37942869762082
227.00514534615832
214.79653451711783
227.49713300581607
214.12866541492258
228.04967889178624
213.3579069589032
228.6777476477073
212.45219431968144
229.398624557929
211.3682851666017
230.23936151778616
210.04259368146086
231.23678442107484
208.3706030884714
232.45022259107645
206.17654503020094
233.97234786197077
203.1353336398024
235.96131045999937
198.5909649586465
238.69463837271542
191.1274831197079
46.527332726887835
219.90817642505863
224.14046233492627
220.97450698595276
221.0286391410009
222.34690561550815
220.02060010669084
222.95092708769516
219.5806342687465
223.25529280999035
219.32458953039531
223.46074241733368
219.12322764630517
223.63908819626158
218.93236754335885
223.81598277425292
218.73392870933458
224.00245521074976
218.52063311631719
224.201838690351
218.29053521957758
224.41665448748608
218.03844014889546
224.65019575445694
217.76278256287333
224.90308674110202
217.4602816792867
225.17757176921077
217.12759410501894
225.47811504654965
216.7592181934051
225.80599595060994
216.35018432491051
226.16699341874119
215.89289063290198
226.5641020804942
215.37884767987634
227.00493854084198
214.79618389224197
227.49771873593272
214.1287430368393
228.05047739350266
213.35775557712623
228.6780995140798
212.45189500190463
229.39923572766565
211.3678129117834
230.23989140623598
210.041670796978
231.2371750366292
208.37019021665037
232.45035658744746
206.17666752395598
233.9722448720495
203.13609215919132
235.96036349903443
198.59352357483294
238.69341524064657
191.1302786639717
46.52536960629368
219.9075590452776
224.1404531201115
220.97413439319644
221.02807055766607
222.34676934582967
220.01944221111626
222.95227713518398
219.58003332030785
223.25708653956826
219.3230358919609
223.46236160211993
219.12195148319006
223.64131484492827
218.92938650125143
223.81912466447102
218.73092488321709
224.00509913095448
218.5182185182639
224.20479789804813
218.28716249705758
224.41948631740524
218.035068817946
224.65224490916444
217.76048196087504
224.90477739484777
217.45819232339272
225.18071287737257
217.12398726258834
225.48131967943482
216.75504005084804
225.81010736786993
216.34573187456408
226.17039795704477
215.88785154747893
226.56879927555565
215.37300468171452
227.0101844916062
214.7900045117276
227.5024117403009
214.12212572027784
228.05642343262298
213.34876416488987
228.6849714536802
212.44116861058137
229.40776866069064
211.3552128165902
230.24918957239424
210.02623295757076
231.2486942758187
208.3503009166452
232.46458889958012
206.14962461881078
233.9896866434501
203.0991674315228
235.9842435923929
198.53509491002478
238.72643020130636
191.03127036581282
46.555567974173755
219.98496780521964
224.09816245864204
220.9847678088263
221.03531448792637
222.32952184096212
220.04632547566143
222.92250319838786
219.61517408717918
223.22108224567637
219.36355728367926
223.42312234015117
219.16619971425825
223.59833634681854
218.9787047068312
223.77259018502082
218.78439361621713
223.95538489209866
218.5759469878176
224.15118065017305
218.34928146164748
224.36196552593174
218.10353924057563
224.59003191901138
217.8340474778597
224.83767246660864
217.53939056653326
225.10686885376344
217.21412506335764
225.40061135121505
216.8547654938884
225.72110101227008
216.4563157394441
226.07350033942203
216.0121570606716
226.46115292627655
215.51335496481624
226.89046516006056
214.94890276937804
227.3689557470061
214.30445473529107
227.905974353067
213.5610001409368
228.5137730037095
212.6920702962525
229.20985186951293
211.65737779837218
230.01749949624354
210.3996146024001
230.9707406837406
208.82752968328714
232.12339386195526
206.7863218452694
233.55683481572487
204.00074737155228
235.4084928896773
199.9255945087789
237.92072616885707
193.38729683574638
241.38447084209474
183.53356445376994
57.165248402321595
200.77797090609965
241.61488627908693
185.6042860122834
53.40847050193406
213.7580413066753
231.8184983429528
210.3986232768366
230.79955586201686
209.74157783603005
231.33025563509727
208.43442615347158
232.35327166826755
206.45387262939767
233.76431562913058
203.61519744517864
235.64768434650614
199.37654516354087
238.23865045563434
192.48358273242775
47.2439532137214
216.42203092914133
226.96958190308942
218.76563001707837
222.88683592618327
220.7070698460302
221.60541793527955
221.44798224094848
221.14536518231034
221.72888535348466
220.96250196386245
221.85108144748665
220.87296376701852
221.91963918085094
220.81531238659227
221.9707153543568
220.76591934179305
222.01802563435922
220.71749891611398
222.06547476116975
220.66719991316495
222.11655513421283
220.61286106581974
222.17010712320916
220.55501262960024
222.22834797672112
220.4929941281298
222.29138680608594
220.42634848238959
222.35747649088444
220.3545027539949
222.42984203074593
220.27663555648178
222.50730337954883
220.19282344524981
222.58996314734395
220.1030004957429
222.67956565319037
220.00639212595706
222.77542971125513
219.90104855321988
222.87814017366327
219.78848700341769
222.98854774460779
219.66611987185024
223.10758064546098
219.53448686975753
223.23554017483548
219.39206206754898
223.37315028969897
219.23831862714724
223.52214719906624
219.0706775199069
223.68211076779698
218.88797127491853
223.8546409842238
218.69123223157658
224.04151881919825
218.4766872980399
224.24225707743608
