287.65692978132387
227.42962272260462
58.23190135023765
229.877759426073
247.08306966623468
241.33608246530434
242.97991042095077
242.45196558441603
242.61508200397157
242.5628144457678
242.5792352939966
242.57487712190914
242.5759509402087
242.5752202163858
242.57606989309534
242.575823638751
242.575637278077
242.57570952673723
242.57505526955265
242.57588528414908
242.57561381665982
242.57573274575225
242.57607441420168
242.57595378052065
242.57579169098426
242.57578362137428
242.57589456236929
242.5756148035016
242.57507573544353
242.57596789032505
242.57508737107673
242.57606908947128
242.57512933385806
242.57528797168015
242.57598764543764
242.5756526205496
242.5753354339122
242.57593485985853
242.57516478022808
242.57531545337042
242.576053029381
242.5760961347787
242.57587003535446
242.57503210319555
242.5753796938061
242.57500134155998
242.57570557099461
242.57586287063168
242.57569096909356
242.5758101766005
242.57579844673455
242.57598637820047
242.5749066778517
242.5753487134789
242.57512774030693
242.57618835706307
242.57499479149192
242.57609101580965
242.5758026732292
242.57520237134304
242.5760765314517
242.5756882463138
242.57556258136174
242.57599833350105
242.5759694039807
242.57503255104893
242.57552842421865
242.5749950033969
242.5759681002819
242.57557495047877
242.5756606668583
242.57575788505346
242.5760729675094
242.5758573271014
242.57570132923865
242.57530745109761
242.5749179344566
242.57539930813437
242.5758396136771
242.57583667845756
242.57485142171208
242.57621053036564
242.57597454692586
242.5750832262347
242.57529986469672
242.57538019719868
242.57591219597452
242.5752743705816
242.57581138484238
242.57531190001464
242.5754273100465
242.57521960704617
242.57586265617283
242.57572283167246
242.5756167793952
242.57583823498862
242.57523379933264
242.5759555202967
242.57553433893918
242.57525301297574
242.57606940733967
242.57588955483516
242.57541453494196
242.57578846046817
242.57613470787328
242.5756206711303
242.57564451504732
242.57524120829476
242.57592072248372
242.57599721694714
242.57597779080243
242.57518696039915
242.57539285413804
242.57496259093023
242.57605937535845
242.57564695144538
242.57574322361324
242.57524182098132
242.5749807508182
242.5761976957874
242.57561115233693
242.576106384382
242.57590534579504
242.5752717115247
242.57582927551994
242.5756828713711
242.5752098396988
242.5752552017293
242.5757811714575
242.576014833714
242.57582862437266
242.5755510279705
242.57576396661898
242.57490328088898
242.57589262926922
242.575705321462
242.5755577222444
242.5749382527356
242.57586800918943
242.57550862980133
242.57540311553748
242.57588857707015
242.57524404835567
242.57573621965275
242.57537202725507
242.5756971144947
242.57584655758546
242.5751919347167
242.5753240682534
242.57587820499612
242.57571409110096
242.5757499222309
242.57532896037446
242.57612600229913
242.5757258119338
242.57449167699815
242.57604569334944
242.57525183999678
242.57579435208754
242.57493582001916
242.57564404731238
242.57520932627813
242.57593380760227
242.57539110619837
242.57506207513507
242.57580017608416
242.57513574860786
242.57590271482331
242.57446431859717
242.57607810531772
242.57506365301379
242.5755304351187
242.57522011180845
242.57534755628149
242.57599201658013
242.57521615867154
242.57572917838115
242.57480176968966
242.57617188319273
242.57572639478894
242.57517221326998
242.57601711402822
242.5752031706361
242.57610654075688
242.57591602981847
242.57552563103673
242.57605532268644
242.57517306705995
242.57582019471738
242.57562090046122
242.5756726415275
242.57488106958044
242.57622872876527
242.5753158866719
242.57588227650558
242.5755361965712
242.57529482735845
242.57575282883772
242.57610741251847
242.5756817412621
242.57572828758566
242.57528805140464
242.57557651829848
242.57578907060088
242.57607128702512
242.575601426317
242.5756912188226
242.5756108036876
242.5759571767121
242.57554642298783
242.57574750295316
242.57513860256586
242.57531143123924
242.57587044853426
242.57510167360306
242.5760486114741
242.5754928184906
242.5756962828309
242.57525738047843
242.57527295501495
242.5760276732617
242.5756997096032
242.57564516121056
242.5760427002242
242.57543653329776
242.57578302374168
242.57567796511285
242.5756483235309
242.57567813820788
242.57610879233107
242.57561206814717
242.57524267965346
242.57614520237257
242.5754535868473
242.57589491916588
242.57567014453525
242.57540241586685
242.57586201767845
242.575695497173
242.57534697877418
242.5757226109272
242.57569547649473
242.57605025649536
242.57567217877659
242.57522816903656
242.57535504293628
242.5760342979629
242.57508896764193
242.57621822392684
242.57599154044874
242.57562261131534
242.5759193757258
242.575957849549
242.57574012313853
242.57572464201075
242.57579009004985
242.57588368321012
242.57569036335917
242.5756827788864
242.57571136247134
242.57595229399158
242.57507831240946
242.57596544889384
242.57548301914358
242.57536823178816
