287.45614786698263
234.09831036341023
210.41038776995856
232.21055385482668
211.57776048492883
231.34753293972403
212.53518111967105
230.7330951079898
213.25102255580123
230.25545257727163
213.82012471804455
229.86002160464386
214.29748607144074
229.51754735202394
214.7151844121845
229.21022288888616
215.0909315324543
228.9275311735637
215.43612435401428
228.6638150748504
215.75657020201743
228.41491569648042
216.05815071758843
228.17806910812124
216.3430157372377
227.95172276309495
216.61359521828126
227.73435296778007
216.8719159426273
227.525294750405
217.11816402170552
227.32413659273152
217.35391909335885
227.1297150850678
217.58002000020497
226.94182169561282
217.79641026697755
226.76123939338322
218.00439743115385
226.58619288459522
218.2034164083816
226.41767479882947
218.39363017351752
226.25501920292118
218.576694141786
226.09813407023648
218.75205653913872
225.9473405468616
218.91964824824754
225.80197318321916
219.0799946718853
225.6622912591447
219.23363789703944
225.52762226076447
219.3806266175452
225.39853085519644
219.52121323980464
225.27366385687856
219.65641098353808
225.1537903791832
219.78566189873163
225.03846706652985
219.90964681345213
224.92755468941687
220.0281555948277
224.8210271572898
220.140780636586
224.72019169762643
220.24785981732566
224.62282029224662
220.35097273159408
224.52885080567648
220.4493543002427
224.43943586707246
220.543777802759
224.35296504171856
220.63378332899447
224.2708644292543
220.71924691867753
224.19187070673797
220.80128063433585
224.11638500189292
220.87927322434916
224.0441891418668
220.95410726306727
223.97481527546552
221.02608310901996
223.90816540130618
221.094021066805
223.84494280855142
221.15896876839543
223.78436632852026
221.22070674126735
223.72680106291227
221.27938757116863
223.67182596072962
221.33539433333863
223.6191922878861
221.38908851384986
223.5686785353464
221.44047547037553
223.52011163053612
221.48986443467948
223.473658656545
221.53662831588736
223.4294011629172
221.58119934072602
223.38751784063788
221.62356873402314
223.34722340972075
221.6640728575585
223.30891649047408
221.70275509625935
223.27230933131796
221.73937563913205
223.23709700177278
221.77452193152567
223.20368340693676
221.8081602475504
223.17151992730942
221.8401716387525
223.1412828900866
221.87057195504894
223.1118850549683
221.89996501785936
223.08402964795823
221.92776903442427
223.05717430200457
221.9542622402805
223.03215622666175
221.9792719100078
223.00796949527285
222.0031553430308
222.98474055233237
222.02667025545088
222.96229201064853
222.04863935096364
222.94124411534722
222.06937245181325
222.92124818477896
222.0896224250464
222.90174905779713
222.108899968458
222.883165519248
222.12701012169418
222.86566752655926
222.14453542094998
222.849199037395
222.16059236091678
222.83345743317477
222.1763233872407
222.8182475368958
222.19142011035
222.80390735465335
222.20548732803582
222.7897940108378
222.21934203834098
222.7764886409568
222.23242770317302
222.76384057958785
222.24488607813691
222.7521697981647
222.25653485435032
222.7405790888006
222.26835856320395
222.7292527686368
222.27901472146186
222.71875503756746
222.28971505523077
222.70832918923406
222.29969433883525
222.69853899137524
222.30883310372883
222.69038340588304
222.31706388937164
222.68215192427306
222.32544364881323
222.67393035082932
222.3332959410618
222.665983476385
222.34146998090728
222.65819681898574
222.34890348820045
222.65098151395068
222.35611026831612
222.64410248654895
222.3627186428348
222.63783426769805
222.36854618066718
222.632529735587
222.37441812304314
222.62647370438208
222.3799416111433
222.62075116828055
222.38631868777884
222.61449246882694
222.39177462874068
222.6096907716419
222.396416029158
222.6047742528608
222.40112023099937
222.60022111930448
222.40593804462696
222.595469246844
222.41057593478763
222.59116017701308
222.41443272591277
222.5871485727912
222.41836766915367
222.58378046810685
222.4218260894413
222.5803141702636
222.42525956322788
222.57685493257304
222.4285964477458
222.5734164166788
222.43221156140498
222.5698903612356
222.43550766944827
222.5669131570612
222.43812380571035
222.5650099979539
222.4401591704518
222.5621619818412
222.4432181414013
222.5591271007288
222.44586531052482
222.55693678144598
222.44793163966096
222.5548935689876
222.45020836270123
222.55240574060008
222.45272170421958
222.54998244773014
222.4550038397574
222.54764075409912
222.45760029258963
222.5454555228789
222.4595285791147
222.5432986067317
222.46171657885134
222.54104696896684
222.46352618708625
222.5393839351309
222.4653306445107
222.53765396897506
222.4670021538186
222.5360793806467
222.46848331196816
222.5346889741777
222.4698807435634
222.5334340556874
222.4710010320705
222.53204483941954
222.4726329215482
222.5305920666724
222.47397166588053
222.5291819467966
222.47534219270165
222.52806245538522
222.47642152522167
222.52699151742854
222.47744855745987
222.52608824218623
222.4782687589177
222.52513328309578
222.4791675061424
222.524338991454
222.48016038951755
222.52328095401754
222.48103480214195
222.5222098074446
222.48181745235343
222.52270786966255
222.48175165912835
222.52139279799303
222.48316154052736
222.52013376209652
222.48448142173584
222.51903900869365
222.4852525313181
222.5184302990674
222.48601191362832
222.5173505108396
222.48693913228635
222.51626252364076
222.4876615616231
222.51639618755144
222.48771011503413
222.5156972193363
222.48854373028735
222.51491430107853
222.48912041349104
222.514359107372
222.48970055232348
222.51400718155492
222.4900873752922
222.51340200581762
222.49071887665195
222.51335010840558
222.49090461770538
222.5125183515629
222.49149477962055
222.51186573800805
222.4919406055851
222.51196177046222
222.49245787148539
222.51147698430577
222.49261814042984
222.51115703342657
222.4930228950834
222.51056779835199
222.4935039190459
222.51031374710146
222.49350409385806
222.51089204843447
222.4930679629906
222.5102794131817
222.49424691565218
222.50946277829644
