287.92933816728555
269.63049093723146
270.2683261592256
270.23782820247607
270.23761019321046
270.23876232806606
270.2384293310256
270.2382055410908
270.23835483302446
270.2386199197663
270.23820060250637
270.2390255143928
270.2376911405845
270.23731466252593
270.2384898439477
270.23849222075114
270.2379587672276
270.23911945648433
270.238646084641
270.2384552555268
270.2377057070935
270.23926817555184
270.2382323169386
270.2380865353098
270.2380330840115
270.2383547634745
270.2383566182343
270.238408683379
270.23770026697093
270.23821191000025
270.23818564780595
270.2388217527041
270.23897263095205
270.2381905748589
270.2381996956501
270.23809597692525
270.2372202386614
270.2385469755718
270.23848102094416
270.2375514964806
270.23897544092324
270.23856951534253
270.2383299824505
270.2384204023838
270.23798593410174
270.2385654311147
270.23902486635416
270.23825661198134
270.2376276139148
270.2386256064856
270.2379515598186
270.2377692068767
270.2387700776453
270.2380625927217
270.2373175472312
270.23780518813146
270.2372735338431
270.23848147475655
270.23865866701817
270.2381124657695
270.23831351940316
270.23916992956947
270.2379029862641
270.2382751579353
270.23789926897734
270.23827070340485
270.23800607273006
270.2381726516105
270.23701052268734
270.2384689524624
270.2381524132288
270.2384204061236
270.2387964619411
270.2388492660466
270.2384969610648
270.2374493062671
270.2372786103806
270.23826681318315
270.23737831592734
270.2380890921486
270.2388279583756
270.23853922940907
270.23895241155697
270.23735596545157
270.23874908155267
270.2380164281785
270.2371827884781
270.23793406136247
270.2384390845182
270.2382615234528
270.23749768749985
270.23851731742616
270.2382637769915
270.2386048023909
270.23836993607256
270.2381227218357
270.2387565609097
270.23783849485335
270.2385391541029
270.23821841186873
270.238324934151
270.2380117660214
270.23802252771566
270.23786505582393
270.2379642583546
270.23767253861297
270.2382326727602
270.23826335995545
270.23830121572246
270.23817433117074
270.2387920574256
270.23782683431637
270.23837954051123
270.2385729171365
270.23895840179466
270.2386746531847
270.23791910095315
270.2386064045713
270.23824187649006
270.2385040867666
270.2383475133247
270.23820165655343
270.2385460079822
270.23747004130564
270.238341155753
270.2383814094501
270.238539181737
270.23803919639613
270.2380387311132
270.23864180929377
270.23828122725536
270.23826180580363
270.2385232374363
270.2379401580256
270.2379324641515
270.237942052001
270.2383700426144
270.2386651287088
270.23849169601453
270.2380318790674
270.23825254876283
270.2383875943342
270.2384787041665
270.2383911397774
270.2378002158366
270.23865411368024
270.2387005780474
270.2380219878105
270.23704947761144
270.2388693284156
270.237981919694
270.23854840344575
270.2390775283857
270.2385417651676
270.23842927542864
270.2386691002466
270.23824057851743
270.23812275564705
270.23861078616756
270.23854773469793
270.2380031382636
270.2382797308528
270.23830391888623
270.2382855021715
270.23851866326004
270.23814466975455
270.23705694075034
270.23861924342054
270.23749366730044
270.23868712590775
270.2385107176524
270.2382600713754
270.23825734917773
270.2379234744876
270.23748031354626
270.2381252230407
