287.46560717425524
76.57967448509555
259.20015371963234
165.11617321253084
226.98098698992294
224.6284003707285
226.8249311733539
224.13120258536992
226.59450764358007
224.43536136677176
226.27327141750538
224.73868533967243
226.01417866042993
224.9620825259385
225.83004615573373
225.1166969318674
225.70390991892327
225.22125495224736
225.61823204845587
225.29239919211432
225.56007926908114
225.34012926080686
225.52073391985596
225.37249681400044
225.49435124096908
225.39441307787
225.47645717382147
225.40905941613164
225.46424322269377
225.41894898264763
225.45629176136572
225.42561256754925
225.45064828484828
225.4300820288463
225.4470623592115
225.43317526988722
225.44464691870417
225.4348634385551
225.4430592416702
225.43649367227772
225.44164211068892
225.43800174824355
225.44058092992782
225.43857102818765
225.43986425842013
225.4398089196402
225.4393476555124
225.43959528645973
225.43943906507593
225.43936839128037
225.43923685133268
225.43958475898762
225.43926174006265
225.43979165775454
225.43918432240753
225.43960673163383
225.4391864194913
225.4397001852958
225.439343728136
225.4396786557263
225.43901492352234
225.44000648561996
225.43903659416173
225.4396940220613
225.43916700637783
225.43992846233596
225.43909289542717
225.43977942454148
225.43921028287878
225.43964097852222
225.43946341714036
225.43943021365703
225.43960526756564
225.43940398776977
225.43947268688862
225.43930041995918
225.43988381005693
225.4388918673758
225.4398858862114
225.43939602448154
225.4394346045774
225.4396188846622
225.43923081222238
225.43974648177027
225.4390553975536
225.43966611108408
225.43939830226736
225.43945574113604
225.44009447895587
225.4388978667048
225.43988432492915
225.43953387732836
225.4392875976664
225.43965496081364
225.43923882658783
225.43977553133664
225.4392080293619
225.43987936741541
225.43892559965752
225.4400876943655
225.439030479527
225.44005297049807
225.43895437510218
225.43982986600895
225.43915889439086
225.4398710803216
225.43916065079975
225.43945909180184
225.43986564490478
225.43899946172314
225.43964970709203
225.4394280207125
225.43951427145657
225.43943652834423
225.43944744521286
225.43931428447104
225.43953229067847
225.4394813940453
225.4391101843794
225.43976483126607
225.43976029223268
225.43940570642735
225.43945788417477
225.43918101214513
225.43992915489798
225.4388941295838
225.4397700330228
225.4391155816702
225.43970465402526
225.4393144493224
225.43945961270947
225.4393047549529
225.43949234773027
225.43930745022953
225.4392604494351
225.4401141062117
225.4387885435499
225.44024135092332
225.43888741050614
225.4400150987276
225.43892659887206
225.4397135238687
225.43924839994725
225.4397341092772
225.43918242602376
225.4397356278496
225.43912025710597
225.43974574789172
225.439226948547
225.4395646783596
225.43939251069241
225.43948053507484
225.43894405634637
225.44105964457412
225.43797989383165
225.44133500548196
225.43783981489105
225.4407000311403
225.43866284495016
225.44011463682546
225.43894089258538
225.43962063789513
225.43959933269798
225.43913358973077
225.43996201299888
225.43906875564426
225.43968326525646
225.43903062399477
225.43976452087372
225.4393448460978
225.43979819591914
225.4389421016167
225.440461107617
225.43847173183894
225.44058629430947
225.4386015659038
225.43984721521701
225.43962293543154
225.43928517671156
225.43948616390844
225.43950164737907
225.4395425632756
225.4391916515524
225.4397666978257
225.4392483738702
225.43969613612717
225.43927420002
225.4394220827162
225.43927289178828
225.43972564245632
225.43905874232587
225.43961875983223
225.4399183215064
225.439139871909
225.4397398561414
225.43918039195705
225.43978227005573
225.43941458399058
225.43962617910438
225.43938073349273
225.43948333965818
225.43959223238198
225.43945616375277
225.4396684499152
225.4392761869749
225.43944059606292
225.43948688328965
225.4394689778419
225.43933620717144
225.43950645464065
225.43947982645477
225.43959000530594
225.43936793334433
225.43965773771924
225.43931082588097
225.4397456923034
225.43921267848054
225.43983736864175
225.43907517286425
225.43975885416148
225.43906822334975
225.43966466486745
225.4392657893768
225.43954959408438
225.43921054645034
225.43945572408848
225.43952993981657
225.4395389132551
225.43933421002293
225.43969581840793
225.4391903053911
225.43968406990462
225.43903988966485
225.43993102914828
225.43886753168772
225.43988269782858
225.4389175271208
225.43964866285387
225.43920632943627
225.43968198791845
225.43925411140663
225.43962717198883
225.43938670345233
225.43940142940846
225.43974426775821
225.43916591037123
225.43952333736524
225.43949868303025
225.43949034546677
225.43938955187332
225.43977081756748
225.4390561961336
225.43961676963954
225.43928510359547
225.43969218585698
225.43916553143936
225.43982907732425
225.43934185885882
225.43946384357696
225.43948370839644
225.43955180763442
225.43942040676484
225.43965630243474
225.43919727383764
225.4397612261091
225.43924772928585
225.4394502704672
225.4399416125525
225.4392178984126
225.43962252493657
225.43940289692546
225.43946651814622
225.4394905140798
225.43944163573906
225.43951244394702
225.4391928906407
225.4394462443306
225.43961651499558
225.43921648887044
225.4396249915153
225.43957853023312
225.43955747841392
225.4392956984666
225.4394800458831
225.43944768326764
225.43931717854866
225.43951290813857
225.43949856457766
225.43941372302652
225.43968312159996
225.43926082779944
225.43943690450396
225.43986861032317
225.43905361910583
225.43977747915778
225.43916183165857
225.43962314445525
225.43924978998257
225.43945889431052
225.43934021865425
225.43963748971873
225.43915331090102
225.4399290643487
225.43916728982003
225.43952509392693
225.43933060653217
225.43949981452897
225.4394323638262
225.43959542564698
225.43923851879663
225.4398156418174
225.4389223168837
225.44007096777204
