287.9473786217345
272.15889192732277
63.156364859741416
267.55812052984743
70.46314372464872
266.66757717426594
72.25795353697185
266.3941342264925
72.89099368945972
266.28814088411673
73.15218931215804
266.2438599351467
73.2636088141553
266.2239740684263
73.31348403874017
266.215428256879
73.335168470383
266.2123997818344
73.34314620347504
266.2108935566821
73.34666261595885
266.2099725224334
73.3493003933836
266.2098859521129
73.34940753270621
266.20988489823503
73.34939106987622
266.20924032434414
73.35167471401655
266.20882898439413
73.35237883223635
266.20911419181175
73.35133768372543
266.20936266480567
73.35092796793288
266.20897662926654
73.35202126327204
266.20963926389777
73.35014755973498
266.2089429784719
73.35206678889881
266.2094579847926
73.35104235821018
266.20849059214197
73.35294820608033
266.209807247702
73.35002203240401
266.2093946025343
73.35143850429995
266.2088867850107
73.35176229073477
266.2095434332132
73.35049366339263
266.20921195782466
73.35137699542611
266.20913151460263
73.35163587155694
266.20970204423793
73.35052399163033
266.2099267384219
73.34933248623929
266.2098244059671
73.3498226570664
266.2096439962952
73.3501282507168
266.2098948503808
73.34948665384582
266.20989313585596
73.34978340491944
266.20956981193376
73.35034951162743
266.20930781322386
73.35032723921177
266.2096198020736
73.35044799329626
266.2096317540745
73.35014059706009
266.2093737872128
73.35117621280006
266.2088292499611
73.35225662615994
266.2090078333422
73.35232155424819
266.20907416642876
73.35166360218864
266.20912333534943
73.35160041321433
266.20940254467496
73.35072684472107
266.2094954666172
73.35059428289242
266.2093873098347
73.35137538338313
266.20895963190924
73.3518547718013
266.20875090101254
73.35270674612912
266.20953297645246
73.3504366563393
266.20921536724927
73.35117386365891
266.20939038692086
73.35153663431265
266.20945337164085
73.35096375901048
266.2094708380391
73.35047100856173
266.2097757960655
73.34978050936115
266.2099137928308
73.34941985313344
266.20997630157217
73.34946487124398
266.20977506555937
73.35002471470943
266.208977700524
73.35162280377699
266.2094215935067
73.3509399180839
266.2097078669249
73.35046964244975
266.20929379429435
73.35111343849712
266.20966418337775
73.34942497994052
266.20914261656435
73.35155366537947
266.2088125581504
73.35197068256821
266.2088359817062
73.3522626508784
266.2093118138
73.35098092092085
266.20924466348515
73.35087528698932
266.2085812919686
73.35353884442156
266.2087288100811
73.35249408876552
266.20888211307465
73.35200543708197
266.2083452324732
73.35342677607696
266.2094182021756
73.35068008142116
266.2095845326039
73.35020861172961
266.21017076091084
73.34907339222264
266.20963822404156
73.35004762689641
266.2093594326507
73.35108743493765
266.20954620620614
73.35122927262273
266.20947028866794
73.35067453267402
266.2090037705202
73.35194668133772
266.20914482670923
73.35159817732347
266.2091413428134
73.35136925207917
266.20968434349925
73.35062004662905
266.2093073647775
73.35080695405486
266.2094540846665
73.35039136710839
266.209572861786
73.35045238298335
266.2091802386349
73.35109546169406
266.20980880555726
73.35002663035266
266.2099606949341
73.34961801648751
266.20965401965077
73.35023723820632
266.20955675983714
73.35051168419886
266.2091422383164
73.35127206261677
266.2095789192026
73.35029776116426
266.2093008330121
73.35101675430633
266.20976232379326
73.3497742719992
266.2093805769182
73.35083353925438
266.20954634810187
73.35085626120417
266.2095609228636
73.35031771588547
266.2090173081524
73.35289536896744
266.2088490974493
73.35226646956289
266.21004059807456
73.3494307295914
266.208912538983
73.35287421009707
266.20874113914033
73.35207784749218
266.2092982051763
73.35138165040553
266.2095023406
73.35079158058215
266.2092785015193
73.35081151250051
266.2098448470715
73.3490933429639
266.209941816669
73.34914833143557
266.20975544564135
73.35003468038485
266.2089054026728
73.35206878777535
266.20883688169124
73.35251030018844
266.20941416987625
73.3506271422084
266.20868003544456
73.35396825388307
266.2092045765021
73.3511608994595
266.20966655727534
73.35002076337696
266.2096582699596
73.35018212556315
266.2097632832447
73.34979096875759
266.2094299885939
73.34994534013094
266.209905689233
73.34957677805505
266.20918827205605
73.35165067762136
266.209326729193
73.35085116109985
266.20925777095545
73.35152913934144
266.20932891618577
73.35094385825505
266.20920795894926
73.35136571172916
266.20912863437843
73.35151415171276
266.20958021898696
73.35041913311579
266.20914456414175
73.35065259960538
266.2097412389412
73.34995370471734
266.2093836491258
73.35079518296698
266.20911947535933
73.35147651411535
266.2096242608968
73.35027533856919
266.20922564464854
73.3512300177681
266.2093879362801
73.35087557544466
266.2092288473068
73.3510455305368
266.20927812672744
73.35100568830967
266.20944313626387
73.34761019005964
266.21037100871035
73.34874722670065
266.20913246742566
73.35158540675184
266.20933978397807
73.35098840881255
266.20907824567985
73.35140452321502
266.20936249035003
73.35103051515762
266.2096110284183
73.3504578255961
266.2096016497235
73.35049489091034
266.20971477785497
73.34993332746672
266.20971413049847
73.35002281676861
266.20966320153093
73.35065350492368
266.2091502751573
73.35150615726889
266.2091003112
73.35159662667138
266.2092309083382
73.3516056991648
266.2094263945037
73.35051444801502
266.20958799053915
73.35048656568688
266.2089011720964
73.35216999758268
266.20972844304924
73.34995748441725
266.2100131990446
73.34911639828351
266.209481235157
73.35097388878057
266.20966341633175
73.35014115351078
266.20883969782153
73.35213348889374
266.20904716868245
73.35153665479447
266.2092759998777
73.35110893388628
266.20914572458423
73.3512286907644
266.2094398669433
73.35089537543536
266.2088494024356
73.35229224638897
266.20951013122976
73.35080811048101
266.20964377652854
73.35026223835303
266.2092764091067
73.35097787548148
266.209275402769
73.35110737117066
266.20968279046065
73.35008187338826
