288.34137685579486
246.26577911155903
253.7160229634352
251.87160816812934
252.243534397629
252.15984345016386
252.1784697141361
252.1740122077108
252.17443767688155
252.1747235294647
252.1750542451964
252.1742125285882
252.17506005672567
252.17467991646572
252.1743864142727
252.1745060316025
252.17481462002615
252.17439675616606
252.1748944091123
252.1749291381593
252.17415198548952
252.17505200823143
252.17424694414876
252.17457939010637
252.17520501467152
252.1740719091813
252.17507329866748
252.17340292873814
252.17513819263877
252.17489626143833
252.17468440801167
252.17426911131588
252.17372964754395
252.17491373320445
252.17478312267122
252.17448320322183
252.17513482501454
252.17345457238298
252.17540132047543
252.17459864371267
252.17479710291445
252.1743507992869
252.17467050583218
252.17442961789493
252.17405802900612
252.17494165354583
252.17452187580056
252.1744680344127
252.17479848688527
252.17465592175358
252.17543109250983
252.17367833645403
252.17466241537477
252.1747486066888
252.17459198178403
252.17346865030413
252.17505514884033
252.17493851739346
252.1741113027274
252.17487684286243
252.17460209908313
252.17444299393537
252.17458907211767
252.17496014673816
252.17436886988799
252.1750412563415
252.17429981552414
252.17507009126712
252.17476264735524
252.174520169483
252.17498991243338
252.1751651401537
252.17523679803708
252.1737805439334
252.17506073663026
252.17403316556738
252.17484516502736
252.17474247917562
252.17454524258937
252.17464722359
252.17392851149634
252.174341413207
252.17525416053104
252.17452506456902
252.17475610963447
252.17488103739015
252.17470075711026
252.1747177449215
252.1749142043991
252.17508783728408
252.17424471917184
252.17499135224352
252.17479255670332
252.1733481310148
252.17558258084318
252.17441923321894
252.17430830187368
252.17492786351067
252.17461386912328
252.1749774820055
252.17472850574995
252.1747889363687
252.17396115823067
252.1752632547068
252.17427977918123
252.1741264700904
252.17505843655817
252.17432042057044
252.17420889504137
252.1745881882889
252.17516876736045
252.17411489580263
252.17471232135722
252.1746125493446
252.1749050309154
252.17505066889862
252.174830096832
252.17497836161056
252.17411340197577
252.17403361600736
252.17508532050851
252.17363616172224
252.17478705251415
252.17392870721233
252.1750677628952
252.17434234741813
252.17487691971473
252.17514314778964
252.17432344956615
252.17511421555537
252.17451760061522
252.17512389655167
252.17464816802385
252.1746293175238
252.1750074849915
252.1742406421763
252.17505777529732
252.1749028284612
252.17390017611615
252.175103918511
252.17466365992732
252.17402967085218
252.1748513215207
252.17473808643263
252.17518861169083
252.1735134447008
252.17582348081487
252.17492207910254
252.17485052870325
252.1744829136951
252.17424524605303
252.17447066313616
252.1742647714127
252.17492114326888
252.17500638199272
252.17488439651788
252.17373667436186
252.17554057615052
252.1750300112326
252.17432787238795
252.1742620399018
252.1739815347828
252.17499972994847
252.1744814793492
252.17470131233858
252.17503618777846
252.1743198078766
252.1745398199564
252.17416971799685
252.17440928454744
252.1743599033507
252.1741480575729
252.17454838381673
252.17450345556426
252.1742395715264
252.17542368391878
252.17486364244542
252.17461710225325
252.1749288935389
252.17496097375988
252.17498989601154
252.1745933094062
252.17342820625345
252.17542421253165
252.17343660298502
252.17527380250976
252.174261164997
252.17454618735064
252.17474930541357
252.17337798982044
252.1752341663232
252.1743042398739
252.17483206428005
252.17433672879997
252.17480913634063
252.17407511950296
252.1750859329186
252.17459255638823
252.17485796076653
252.17440340483154
252.1747464248765
252.17464470441337
252.1737676470657
252.174530826509
252.17500641950755
252.17486992216436
252.1749058075511
252.1751435407641
252.1745429963339
252.17426964502374
252.174085868377
252.17512159510807
252.17464238603134
252.17397713131504
252.17531648784643
252.17435830456088
252.1744366397179
252.17394719463482
252.1749072392704
252.17510556604248
252.17494712445477
252.17482941846538
252.173694150566
252.17437846089888
252.17517324299843
252.17459957263782
252.17515819620166
252.1744779291621
252.17512850587082
252.1748053022311
252.17533209978137
252.174904810905
252.17495200810663
252.1750639379752
252.1747674234357
