287.9462922073542
272.0047144716891
61.90008759550096
267.54603825514505
68.50189336447806
266.7573782099919
69.9288256635391
266.5383828230083
70.38168073548377
266.4599045935288
70.55400230105352
266.4292382802337
70.62290125298387
266.41704015092637
70.65049641396672
266.41249137651994
70.66144738250023
266.40983536038766
70.66714682853762
266.40903047317806
70.6689680274585
266.4081711237459
70.6710694381718
266.408702210736
70.66980479966787
266.40830168113007
70.67040429124245
266.4083321362432
70.67028451487568
266.40837672111775
70.67033636374799
266.4081085019043
70.671705017965
266.407922156146
70.67126573616042
266.4077990997084
70.67154211269735
266.40751902987904
70.67242120820993
266.4081476030333
70.67080042886482
266.40786633924836
70.67151594163988
266.4081413886979
70.67118580585884
266.40834581937816
70.6704353122168
266.4070831264471
70.67342263355204
266.40783642633505
70.67125789320198
266.4073275892515
70.67274056206952
266.407434916111
70.67432203785211
266.40813685877947
70.67074905069603
266.40866818917857
70.66846300870748
266.4086577945018
70.66985771293184
266.4084290798128
70.67016909743325
266.4084515997638
70.67011984490819
266.4078482953155
70.67132911385124
266.40840749104245
70.67033465775239
266.40811839588787
70.67082464458872
266.40837410938184
70.66987526776211
266.4084142740576
70.6701110899121
266.407992572229
70.67055829768287
266.4076933219221
70.67187421657945
266.40772050147643
70.67149274587791
266.4086263754725
70.66960638388628
266.4083764930583
70.67045071657776
266.4080184378945
70.67119505196752
266.4084969596988
70.67013583198786
266.40799852437704
70.6713978384796
266.40752638807317
70.67208010086688
266.40727580817475
70.67263281323176
266.4078693298761
70.67155710329462
266.4075155690989
70.67313187663603
266.4080347801573
70.67086926232878
266.40872604186006
70.66970152541398
266.40771275476436
70.67189267466165
266.40798900485606
70.67093142739759
266.4087127697276
70.67007513302815
266.40819458015903
70.67070706694358
266.407981048098
70.67106532509206
266.40807319808664
70.67099672635231
266.40808633751294
70.6708433842723
266.4082381679109
70.6712350568705
266.407713968998
70.67160993723519
266.4078605968025
70.6713792961018
266.40836219616904
70.67024733388098
266.4081354644659
70.67068308317539
266.4084875299013
70.66830232516077
266.407706772472
70.6715585966449
266.40757508906245
70.67194215413474
266.40790455581737
70.67129328857845
266.40809580618225
70.67095841637638
266.40770395006257
70.67189955085632
266.4076312554971
70.67030529318436
266.40783288525563
70.67181594055728
266.40788651672483
70.67126924172044
266.4081553843862
70.67101434455253
266.4082433833755
70.67081846306974
266.4077138704379
70.67181511242961
266.40853197871184
70.67010000659502
266.40847892940656
70.67005233513191
266.40812827833724
70.67067856396898
266.40791535234166
70.6715256093521
266.4075105326556
70.6719455455459
266.4079906137267
70.671055538769
266.40788223376876
70.67085092501657
266.40759506484756
70.67264427641203
266.40805200965406
70.67127539389185
266.40795899104705
70.671139886952
266.40846637753566
70.66997151647229
266.40810347190563
70.66989650513278
266.4082248401028
70.67023147393775
266.4082679531566
70.67021637346625
266.4082621687994
70.67068482222385
266.4083986594851
70.67003538219433
266.40846496846643
70.67043252140138
266.40802767477726
70.67129122945335
266.4086363932802
70.66972874556814
266.40758983462
70.67153523561865
266.4079632724097
70.67083369641477
266.40840432216646
70.670882122693
266.40844891107554
70.67015814026672
266.40843588458665
70.67012602163595
266.40850090531603
70.67178754797351
266.40772362355347
70.67180762219505
266.40819762682804
70.67050703608402
266.40723137115856
70.67275082611013
266.40827389717015
70.67090586997074
266.4079713378378
70.67137960450782
266.4076675296383
70.6721277785764
266.40796155884163
70.67099091315322
266.40756046657043
70.67177182651358
266.40767919462814
70.6718914969606
266.40782564687834
70.67153939112904
266.40779212834605
70.67140096021467
266.4081507274823
70.67064447172743
266.40754143631784
70.67151664788253
266.4077236768353
70.67152828897815
266.40810515737394
70.67082739157195
266.40785821681493
70.67175267076527
266.40793211634445
70.67134212469682
266.40792185378086
70.67114741017576
266.4079721658927
70.67164825661166
266.4072758798284
70.67235419376811
266.4070140010299
70.67325171538687
266.407867725502
70.67228643075214
266.40758267167257
70.67201384979126
266.4079983479169
70.67112837149762
266.40861667438
70.67019611701835
266.4074674654257
70.67174879499362
266.4082892899605
70.6703633909201
266.40732216034667
70.67274212739721
266.40817525517195
70.67091720052122
266.40791848595836
70.6717575082148
266.40724895319727
70.67284237411513
266.407807372394
70.67154602857772
266.40851115433907
70.66998705857259
266.4075930315157
70.67219671393104
266.4072942392813
70.67327010020381
266.40706476538617
70.67433489415271
266.4076856379834
70.67015036656812
266.40774647382204
70.67233852522622
266.4081173221639
70.67124248848995
266.40780502243433
70.67193975958799
266.40676857033395
70.67326065035013
266.4078638198407
70.67155287857167
266.40818198204215
70.67089271491568
266.408087734686
70.67081347218482
266.40814883432176
70.67083873585216
266.4080765399558
70.67089670506539
266.40823388288845
70.670052318339
266.40781465009786
70.67171389012947
266.40816968477156
70.67075917679176
266.4086268750398
70.66962170162878
266.4075385383185
70.67205482597637
266.4077981196024
70.6718174561538
266.40767203889845
70.67186165932799
266.407143009681
70.67455475675524
266.40777442800754
70.67168684584612
266.4078131985443
70.67200979823247
266.40768486764864
70.67165008786833
266.40795738271845
70.67108184898098
266.408021293566
70.6709167593799
266.40833231988654
70.67054059349175
266.40813869396516
70.67138351079484
266.4073761533364
70.67324422937236
266.4077128735953
70.67170897802862
266.40794738478144
70.67113305605017
266.40827801119303
70.67042825162935
266.4079134594067
70.67109029612038
266.4080041223642
