287.6392537472869
240.10136582574012
171.8537397679287
77.81430872432395
253.9404811179361
111.92782435219397
241.55984013637476
154.8239592849145
194.69031994841316
235.5803213559816
202.4843023224862
230.99413578404165
204.80714853203744
230.67443793846041
202.27477351035168
233.21754598235748
193.8250290662745
238.83865635052825
171.7894415420078
80.34448051103482
252.21647498394213
123.3260374719448
234.99858422437865
186.92237251786082
45.84943527820724
219.74827218824885
220.2092444928685
220.2385674617508
216.51422543594708
222.54416967308225
213.7716158122439
224.87944016132678
210.4614640738073
227.72258628020973
205.38821208773697
231.71124201154817
195.90557173365414
237.9673806142073
173.75843076862475
74.02349353518912
253.39847694481068
118.79437705399687
237.4694170002058
177.66632174234655
62.05415235970213
135.13607473092634
262.64240921746205
87.7311516595164
249.22923882644864
127.02470204219026
233.93988253975658
183.39473445477597
49.694882300718746
256.924236031542
105.50882072574313
243.46799158539216
150.53761206810304
206.82110664846732
228.6636069043434
211.97286570886718
224.04840669388068
214.81259826840324
222.42173298020862
215.6826156133393
222.1580856770488
215.45012734294505
222.6948728565585
214.42448674817206
223.85757780760832
212.5671905378549
225.68485820847854
209.50390972719106
228.3961590480285
204.23118191688263
232.4996754862259
193.8004563646391
239.15127556211883
168.8475507976982
95.26251174135541
242.40891666293828
192.16036887108567
234.54607252181086
203.4753939376933
230.0491234307883
206.66388408670537
229.20948642159783
205.38597865163683
230.96907281946187
199.85977921082667
235.18038732279456
186.21886194707258
47.90410961314046
216.90699740673153
223.07254165029735
217.71762446425782
219.1414566111198
220.02368412860233
216.97354146248472
221.79001335501016
215.0583906752072
223.52571268579777
212.75265942677288
225.64036044612658
209.40693560146246
228.53192893766754
203.83294195682902
232.8092888824067
192.785103182865
239.71935890273016
166.38279189390232
109.69025888037504
217.49006826929326
248.67390573472585
182.74593757107868
237.81260509535787
199.83327121134425
231.7839773472042
205.0375561087858
230.00688280322356
204.68448498373618
231.26773547284392
199.69289712357568
235.1833523316236
186.64423881230323
48.60656647218275
214.510573720283
225.13665004834183
215.87646408291766
220.8148779854091
218.38187324097817
218.79681848039036
219.90962650379515
217.45326191134518
221.07348800848558
216.2049668013351
222.2683879855249
214.6912150621356
223.74943587645248
212.56353567790939
225.7547028663903
209.28960947407177
228.6033966636678
203.72883657170314
232.87262503788952
192.62855762863182
239.79889259250922
166.07272768863186
111.66444936460175
216.25311019409855
260.900013464161
91.57808530538023
42.16869623808452
233.4789424388655
193.7849634073791
24.543326672421244
232.1230128285315
199.82549832036602
235.2183142396825
186.97928195712302
49.79146808337828
209.85972100044455
229.0208216316896
211.458846189591
224.8147713964645
213.58739334738493
223.74141505779698
213.7676365559455
224.12636687701888
212.56998209800076
225.518543151833
210.01091879851447
227.8982735170939
205.40231540662353
231.60960851855634
196.45284739962517
237.60236753065692
175.49056507027126
68.2076304953589
254.9308996444597
110.74239293438586
241.692616648681
156.37380238650076
185.3333837029786
240.98874836099276
187.4046148376292
240.10308424841787
178.9704324371487
245.0942917778084
149.5264050560436
205.7952114809741
231.5303027687478
203.80272873221838
231.80553064132982
199.05737420759397
235.4850201125737
186.0658102642701
49.58951460472599
213.08942105127062
226.5545669682906
214.21738093607564
222.48228576437396
216.39364863336232
221.02072621801926
217.2751448832205
220.56188003593707
217.43669994314405
220.6228730815128
217.17230550866952
221.02465214111726
216.5649129143494
221.73017022016575
215.58012394699472
222.7835257973711
214.07876376941567
224.29341873474914
211.7739837525951
226.4474728269779
208.07483333123673
229.58344173553633
201.53089199979877
234.3926968572996
187.6824671376744
45.43898007876123
219.25322703312122
220.21005712654733
220.60548710263538
215.69274450242665
223.542991078044
212.06809714510018
226.5229721365322
207.4158036730223
230.25170324724604
199.5620837680617
235.75367840647232
182.47549686802085
51.57069228467299
206.07735499368573
236.73495613176783
174.08543550762988
77.61944399446656
229.1681338733324
255.97945928001718
113.04452419384324
227.57970064420078
218.10994068277068
217.8758213257388
220.97465521263075
216.33758305395895
222.1353295530862
214.88570068696572
223.5529700012994
212.86680885239912
225.47291669620608
209.78268953741645
228.1903572238807
204.6149250925955
232.23341749010433
194.54836859897478
238.7336329509708
170.6084446120658
86.63718287838856
248.79065553532564
151.162001255012
253.3237652945827
120.44414596341085
236.342232292649
183.52180473259068
50.990776395454304
214.29262694899808
227.02416631416418
211.6440083089692
225.81252038446837
210.66713228620938
226.98688280729402
207.77689912465576
229.6242942037643
201.87524916257826
234.07051196669636
189.11587273719488
47.09586279463838
212.91267032966425
226.0291432437225
215.2839085987216
221.0990131191502
218.30994389126136
218.70025502625504
220.13561796036083
217.07591088005574
221.53461579802388
215.53955662105
222.9781978605606
213.6417851781589
224.77837753093627
210.90830079402076
227.2416556350072
206.5184325035225
230.81593939334562
198.44703216118796
236.40340181162173
180.22943079151446
55.98500810650876
166.34208648042113
150.8289335911977
248.40297042108432
183.873079927449
238.6855944688432
195.91011831520882
234.82232259606826
197.32052608640515
235.49747398425825
190.32679254295363
240.27508918121748
168.1841585975344
94.0259573670337
248.87918472793535
138.17907078361895
222.8323605190526
216.0854545328184
222.87102705902362
214.02306647195655
224.39993200697063
211.57770122718648
226.63664164861257
207.70461489615263
229.88387415726902
200.8026650246029
234.88228695857106
185.9531829796324
46.74034295640013
218.96826597015024
221.62290613737423
218.28624708516872
219.1906131963624
219.47237960273924
218.03591791835788
220.41619741766772
217.0774604097096
221.33116551327112
215.98961984718335
222.42609579426062
214.52858824485156
223.88037883098878
212.39089451893233
225.8999528474087
209.0493265848927
228.79702269485279
203.31468126611435
233.16399284669023
191.72878310494707
240.2716833561426
164.15546201857796
124.8729221183603
259.80098433782405
102.16007145489857
244.0157798165601
154.46528530545766
