287.99016918033436
147.82032360735855
261.30104634461225
212.2633971003056
241.20030157923634
226.40006244678375
234.1691618517225
230.12791087639107
232.22688581547482
231.1333164330763
231.7029356604994
231.40664869537477
231.5601110536736
231.48055590906733
231.52235057090456
231.49845984646345
231.5122043208039
231.50512069902652
231.50765762355604
231.50787876477352
231.50799570832623
231.5077112995068
231.50822568055355
231.50798397064318
231.50802792033755
231.50781222644218
231.5079732282593
231.50823715524712
231.50783936482003
231.50794558086818
231.5080964596109
231.50661182515796
231.50900748156528
231.50678224851617
231.50694934501735
231.50839520986483
231.5079619575754
231.5084206691863
231.507895546727
231.50825249220543
231.50766471917814
231.50803213208746
231.50749643386916
231.50852457506699
231.50680220633876
231.50832507041923
231.50821119745706
231.50766700121858
231.50736788080394
231.50821287013605
231.5073736155755
231.50769783747091
231.50685587019325
231.50858327615788
231.50778441840885
231.50831519418352
231.50803804057068
231.50776454160223
231.50834405179558
231.5083089349282
231.50732879551651
231.50628658580536
231.50904581465147
231.507829693619
231.5076998478471
231.50860697174357
231.5073182630622
231.50751045674406
231.50888783102346
231.50746542515117
231.50795251003728
231.5079810876523
231.5077775118334
231.50674544844878
231.50874254631344
231.50603992778633
231.50923851668267
231.5074197748254
231.5078116567638
231.5081073137917
231.50730059973648
231.50772285934
231.50883695327502
231.50788996255142
231.50878436410858
231.50703890736258
231.50913447891799
231.50784911332084
231.50775467351195
231.50800268302555
231.50802201439728
231.50743756289376
231.50849671633478
231.50707697885082
231.5080490863329
231.50802152758843
231.50788656768054
231.50633517505048
231.50961759588245
231.50583762645692
231.50888228769327
231.50742362516758
231.50802276853938
231.5073465864698
231.5079433685096
231.50817138651473
231.50818483319745
231.50802133001707
231.507386317091
231.5085731430445
231.50745772755909
231.50817315412132
231.5080469160821
231.50744965006015
231.50878598348936
231.50796132404503
231.50750575136044
231.50801811975543
231.50745708975592
231.50629807344376
231.5074219413582
231.50758033226884
231.50804816545133
231.50767414492293
231.50823595297697
231.50752501367242
231.50844928879815
231.50714303746645
231.50754892914847
231.50803536747844
231.5081414542219
231.50769429645152
231.50850844977685
231.50784613432916
231.50850024870306
231.50793305644038
231.50833808980678
231.5077862262624
231.50654210661742
231.50938638893422
231.50736402128678
231.50842313461908
231.50789360341878
231.50803490267572
231.50793239348423
231.50793342669203
231.508252178377
231.50662954979634
231.50871992990142
231.5057247031218
231.50876694695035
231.50728617597633
231.5080303989089
231.50750332241296
231.50817706006637
231.50758727900393
231.50794708655303
231.507530060102
231.50805000809487
231.50610894654528
231.50900892902428
231.5055083561674
231.50947133477894
231.50743563824653
231.5086330456761
231.50705694001226
231.50762084173766
231.50830194349692
231.50787554289855
231.50770965631818
231.5074291333367
231.50794667230366
231.50794579522335
231.5080096143065
231.50577331653767
231.50932685110456
231.50751197089994
231.50756949954666
231.50786947815504
231.50827329831372
231.50780302067142
231.5083369270651
231.50824757457303
231.50707653306017
231.50911305206682
231.50749532967893
231.50828136238124
231.5087019802886
231.50707517914998
231.50904717697995
231.50778434957465
231.50813461052167
231.50836205196538
231.50767112676112
231.5084895628679
231.5080880564492
231.50586243016005
231.50884518705425
231.50757328963664
231.50845516049594
231.50827883029706
231.50770521636878
231.50849688175367
231.50801327245426
231.50869130964566
231.50794611779565
231.50799105124315
231.5081943309342
231.50788169106818
231.50814024970168
231.50811873517523
231.50606119725853
231.50768220938335
231.50747024609882
231.50782211188925
231.50794205955754
231.5074325369933
231.50802034123626
231.5060806330148
231.50792732804257
231.5079866932938
231.507336441573
231.50757878673903
231.50826854280604
231.5078024808754
231.50792217373964
231.5079898340773
231.5079019590048
231.5077847030334
231.5082715464232
231.5074595552287
231.50839943774918
231.50769539880275
231.5083442843461
231.50723320394172
231.50862573235645
231.50766569859115
231.5073360147071
231.50821235225885
231.50798883891548
231.5083462978364
231.5066451759194
231.50860532085062
231.50695626207744
231.50885927332274
231.50731572291988
231.50555075879674
231.5088621088944
231.5069082793343
231.50867349360487
231.50750447664177
231.5076281556685
231.50845545047196
231.5070513743267
231.50868640845874
231.50840234446514
231.50815059318847
231.50745256687514
231.5084862572985
231.50821190523857
231.5066643992177
231.50912185608468
231.5071005385107
231.5074970479909
231.5080042097543
231.5067454764794
231.5084864433884
231.50764958180662
231.50754999593482
231.5081702133757
231.50795463073882
231.50683247702545
231.50857527345943
231.5073309385334
231.5085628315428
231.50715946538548
231.50830628199037
231.50764703532332
231.50619283734704
231.50967338692863
231.50656852744578
231.50863219576422
231.50796352631005
231.5084761512553
231.5063437257777
231.50926523485396
231.5078151717462
231.50757808944036
231.50630830365117
231.50838987311
231.50718065239198
231.50655816124345
231.5087845119997
231.50784430622298
231.50855532113928
