288.008710573851
213.12695611493416
248.4070575033835
234.0447212786562
239.43308901128194
237.30835325677776
238.1109954894796
237.80186388674156
237.9195224326354
237.87500663253059
237.89202161179173
237.88566028019795
237.88814722801908
237.88720043046487
237.8868114970801
237.8868761653339
237.88754089272697
237.88676162356387
237.8861138204693
237.88774253544761
237.8875229174264
237.88733213229625
237.88646232284646
237.8876146777693
237.8875242981885
237.88722234940724
237.88728788227854
237.8872965295286
237.8875767888203
237.88670696859117
237.88758466533
237.8873359746467
237.88758002004943
237.88756207186088
237.88684541507973
237.88766030613806
237.88710215654282
237.8873297947266
237.8873517472257
237.88731452541106
237.88752540922724
237.8873081039419
237.88744705624777
237.88760011116392
237.88705348547592
237.88766334162574
237.88783519241042
237.88635426656037
237.88770199527062
237.88731148423904
237.88721880211233
237.8863472741068
237.88791918227435
237.887275258945
237.8873224551062
237.8870392587378
237.8874672801103
237.88661000098728
237.88770270289024
237.88566421559153
237.88806736607876
237.8864585485353
237.8878323750032
237.88700706341115
237.8875121276178
237.88723374746405
237.88754011819765
237.886460444377
237.8882485586655
237.88747000871444
237.8865098488459
237.88708907672844
237.88706606622145
237.88730632130682
237.88784957000826
237.88657723703727
237.88754053360753
237.88741854233376
237.8868311038932
237.8869299674334
237.88626645591285
237.88862989172776
237.8871069940833
237.88814262582673
237.88742647446634
237.88738006731
237.88734537802884
237.88693614952354
237.88748731938904
237.88688922883375
237.88755132354345
237.88721459935186
237.8869971263266
237.8872865257872
237.88823986794887
237.88704889414657
237.88720302795264
237.88717997975618
237.88728517085838
237.8873927501627
237.88733924193366
237.88719058780407
237.887383536181
237.88580197109695
237.88834123260312
237.88638157860987
237.88709718937753
237.88672116120142
237.8876055921719
237.88703388266003
237.88808422379952
237.88626720640605
237.88810303115315
237.88663725027436
237.88707460185833
237.88739948989678
237.88720712187205
237.88824116475735
237.88759007129556
237.88701234912878
237.88770016554918
237.88693530835735
237.88719991705875
237.88713191539864
237.88832557704882
237.88755270920228
237.8865518243765
237.88756890503282
237.88719426582975
237.88677121660294
237.88720345326146
237.8879891155011
237.8867065040613
237.88756400759303
237.88789386567078
237.88717561765952
237.8876924476499
237.88760199654644
237.88707001188595
237.8866953434408
237.8875687187683
237.88697552285885
237.88795276117162
237.88736057368078
237.88755315911112
237.88711830780085
237.8875014638761
237.88685087879276
237.88769550680445
237.88674776050902
237.88790252253239
237.88726882436458
237.8873297213795
237.88725330854504
237.8872079079083
237.88735906226793
237.88706353893213
237.88747584602243
237.88708586690336
237.88730604229931
237.88696510958835
237.88709014016786
237.88796523320343
237.88650890280405
237.88739931969758
237.88704252959724
237.88732567936677
237.88704624860839
237.88661239703652
237.8877845679308
237.88700532374787
237.8867711900748
237.88726782079175
237.88657561416767
237.88764395331236
237.88707030072692
237.8869437494941
237.88720283130533
237.8877293844198
237.88702650676714
237.8873617425561
237.8871353413706
237.8875855191436
237.88623689321685
237.88675185362808
237.88634314070805
237.88790723474813
237.88676705834223
237.88734495417157
237.88775181554956
237.88709272998676
237.88773932978802
237.88748091559683
237.88758104994486
237.88674884370994
237.88812069066626
237.8874000930664
237.88762906353804
237.88752414840565
237.88710644283856
237.88735623381217
237.8877745390928
237.88730770535767
237.88751095419866
237.8865672247921
237.88784083638166
237.88719944907643
237.88781628008292
237.88711748784408
237.887131902884
237.8871162023279
237.88729065662483
237.88723387973732
237.88748866943934
237.88673700425716
237.88741801348806
237.88753841386642
237.8871897494828
237.886651310022
237.88758720533224
237.88745867501711
237.88738617570198
237.88721994195657
237.88726643264818
237.88732598962088
237.8870218496013
237.8873936406162
237.88765116063587
237.88765539310407
237.88686798658455
237.88710898702266
237.88784536723688
237.8874212115188
237.8877735309361
237.8869126760692
237.88715161442815
237.8872818534728
237.88740609148226
237.8869775862695
237.88787241725367
237.8872891882056
237.8875436756207
237.88694516617397
237.8875890039053
237.88740418366797
237.88690959296946
237.88733706714993
237.88732042371703
237.88722270012659
237.88727369818662
237.88765930857335
237.88732246571453
237.8869355678762
237.88703515109955
237.88707433298987
237.8875877995306
237.88680636367644
237.88760051794816
237.8877875704784
237.88684326133807
237.88781756308163
237.8859984576411
237.8878658178437
237.88706481408735
237.88761037272343
237.88670607941458
237.88740759779466
237.8875296995393
237.88732621941017
237.88723930904234
237.88721145164163
237.88775148392597
237.88653619961406
237.8875168470695
237.88708284344466
237.88760884138173
237.88643215950287
