288.3368762738443
244.45721011069224
252.88524151549507
250.68715605100442
251.15613422546107
251.04379188271014
251.06965660968262
251.0640077283574
251.06545922397254
251.06393559325943
251.06551647148444
251.0652528935334
251.06540993311592
251.06493974007208
251.06430339524195
251.06483400535762
251.06518762099495
251.06531057256962
251.06527499781077
251.06438203345442
251.06582075821098
251.06522995926935
251.06515400319404
251.06511789631622
251.06494379912874
251.06446809340378
251.06432087263966
251.0653931085526
251.06513796906074
251.06524251370502
251.0649511539832
251.06478689499454
251.0647261917129
251.06548352282516
251.06507253831478
251.0653546777139
251.06505254719195
251.065465836331
251.06532677605537
251.0647705418378
251.06573951296014
251.06418820434556
251.06558884283004
251.06485089607304
251.06496743424213
251.06545569964874
251.06540870896424
251.06545157788787
251.0643344244927
251.0656479555073
251.06527220301723
251.06503230216913
251.0654437023768
251.06482315382527
251.06533309990118
251.06506997976248
251.06534620779712
251.06540842644972
251.06510910088036
251.0643221328355
251.0645337650276
251.06392703385063
251.0655897500983
251.06461006470272
251.06499525364052
251.06474942836212
251.06548600232418
251.0650126084438
251.06495731290124
251.0651779931468
251.06516928414203
251.0648634880672
251.06480676277351
251.06454624946855
251.0644723542282
251.06551921963182
251.0655295230972
251.06514856648937
251.0647502777283
251.0652260803181
251.06533419209882
251.0650599155706
251.06511781463632
251.06438074247853
251.06529741844133
251.06531972283847
251.06456082228397
251.06524839796475
251.06518975760991
251.06522161776957
251.06492455310945
251.06519329696312
251.06522110656806
251.06433857003867
251.06534049866605
251.06517995380273
251.0652979370061
251.06498082799953
251.06520239302336
251.06490692951047
251.06426625821769
251.06571892433567
251.0642118217147
251.06552381254733
251.06506370775605
251.06564735632128
251.06494956081588
251.06559440439742
251.0652490018765
251.0650737620308
251.0646278976783
251.0657223633607
251.06412194808217
251.06566718725662
251.06521746810904
251.06556910332438
251.06497337593464
251.06471906815568
251.0646576550498
251.0646314794285
251.06511691511696
251.06490039014898
251.0650588194694
251.06350466259755
251.06519067368208
251.06545456053573
251.06534794342588
251.06495144360815
251.0653659689051
251.06462378115975
251.06474349788186
251.06410267377942
251.06577690514678
251.06504940517334
251.06474598937348
251.06552694716083
251.06473551713134
251.06516517902492
251.0646497311609
251.06513308526337
251.0646413824943
251.06462411144457
251.06424737179623
251.0652703963715
251.06529384072928
251.06552077204105
251.06482347902056
251.0647822442843
251.06423028659628
251.06460364491795
251.0646592348421
251.0653915875955
251.06495385202288
251.0648520501345
251.06482412965124
251.06472284202027
251.06434882178291
251.06512871781888
251.06474070201511
251.06549524937873
251.06465532230504
251.0654185348685
251.06483340878913
251.06456559656363
251.06540444221173
251.0654871562292
251.06543876382057
251.06524479959626
251.06470315337356
251.06414579621924
251.06510509132931
251.0647565213585
251.06539388246892
251.06528227608942
251.06537797009514
251.06437820306746
251.0645295936265
251.06538822468428
251.06467469643394
251.06455440932768
251.0651585423475
251.06523948050744
251.0647384668555
251.06561406202673
251.065267567712
251.0651879754878
251.06483950575057
251.06463041614916
251.0653763255832
251.06473026736057
251.0650868997909
251.06425585439138
251.06502795725828
251.06487463100348
251.06551100913202
251.06491736782482
251.0651977435482
251.06429916490742
251.0655316644552
251.06447912857402
251.06436267177924
251.065156248922
251.06537713388389
251.06493221422716
251.0652632521087
251.06461250421125
251.06487404496875
251.06546006134886
251.06571826660365
251.06412394155632
251.06569087714888
251.06475262204185
251.06486258402583
251.06544745515566
251.0646943738684
251.06396558025153
251.0655899837002
251.06520837085554
251.0644519355701
251.06543624009646
251.06529144609522
251.06443516927538
251.06548152741743
251.06460395420436
251.0653025634674
251.06487588414166
251.06466039027146
251.06440432101954
251.0654849528364
251.06523824420583
251.06507653795416
251.06401972359163
251.06560250408074
251.06497013376793
251.0650154590694
251.065263290875
251.06467389903264
251.0649859942787
251.0651404717064
