287.4325606762764
225.27047398324356
209.05573420330563
226.7097681771911
203.49416629790971
231.24916551192405
190.91179924352423
83.47562670474281
234.8168398626849
176.04819082417453
185.1931354767803
239.77414953925881
180.38379649423678
242.38448741404773
156.8580995508387
219.85054117500204
218.98191534888338
214.8209359443772
222.37870098963595
209.79432394508967
226.7712760714494
201.36633374761277
58.8304506421573
43.08941057543143
97.06374832469646
239.9380923606359
162.5530584973876
264.2571359935155
79.06183817050623
233.2000676181724
186.47506111501025
100.94926980459059
218.43420524996327
220.51865900583107
217.108638837326
217.78217288797896
218.5803335203309
216.09223822433523
220.17170118152535
214.11186379827086
222.2138248529609
211.04349872984312
225.2449698156288
205.4536288627296
230.01664196940874
193.77021545613025
74.97589312126001
238.47539588857398
159.24993898642788
223.9342281978188
199.88596455917832
63.628306502405394
256.84053948855944
100.66295981009534
176.4328141984588
263.11065600834445
79.42172693104476
233.8194394477814
178.5241210797576
166.60543950948886
248.02583317288372
139.43245828476574
233.2244590892442
196.78169536339556
234.1267868034265
188.04410572721827
90.33673386459122
232.5886047941567
177.03086508921115
188.69722707780602
235.12254401013342
201.44900391551346
228.71583909655965
206.7362083916487
226.55322953035648
207.08834892282903
227.48144037860402
203.0332907389602
231.3048146895744
191.4230155695841
81.50468668918984
236.01184731770263
169.4277385581263
209.22035428074742
222.33232121888432
181.008435787895
174.17310865891704
240.0432667366731
187.64268087196615
239.94615562630497
162.84644665406086
214.61486883568068
222.59877194062574
212.48534649733483
223.40099594307685
209.80807560654284
226.12131052739278
204.07569575718662
230.91456844202548
191.71259968982486
80.89385534163739
236.10940608177407
169.99822065557964
207.31931248156616
224.76604228204815
215.02897990384008
217.23414462233995
221.10069678943182
210.3280675133865
226.8368247087201
200.1918139069312
60.18549359678218
241.113041103039
156.33857221532162
222.10279196345073
214.4150663775763
221.637945514678
212.88300537583564
223.10671474774426
210.02507759814034
226.01111670004684
204.14487913392077
230.8784382231097
191.86805010853277
80.34434653932112
236.41831306878885
168.22329262024869
211.43679400049587
220.24731480584887
1.8472982598323142
180.4634031043679
248.35667670408293
112.36328598775435
165.29238601741963
246.67680084567837
163.48665766503836
247.7776070484615
138.73429953325103
233.97703193464258
193.2784923641666
236.5503550345311
178.04931708352524
140.29559095171862
15.317926346971944
255.40010374204576
101.22069792409457
211.16743346130534
226.77101051231875
207.09276188447984
227.96624354457163
201.4026262792322
232.46277802505938
188.43914274040435
91.1665507872458
230.812813384764
188.80713267777173
105.72150774752663
229.953076486825
222.97799261684122
178.72224634075974
245.71872057751898
143.9176376262767
204.42054826426465
238.78172288033238
152.97269435782073
228.46664076165325
194.29828751230525
77.35118233940739
213.88957243881305
233.90722400034429
163.7273056689737
262.40216669169604
86.3303201759918
198.32978622407245
259.5723765989169
84.94417111566145
231.54291256215947
181.12018432396872
158.0403768911783
249.04043823710526
143.01948198221362
214.2178985273058
22.311671907293203
260.29043983660085
92.1508385965426
251.99856744998397
111.87468370098941
139.25862532581232
241.42347070582036
151.29837585442874
230.70818096103903
184.1736478211751
136.89959782204096
254.84107648966165
114.6583774596802
244.83618075209233
148.361891950648
226.9343771200729
210.00446741088672
223.9820514217863
211.39568106484512
223.58322794875858
210.46985566811782
225.1141664414463
206.79733307103015
228.67122177873534
198.08897795690427
64.96240536761616
8.550299319351325
223.66160956629028
263.01086777058663
79.668252117066
233.83988533389493
176.7068981753473
180.7264393327132
241.79966540168243
172.11025959718245
141.98409089945926
22.68299510230281
251.77034928498324
244.61372908252815
130.47542079187406
56.794223028526176
247.89311620221997
120.28674382226018
97.24396297363273
229.97751262566453
225.81326731481386
178.94117960770382
247.76580829273007
116.70263659946795
124.82436809192586
258.02675660866953
104.91088430003583
247.99759917689516
133.529637847525
237.89183002119535
173.70104959949094
166.97390268054005
218.48045373259083
209.7422221473753
41.75533372358041
242.84360948613903
163.29703241525567
248.1494543011795
133.29040301739587
238.2039886795028
171.4216705664512
185.21253602506476
119.1201251212915
246.11782208675868
146.72235424436803
226.29423531868088
213.78229153172288
217.77202769176802
221.19678476836998
209.33800654798688
48.23548645331175
53.95261366161867
249.2856326194451
118.82230852871726
98.5981671102345
253.6210558556486
110.95983150351094
128.02980865167046
68.26857993040176
265.9729404798418
81.04549046764441
254.36735138304357
105.58670597321179
178.92045844993845
187.41651355137583
238.26699171756627
191.9726460233651
235.61399793048622
188.74473250137817
238.85707028076285
169.20689003216103
192.883781284414
81.33484292926732
231.98024242790416
205.75395195909368
225.29201179736992
212.6354949627712
220.58600520319305
216.6182238835463
217.43080821957847
219.3648945879686
214.60342429863522
222.0355768716836
210.94112948978727
225.49838836213166
204.65488945081597
230.53157343166822
193.1674621460843
76.35504665183544
238.27508547567413
158.43020987937052
217.9976150765142
221.62467340427975
210.32114213897148
227.02610121409816
199.6143591329601
61.23170752335864
242.29574264609255
141.72302943294926
15.589715439098654
253.65982455310586
105.08266383946466
201.44632013249793
233.42154761693382
195.74383196351118
235.2822203845717
182.237113991534
116.31010172166862
136.37134221283486
257.03799082385376
108.5815357343381
246.7420515299018
140.57079321915808
232.95730590664607
195.68343089835253
235.20328751234047
182.77569307482918
112.87434799887706
173.42438755116018
246.00521344252047
163.55562038930657
248.1351491488167
135.20490150878322
236.78146808277234
180.09145083969634
121.75238274713047
99.6091740855336
262.1547899250727
92.61116618599044
251.4160235980671
118.34164715946827
245.0193348458415
136.36736926164303
47.09099434541713
66.36617403160199
250.80606283921225
110.76618517245515
177.0535993808735
243.7474050506571
171.16885344183538
245.59855559223797
145.65251581759367
229.9752940589242
202.32329066186503
231.08345148460648
195.07759872986935
72.66379361381405
225.72974877989327
261.25246405276994
85.88299484964227
226.29582546208985
210.91970418686105
222.8996374203416
213.32892627525143
221.42803198783076
214.0160440140171
221.41796907180105
213.2833611608512
222.5814800607768
211.01688339491375
225.0380829453352
206.25264261684788
229.30908006856043
195.88632384716766
69.48092936188914
240.38189283969405
149.5014953212376
191.90404830955958
260.3561809033272
85.07470265871962
230.29983321839245
192.46296884796175
80.56207113388518
