288.02286066941974
229.8052281524051
248.02531233912862
241.88304946283915
243.60341098608455
243.07754439640075
243.23021189632118
243.18546055971228
243.19792579607292
243.19429141605588
243.19519084398735
243.1942107760724
243.195627789637
243.1955932052424
243.19547430070998
243.19536616643927
243.19528459968933
243.19478198900833
243.19541885752915
243.19511311505448
243.1957686574633
243.1951922278149
243.19530624603613
243.19499210630784
243.19473083914636
243.19530048962588
243.19578557781097
243.19360487531594
243.19487935152938
243.1947034707482
243.19559828990168
243.1943266637627
243.19562827778282
243.19340886163445
243.1941731420593
243.19512509091146
243.19567224124148
243.19485171109227
243.19597424658969
243.1942016921348
243.19564702509524
243.19615287578927
243.19539089658065
243.19527899634704
243.19472234170826
243.19573434350968
243.19492074672235
243.1952260463695
243.19562347209649
243.1953135264739
243.19527898508386
243.19471899675773
243.19544723739818
243.19510535768495
243.19520317907154
243.19505660644063
243.19483517270055
243.1949839792178
243.19476928903896
243.19376263172308
243.19548416219186
243.19523742131423
243.19504471890832
243.19499287461076
243.1948471222895
243.19523693908195
243.1953784113357
243.19473539665705
243.19441915287462
243.19555253385988
243.19493501764737
243.19392451863678
243.19498167688653
243.1954923619851
243.195546769075
243.19528360486947
243.19541953816224
243.19470643571185
243.19579926032384
243.1948163647794
243.1951580100831
243.1953027875279
243.1952999422938
243.19509862652558
243.19507143455485
243.19486001678888
243.195569203388
243.19498584742541
243.19563526184356
243.19523086154368
243.19548333413695
243.19485485685436
243.1948831200134
243.19567577250564
243.1950509019225
243.19538205877325
243.1953231179432
243.1945541996829
243.19561298800545
243.19510700814135
243.19486735875398
243.19560077421193
243.19456494694896
243.19523541239323
243.19473428592755
243.1949297762767
243.19594834002055
243.19430275254126
243.19524433147308
243.19562822057924
243.19543453605002
243.19491007955367
243.19512089279306
243.19556511055998
243.19416328475927
243.19585299052414
243.19527490390465
243.194930869191
243.19547273126955
243.19548821653007
243.19525381812127
243.19456201616413
243.19534405822924
243.19558481538115
243.19524242206535
243.1953892259844
243.1947470588202
243.19510856027046
243.1946950653728
243.1948871196073
243.19572953567695
243.19540519647126
243.19494908930938
243.19558153161051
243.195227815806
243.19493194513052
243.19507028934459
243.19503310380242
243.1943504504452
243.19572251800855
243.1955948814575
243.19428042107756
243.19531717856444
243.19547445504577
243.19524596292467
243.19496190887003
243.1950773090357
243.1952837904173
243.19473694319458
243.19458574587043
243.19580671108997
243.19423554107198
243.19574773257773
243.19552611240215
243.19472247345402
243.19450848965062
243.195660399826
243.19511308317306
243.19536348203837
243.19558309220884
243.19513900697348
243.1955098426988
243.19560223243752
243.1948575219285
243.19607143436588
243.1953074779376
243.1956099962481
243.19460751083534
243.1953492826433
243.1942402169734
243.19559122803184
243.19527476828807
243.1941360130004
243.19573440091335
243.19550383150636
243.1954474209051
243.19523895101156
243.1951504133758
243.19470999811892
243.19491984510387
243.19553109999106
243.195099629811
243.1948121986643
243.19565617280023
243.19494234699232
243.19440680605476
243.19450538234378
243.19576086312009
243.19511456905457
243.19520508678397
243.19455917429877
243.19582142020226
243.19424170124694
243.19541827942885
243.1949831489619
243.1956487740099
243.19480706375907
243.1953848407138
243.1951286577969
243.1951815112261
243.19535215558426
243.19519588949333
243.19530598580604
243.19477804383496
243.19567787965934
243.19532423988858
243.19584146192938
243.19447733422567
243.1957404455461
243.19412676573847
243.1952218698716
243.19492455194995
243.1936755829811
243.1960443207936
243.19503048926708
243.19488623987127
243.19441972713685
243.19579814794997
243.19540278523345
243.19517733877
243.1956202400179
243.1947974867071
243.19553488428937
243.19561487302417
243.1953643336601
243.19531995155558
243.19510538358008
243.19517902558437
243.19521613926918
243.19470639574865
243.19532264996087
243.19536935789802
243.19476070595556
243.19530455151107
243.19463053325308
243.195330157454
243.19322951904905
243.19617472444952
243.1947146961611
243.1946955874737
243.19562367045728
243.19508861696522
243.1940771558584
243.19504665705608
243.19531134769204
243.19489578045614
243.19545229888172
243.19501495134318
243.1948155804712
243.19504097827303
243.19505811519048
243.195706327082
243.195237124688
243.19482535032148
243.19468908605631
243.19488829383045
243.1949396731652
243.19534791716433
243.19567407417344
243.1943532088626
243.1955845036864
243.19513382264995
