288.00545274218445
207.7409362023742
249.31864140233915
231.9012730567506
238.86271413577674
235.97761094434418
237.1271993990872
236.66009738561706
236.84805524627245
236.77235112549351
236.8032253707338
236.7901209095562
236.7954642638997
236.79279401312397
236.7946311945352
236.7930026651893
236.79424389467295
236.79445366510117
236.79394333253458
236.7943650536472
236.79313883496707
236.79457305624237
236.79373477234185
236.79439315572745
236.79290961780134
236.79503305451544
236.79342480551713
236.79381890095829
236.79423648974807
236.79349942281988
236.7940981184438
236.79478810173896
236.7936393979653
236.7940343804985
236.79401445314943
236.79449838593064
236.79294979239057
236.79493655372607
236.7935249556267
236.79402225133163
236.79424853581804
236.79438257791116
236.79422648889522
236.79384913701506
236.79424426593687
236.79464834611827
236.7940628317374
236.7933805723369
236.7948175794554
236.79436987008012
236.79363823183303
236.79456108890736
236.7937347264342
236.79419676412363
236.79439275821642
236.794533994198
236.79414658303358
236.7938698054386
236.7939929423883
236.79377246604054
236.7939537733073
236.79423018971647
236.79402789136657
236.79376379346286
236.793214982692
236.79301896059405
236.79487783442528
236.79410390234625
236.7944060361915
236.79322551629957
236.7943596345758
236.79511990097672
236.79296875810178
236.7948500251623
236.793710410966
236.79380149040662
236.7944973370213
236.79411301026994
236.79450955767607
236.79432997022377
236.79451072444135
236.79402419614416
236.7944238667842
236.79389084496142
236.79439227457624
236.7936706427936
236.79413518206638
236.79324982412072
236.79445940066944
236.79354265874645
236.79393827182867
236.79433964056443
236.79417515134264
236.79412127540127
236.79430885667534
236.7937827065034
236.7941816413586
236.79408940529538
236.79376829235116
236.79427358033718
236.79352709736122
236.79409267871233
236.7942622185583
236.79365930665517
236.79376153996418
236.79441886371933
236.79403397682472
236.79454191352852
236.79350292259915
236.7946976398016
236.79395652201492
236.7939697186739
236.793798250299
236.79415684942796
236.7941008459602
236.79410065453703
236.7939398790404
236.79393625324883
236.79484052635962
236.79381182619545
236.794476706149
236.79405116804264
236.79385545266996
236.79430253790633
236.7941169743499
236.79387203118677
236.79368608655204
236.79448107064673
236.79407192976214
236.79472078498657
236.7933761703316
236.793800972373
236.79389936121152
236.79421833460947
236.79364280369919
236.79453006865515
236.79353001810523
236.7941408188999
236.7937959980918
236.79416275304538
236.79438064849091
236.7928289994161
236.79432102249848
236.79416928357386
236.7930645580709
236.79456422482326
236.79375796965905
236.7936964283581
236.79457494553208
236.79400719805562
236.79464855784317
236.7932895451595
236.79441428237624
236.7943414383044
236.79417561706214
236.79325846205757
236.79478453385673
236.79308814065007
236.79487405574037
236.7938973850396
236.79457300119975
236.79392000359803
236.79386233283003
236.79349721348262
236.79393955956766
236.79358608005714
236.79436510417145
236.79371274754521
236.79305074247532
236.79416458767082
236.79429452930344
236.7939717150948
236.79478478693636
236.79417759106582
236.79396398832614
236.79399712399754
236.79460027789173
236.79311163225066
236.79413345801004
236.7941202990769
236.79482665373507
236.7940032825136
236.793855421638
236.79387567719823
236.7937905544968
236.79391175790806
236.79392143108998
236.79417908295
236.79445943015162
236.79402108908107
236.79430105265055
236.79426397188217
236.79374180786544
236.7946531972848
236.79365120657894
236.7935308933811
236.79390080619487
236.7926135777234
236.79475061820995
236.7937214434496
236.7924749483791
236.79478183109313
236.7936423484789
236.7939806169161
236.79421417741105
236.79377359281352
236.79437851917464
236.79325834763586
236.79346902266843
236.79378934993292
236.7938457443379
236.79421301709954
236.79394382971805
236.79454469427583
236.7934089965711
236.79431056148314
236.7934547982877
236.79460636478325
236.7940261963522
236.7934408437577
236.79401641983713
236.79449683436542
236.79407921354868
236.7943375180621
236.79419247517944
236.7940514005022
236.79406444815686
236.79260577933746
236.79421086690854
236.794359915948
236.79407301211904
236.79373349709203
236.79441172638326
236.79382258931582
236.79456444692914
236.79365321950172
236.7939528218849
236.79402218932228
236.79388187218865
236.7936986151035
236.79440959401836
236.7928657256125
236.79455804363533
236.79327718696732
236.79428553047183
236.7938439767022
236.79444306911319
236.79382468562108
236.79415125981905
236.79343354233424
236.7942159868835
236.79411456157686
236.79369357840915
236.7946892693435
236.79414692717546
236.79415946544032
236.79364964479464
236.79424264960107
236.7942199165118
236.79437309394416
236.79387277856586
236.79413826677774
236.7940937612293
236.79340293465066
236.79440619802335
236.79431681445567
236.79398061105167
236.79388583930267
236.79402377805673
236.79429051847546
236.79380068684986
236.79417173188995
236.79378448198258
236.7943259838794
236.79407452706073
236.79385160800302
236.79344556147407
236.7934628527728
236.79430003299785
236.79420895167277
