288.0243018011991
230.90754609644807
248.18385897063115
242.4690962710181
244.02706535015614
243.5642736408081
243.694009888261
243.65752966881155
243.66819510760752
243.66469189757754
243.66569836339158
243.66550085675863
243.66559431859696
243.6660538916849
243.66524341840977
243.666011878071
243.6656854958337
243.66574456895978
243.66520098552428
243.66489189684853
243.66543543962143
243.66587102446465
243.66450627787162
243.6653178531069
243.66533454518503
243.66544177475225
243.66581902743565
243.66570956159376
243.66552450693234
243.66554715018174
243.6659619237853
243.66558493057346
243.66598226981296
243.6651111075862
243.6648088306938
243.66564801273125
243.66490022642392
243.66568456701498
243.6653001644845
243.66503298689713
243.66491754882918
243.66560623641635
243.66569410737065
243.66433622184195
243.6661212596082
243.6651795052603
243.66495445607143
243.66600577209465
243.66568669372646
243.6659703189107
243.6650266859142
243.6654541900025
243.66523298936954
243.66564455408297
243.6657922982049
243.66561849056598
243.6653468542063
243.66549077400487
243.66560697058958
243.66536348320005
243.66577423768103
243.66567545640646
243.66549013289477
243.66619782079943
243.66462441732438
243.66617283175583
243.66564529440075
243.66478143904533
243.66554569846267
243.66500832798192
243.66587803727816
243.66524034694885
243.6655193057377
243.66512394730307
243.66530104390768
243.66489812146392
243.66585214478255
243.66485703617218
243.66591615659127
243.66553854706945
243.6653031534588
243.66420978167662
243.66616151861308
243.6654692845259
243.6656055812964
243.6656279674644
243.66504657503538
243.66566610436712
243.66479118582356
243.66603960784414
243.665072105141
243.6654595964792
243.6653420651637
243.66588820156176
243.66479820149834
243.66629081209248
243.6652645617869
243.66550248980639
243.66596504638437
243.6654679280109
243.66494598585996
243.66558054374036
243.66521071919124
243.66509675238922
243.66538692515314
243.66522303224338
243.66564160717826
243.66499903085787
243.66605122706096
243.6643316685586
243.66596937487338
243.66568047288456
243.66592115247477
243.66579155871295
243.6653946447259
243.66598498700478
243.66541577240423
243.66493252624787
243.6652791486631
243.66552600156137
243.66543632018875
243.66587642035302
243.66545554224285
243.6664428260483
243.66536314759287
243.66558942016127
243.66549809530989
243.66619875111064
243.66514535306487
243.66400898914435
243.6661271585981
243.66466458638752
243.6660089480938
243.66500017994986
243.66561225414625
243.66570939293888
243.66516794516065
243.6647951474588
243.66591503981908
243.66547457449633
243.66525671642012
243.66521113654017
243.6656971150005
243.6658008911254
243.66500745905068
243.66573157511448
243.66617081069853
243.6649885546285
243.66576701756276
243.66545053798473
243.66376254919305
243.6659584789668
243.6657009816263
243.66547468851786
243.6657761432216
243.66603605126147
243.6657337034194
243.6646620167594
243.66594905004604
243.66497310303384
243.66485578201537
243.66605341868126
243.66558012311725
243.66509123578726
243.66530786948715
243.66568768241996
243.66563064523507
243.66472936781793
243.66617914949165
243.66501060024893
243.6661975334864
243.66517251897312
243.66455815406516
243.6665899616346
243.66535781613493
243.6656523210404
243.6654872301442
243.66601233866822
243.6640282338194
243.66610421183577
243.66480047609366
243.66550954560807
243.66477737438981
243.66578890860546
243.66542099149956
243.6652173442708
243.6653447208373
243.66583319149504
243.66561827255646
243.6651762343099
243.66543071556953
243.66550234709575
243.66601796569012
243.6655771563237
243.6656508486485
243.66485535519314
243.6640853662684
243.6653726665245
243.66550262972305
243.66546286181256
243.66578990341804
243.66549133209628
243.66567233024398
243.6652245039295
243.6658065764932
243.66532239229127
243.6659562344721
243.66454335440358
243.66629137360724
243.6649471339042
243.6654167704255
243.66553920706792
243.66423105154536
243.66615742405702
243.66491701123596
243.66630014768452
243.66502847407537
243.66510316981294
243.66613648405473
243.66555353494186
243.66590060792805
243.66521058033686
243.6654249899584
243.6658522587095
243.66536926124536
243.66612041657208
243.66495605868113
243.6661065052176
243.66543354993337
243.66560368359205
243.66548892886203
243.66556720891094
243.66580516270187
243.6653442797833
243.6653299617319
243.66564133684733
243.6658869117382
243.66562919634453
243.66518006593105
243.66521628077317
243.66465387710196
243.6662104393472
243.6649393158441
243.6658073476283
243.66535488980298
243.66559764547856
243.6652906010131
243.66510571837716
243.66570678648714
243.66505475416488
243.66571483080043
243.66513190323894
243.66587704735866
243.66564630898938
243.6657131502434
243.66585659238626
243.66545233194483
243.66515035713383
243.665622784858
243.6656542634155
