287.9412978456817
271.3670702523765
57.97640106114159
267.35607315746734
62.14588018593486
266.89944488186325
62.495443032587445
266.8315338242255
62.50049973711975
266.8180010724154
62.488647077626865
266.81452550199765
62.48396864645338
266.81324569631306
62.482621478134206
266.8133164780502
62.48128088762405
266.81298515820527
62.481977668554464
266.81349464029427
62.48074476194233
266.8133355419495
62.48079531493113
266.813271159891
62.481070950686444
266.81345965972105
62.48073406423737
266.8134043611117
62.48087633646537
266.8130304507795
62.48134190687779
266.81290327150055
62.48154724635242
266.81350482502785
62.48075562988379
266.81357706418567
62.480412426046314
266.8131585054125
62.481357375472726
266.81314120744355
62.481288340644824
266.81278021800426
62.481855226216794
266.81271583276975
62.48178132964313
266.81261043689847
62.48192246040708
266.81312639247517
62.48114554551648
266.8129319345244
62.48135529673891
266.8126299994856
62.48228994617966
266.8132121497056
62.48103212728711
266.8130080981791
62.481343435603776
266.8130404477888
62.48136486454314
266.8128950177488
62.48057236654131
266.8129500209725
62.481291381747724
266.8129516638546
62.48171124775763
266.8134130442086
62.4808485875983
266.8132399022943
62.48081337022086
266.81321059901893
62.481436698359175
266.81316877002973
62.48092918342081
266.81326833512503
62.481169791040884
266.8130212230353
62.48157392813664
266.81257264400483
62.48257797894257
266.8129405707441
62.48162165675603
266.812549542934
62.482633501866076
266.8126069010832
62.481897117384506
266.8132706374781
62.48110764560988
266.8130289039691
62.48143659255584
266.81337251091827
62.48091844704686
266.813656287497
62.4805722096753
266.8133384969078
62.48094842392675
266.8134366120976
62.48126044242963
266.8128255178817
62.4817528278727
266.81342207960915
62.48074793172782
266.81278940452466
62.48080654912701
266.8127931650779
62.481504629264236
266.8122161926767
62.48095933467266
266.813158668665
62.48109888633917
266.8128489040282
62.4817614444255
266.81319626417826
62.48116622209636
266.81255611941015
62.481962819314504
266.8126441144341
62.4821852334062
266.81319278168667
62.48107831380912
266.81351993123826
62.48063103901222
266.81294807805534
62.48166059591313
266.81338958792185
62.480566104030004
266.81296288306476
62.48143059867289
266.8130033164416
62.48123786488577
266.81270893171313
62.48304982609989
266.8127110034329
62.4816423500597
266.8132682167052
62.48095925357484
266.81290458136937
62.481520372508385
266.81324386452616
62.48126127583237
266.8136495066865
62.480337402441364
266.81208269976923
62.48290318638465
266.8128766750888
62.48137610568665
266.812749349534
62.48168444142357
266.8119858575883
62.48273361704196
266.8129638530736
62.48113533794094
266.8118354610706
62.48289639021823
266.81270254847914
62.48130832698371
266.8133423180334
62.480941470312246
266.813367532086
62.47985900472122
266.81332291119907
62.481038995181734
266.81380087753496
62.48031052057922
266.8134513517143
62.480771340335195
266.81332457149983
62.48097723280807
266.8132098136048
62.48145257378201
266.8136072569105
62.480445521941874
266.8129618680905
62.48166745249182
266.8129342159591
62.48240937819355
266.81373174142936
62.48021056114521
266.81293004351755
62.481566939859476
266.8133107211979
62.48094236576435
266.81347217304574
62.48096202610759
266.8129440705379
62.48149009565532
266.8115787971692
62.48346886298532
266.813450332309
62.48050370200508
266.8126565228522
62.4818685662176
266.8135807550934
62.480502220663766
266.81194819805387
62.48275992438721
266.81347739756166
62.48113186931005
266.81262829682964
62.481679930169776
266.81179397995584
62.48265291757707
266.8129000390254
62.48138133040629
266.8119657530042
62.48280133524531
266.81295322110964
62.48120631918573
266.81305929536757
62.48213394828781
266.8122368352997
62.482192897492496
266.8128711446843
62.481939227334806
266.81303184355056
62.48191830684664
266.8134288845322
62.48088581641787
266.8131566880402
62.480903652030975
266.81321293957444
62.48037076681794
266.8133343969821
62.48115998529829
266.81317896183464
62.4810893421527
266.81365388854465
62.48034237536194
266.81289721507346
62.481570026415284
266.81310059301904
62.48139291749976
266.8130312152207
62.481372183567146
266.81334525730927
62.48102529604512
266.81277020293055
62.48243566026213
266.8126121626701
62.48190203515696
266.81258488127787
62.48154897788481
266.8133846176497
62.480845646889065
266.812856746692
62.4816408730112
266.8126053931337
62.481508037424646
266.8131678129721
62.48118550219806
266.8124986869225
62.48207205622748
266.81284115339804
62.4817343288305
266.8135736572731
62.48031402863853
266.81330820632866
62.48109119347646
266.8138600236125
62.48008226741513
266.81271171718254
62.481761840885156
266.81312715217064
62.48162480619794
266.8125920528837
62.481825018665404
266.8124531202193
62.48172618148965
266.81309914293524
62.48099847997946
266.8127385835105
62.478364320486435
266.8138784235198
62.47996938759752
266.81257651576016
62.48221035359893
266.81352036180033
62.48080324968032
266.812941954704
62.4820953518647
266.81183207918366
62.48327925275953
266.8129810941318
62.48126674865489
266.81352506770054
62.480501496378565
266.8128227646084
62.482033503692946
266.8129887574614
62.48136979457922
266.813058632717
62.48146616098529
266.8128432159574
62.48171493197151
266.8129442061909
62.48124909201579
266.8133844270342
62.480651602716534
266.8127356795885
62.481626460008556
266.81175976467784
62.4834329518344
266.81301001306565
62.48121320702194
266.81277326410054
62.48160962676047
266.81332408958406
62.48110781876312
266.8130712033162
62.48147315393726
266.81296264380217
62.481361778089195
266.81324315839447
62.481127413135255
266.81316434151086
62.48171312628256
266.812796967497
62.48183444037568
266.8131406197499
62.48090612265514
266.81257891643327
62.4823233771167
266.8134986406658
62.480541197859566
266.8128627775295
62.48154335451545
266.8135688758339
62.48063181004545
266.8141104047245
62.47956644647638
266.81316203855386
62.481543128727935
266.813358330488
62.481282163309515
266.81285179397673
62.48150287108729
266.812651170927
62.48139726012596
266.81338668112585
62.480704270725255
