287.8218275666517
254.73610232832914
115.49718307467322
127.95286764847663
71.72987704331399
248.8864027116149
136.4881960799171
48.12541470461588
250.00047549888177
134.83372761230657
258.8583686924244
101.49937663049877
214.10619667005267
227.22684648833774
210.86459766655344
227.5451455053967
208.92191596203884
229.05329073622943
206.14310663246488
231.1639451091978
201.99358923973978
234.02441572382668
195.3656573351809
238.0497906810715
183.44535306057514
244.03538720319284
159.73771618795126
252.68587189656319
122.48203881796871
86.3718900591939
238.871804045094
181.4162086163651
245.8193826603274
149.43363653916822
255.70623496321969
110.82888862001892
173.37884162113733
250.47342704961193
137.36361810112612
258.2110206905181
104.07685077526003
206.44082613529463
234.10398344028363
196.7331529277144
237.46284891934556
185.33833176968983
243.20183068834558
163.27914824402978
251.6094820175058
126.69783588407154
72.64773959038394
244.53910672240636
155.2594064296245
254.4911990303317
114.47837687329775
142.60540824811505
259.1791133297829
103.61205994781267
202.5717712539863
238.285590960646
177.1532444640161
247.60487772874694
139.86314232602672
257.9236557856093
103.95943394330607
208.2816317455945
232.20840774694443
202.28628025540092
233.80497131674565
196.4664137814725
237.354199126803
186.01937664189973
242.82605286663602
165.15654548795283
250.98914070323008
129.32429112812315
67.46697296368075
245.95695789779347
147.62809678876874
256.4539518110432
107.8310545277709
195.4885140932165
240.0707658108222
183.74205063757108
243.50413878129257
165.10992266647736
250.79395345781813
131.23368787198706
259.4926462951262
99.77144176940783
217.05370638918248
224.38235678801357
214.6354051682065
224.32440654582388
213.6336174148637
225.15975444483774
212.35277081354798
226.29719569950612
210.64180266339827
227.73520129631288
208.339103243532
229.55462037637335
205.12801798276632
231.9093390935377
200.35823643632466
235.08035301164637
192.538057511214
239.60353359228247
177.91880869731176
246.38357696289313
149.25256489682215
255.5677860170763
111.9091710458597
160.71219480289437
255.09941132802123
115.52667329625183
126.2555972932314
74.54272514680997
246.292440314126
162.3930494634842
251.24309825350792
133.4437931693028
258.8551183164527
102.29354636451899
211.0431969878773
230.53698831763177
204.25706675652327
232.7588859766256
198.30474558872083
236.38695563543297
188.6440654768885
241.61418353112094
169.97935994664294
249.38102989369509
135.98717002834746
258.6201914189005
102.06618927243835
213.04015065830026
228.15768565125472
209.54319384487462
228.5798855054163
207.2352178940564
230.32149337728333
203.78626954161882
232.8105720976091
198.37667584696464
236.28765137091978
189.09634610253852
241.36954107860947
171.07608604676352
248.982425175971
137.75307367156347
258.2495378533349
103.17415249493934
210.45055836263055
230.4253491426498
205.76087947672931
231.41321092923317
201.89609463528905
234.02498765547352
195.54959213484108
237.91726565622957
184.0017740919793
243.77335933090217
160.95583102825185
252.3149792698241
123.9521309833217
80.87508093398355
241.49350779972156
169.8689843495813
250.12183409886347
130.97626436848077
61.08333776069048
247.43841413588234
143.6999329622122
257.13864045970695
106.25886528286355
201.2137880073351
236.99338547138177
191.63920745798532
239.8878285308092
178.47445384604362
246.014911642691
151.7494697762013
254.86715775296034
114.58955335887731
134.8041391947554
64.69656800456141
249.46938720526668
131.87969146425166
57.41642325222347
246.5137506905303
161.91163777695328
250.87239194837457
136.50751587925333
258.1001213005002
105.06711314568383
200.50749078654917
238.76092122104455
179.9488662380827
246.0495720003746
148.88624646438984
255.7912837231852
110.68759545955254
173.88433606861508
250.38774124140036
137.13439553477656
258.29934910176235
103.66867802683555
208.02447666137596
232.78944960053923
200.12761467060773
235.36365670922532
191.88587725380057
239.94972236923059
176.6524868771521
246.88655868973
147.0140005318899
256.1260529993233
110.00350977054768
177.35307499039482
249.3613238901089
139.9332770559704
257.7979692060908
104.89669609190605
204.782192170911
235.00724996103236
195.44634596854303
238.044728919951
184.00063409980066
243.74470241624658
161.2823583728532
252.20138726463483
124.46705078949162
79.1647754916703
242.22949554017396
166.25005513452197
251.31855330643884
126.13454373650893
73.56928235340456
243.61707296104578
164.33688450949558
251.44574968636152
127.53790361831489
70.7508303586219
245.13285465270746
152.10951691749506
255.33036488875223
111.55580046564864
169.79511509419535
251.3532711660955
135.73774603990023
258.4145275201736
103.92508202929457
205.66248202492716
235.03223864083702
193.06303154975467
239.7019778136746
176.65083910389512
246.9955300493457
145.97504540591035
256.4138578843995
108.91543131374056
185.94792558642803
245.57305297338462
158.1666994554107
253.08652198359778
121.85707145727065
88.64295642255456
238.14279426758003
181.89796233933885
245.97097096746438
147.22107123280875
256.3490560569044
108.39608170946303
191.70828301536676
242.2570947551285
175.16672640801698
247.13565936670057
148.66392532922328
255.54962486222212
112.64967658431851
150.00830232004228
258.3770533535717
102.75297508074436
213.25530826057366
227.4190256264701
211.65006044007896
226.57324647612404
210.84814090673171
227.39313126070192
209.13609887851635
228.87209173565498
206.47464445031073
230.92066397391318
202.5001538470824
233.69092944242584
196.20833180901536
237.56974638349493
185.04629217181355
243.30980313145847
162.9083504408336
251.71848907285312
126.29838351826766
73.71744211146142
244.19841543014627
156.88577336036542
254.05631511980027
115.99185988174577
129.11453502508812
262.0797348404594
94.19747291883687
223.88085561516345
216.6509128397738
222.73298447750858
215.8842448771611
223.06142237740278
215.23266644219984
223.70288621110376
214.34698478058272
224.53914225027256
213.19563767361979
225.57624261133606
211.70943415256625
226.85577846044907
209.7596652614302
228.44931900508527
207.1185167786607
230.47386918807751
203.35508647405368
233.1298795982584
197.55673190385278
236.7880799978302
187.52869979839306
242.14169206641964
167.87386862754647
250.10157307607005
132.95333986602782
259.19299213198246
100.56437716595246
215.675279408606
225.80374713065976
212.7349913987855
226.02302441038773
211.21645455613907
227.23555643542204
209.20442194706993
228.87311254160886
206.39222441749007
231.00047352499678
202.299263451132
233.8308379609516
195.83919341524597
237.78434901632136
184.3251173105673
243.64048249267216
161.46315562502423
252.1658558971685
