288.03147130619004
236.65357194091473
249.4398940274201
245.66832691409581
246.55387047103613
246.3239830728021
246.38010889097995
246.36694440891642
246.36978464246204
246.36902954406332
246.36908122709792
246.3700747811281
246.36849930074186
246.3694134769994
246.36854164927354
246.3698308787325
246.36922258737377
246.36937454485178
246.36949505996745
246.36883678873528
246.3697080451102
246.36920381530035
246.36876887974722
246.36968315319973
246.36920906331397
246.36964507824268
246.36956518555053
246.3694194857344
246.36961542300924
246.36916284701147
246.36923469346948
246.36922198167122
246.36900394098666
246.3683220695275
246.36956912503774
246.36824160662218
246.36820145241836
246.36883308657525
246.36960571803502
246.3693733374239
246.3694817501273
246.36986206030997
246.36951405563013
246.36901858541023
246.36897764011155
246.36968687341505
246.36955295613006
246.3691294782875
246.36979769873142
246.36854973623485
246.3683861887257
246.369205711213
246.3684804094737
246.36947610081188
246.3695426215818
246.36898980306069
246.3690753056726
246.3692174082098
246.36935811004878
246.3692451508614
246.36894883493005
246.36977020367704
246.36937041412602
246.3694578208997
246.36917989714493
246.36964996956885
246.36950452527162
246.36890375208532
246.3695425404003
246.36874724777954
246.36931369009108
246.36960856373844
246.3683816658522
246.36904283489275
246.36897404381307
246.36926976904942
246.3685758512438
246.36898472932808
246.36919369656607
246.36935092228305
246.3692735612458
246.36889850399893
246.36938722213017
246.36946287260798
246.3691012574709
246.36906865935453
246.36921285354765
246.36886113870423
246.3691880372644
246.36978509985056
246.36917117022676
246.36961255764618
246.36862126652704
246.3694992421806
246.3687844949527
246.36951189194224
246.36857772252552
246.36949548627308
246.36887455538817
246.36836607020086
246.36949474165158
246.3696972898615
246.36935112774518
246.3696603405333
246.36913488935534
246.36923303308868
246.36951691890863
246.3692537920797
246.36826978006138
246.3694426425791
246.36908789486915
246.36955517205934
246.36956574743817
246.36884213832673
246.3696591726184
246.36908605257486
246.36869140997442
246.3690298657093
246.3684313440899
246.3692623990646
246.36898975426448
246.3694220610414
246.36889519081888
246.3691502218353
246.36796388038783
246.36960480501148
246.3691492046346
246.36894410925015
246.36907306384091
246.3698793441581
246.36919140282407
246.36918338977557
246.3690017449262
246.36823911509418
246.3693253851743
246.3687096261565
246.3696371882179
246.3683738266409
246.36977459521586
246.36826715894858
246.369902546925
246.36923889765603
246.3695250458477
246.36901017242053
246.36964102591446
246.36968911217264
246.3690514113987
246.36977101986122
246.3688683281507
246.36942982547043
246.36896448393964
246.36914461435663
246.36953679854196
246.36936192493886
246.36860572474689
246.36940825959755
246.36920143742464
246.3695586793474
246.36910020466894
246.36936178104224
246.36899873681978
246.3693987631923
246.36871659122698
246.36945103111793
246.36890702491655
246.36968161983532
246.36911798127403
246.36924164681113
246.36875436917762
246.3697641731269
246.36948334875342
246.36939187071403
246.369501702633
246.3695631185692
246.3679105937772
246.3694178279111
246.3697289529082
246.36924354813527
246.36881347291637
246.36941335450683
246.3697184935445
246.3690108112205
246.36956049021683
246.3687462597154
246.36959404402296
246.36901386365935
246.36863618227653
246.36982591013657
246.3684837383771
246.37015799917572
246.3690800179029
246.36947911442257
246.36913393547002
246.36805306136375
246.3699147569423
246.36911908474576
246.3680810003425
246.3691512801306
246.3691822350811
246.36966089771886
246.3693549176096
246.36908468208276
246.3696809430403
246.3690830422711
246.36911579273874
246.36907919921214
246.36944802127255
246.3689878955047
246.36884258218925
246.36905665247468
246.36935982822615
246.36912848232896
246.36837914492935
246.36882815936406
246.36916811045376
246.3690988876042
246.368782426478
246.36898869219294
246.36934668879258
246.36825316696195
246.3693904767715
246.36851122912776
246.36858367208333
246.36850266229885
246.36881072791584
246.36924621692742
246.36902161892795
246.36957061020075
246.36917006471776
246.36950571300986
246.36914324933605
246.3678587682807
246.36994137938018
246.3690925057599
246.3692136019963
246.36961561933276
246.3693108108273
246.36945693244343
246.36911198425514
246.3690853940352
246.36941369150009
246.36894756414404
246.36833213244972
246.3690700950974
246.369204055125
246.3683264773572
246.3690062615642
246.36899465636816
246.36930619287887
246.36908110391232
246.3692412768869
246.3686072685523
246.36959168220346
