287.97099997394264
265.1715157858747
266.430211369327
266.30788870893457
266.31695410055545
266.31644533201825
266.3158707156813
266.31647377711033
266.31533126344584
266.31628825823645
266.3156252768149
266.31517010197877
266.31513344246014
266.3165340455989
266.31515248800406
266.3167193136451
266.3161033406868
266.3157212649876
266.3157409688047
266.31623891932213
266.315435103008
266.31508801580276
266.31623207122175
266.31687336825235
266.3159361752969
266.3160805524112
266.316181184955
266.31599094639205
266.31691444567514
266.31541333630594
266.3161639320824
266.31637387992305
266.315608195182
266.3163512620231
266.3163609972871
266.31568465385135
266.3155374596754
266.31546862409596
266.3157248381758
266.31627327110255
266.31639797021853
266.31542788623483
266.3160673471939
266.3158243509861
266.31617632005145
266.3158555010159
266.3160976472209
266.31585757104403
266.31509119317707
266.3161187803489
266.31644873663754
266.3163572235608
266.31551179800954
266.3158678246946
266.31629610535674
266.3158050078455
266.31630691832106
266.31614804058336
266.31595463150006
266.3154941650282
266.3160293212568
266.31565199151737
266.3166414981715
266.31593376622914
266.31503114884254
266.3169616290761
266.31602280824154
266.31678422159166
266.3162200062143
266.3166192364006
266.31614281071234
266.3161872665878
266.3159810316429
266.3159982058205
266.3152328652941
266.3152823286873
266.3162351967694
266.31608072816016
266.3156087772004
266.3155893387375
266.3153676474976
266.3161441035554
266.31606546702096
266.3156396233462
266.3157503508992
266.3150863967894
266.31661890036776
266.3160995914368
266.3162133206497
266.3152599679961
266.31526801249856
266.3153118630071
266.3168263032421
266.3161051326315
266.31626780183433
266.3164547375636
266.3153417579597
266.3155872020143
266.31607499546226
266.3157792850543
266.31571614567656
266.3162953816718
266.31646081156214
266.31531580776937
266.315338714674
266.3154219378266
266.3161547093987
266.31612430509267
266.3152599226596
266.31462579483195
266.31691120111645
266.3159341472856
266.315634075494
266.31606802948227
266.3149678340196
266.3145414686878
266.3163505577977
266.3159454589113
266.31530853248114
266.3158936775799
266.31655210523604
266.3159686875151
266.3161606525391
266.3159121976423
266.3162971135316
266.3170694238652
266.3149513300159
266.31533309725637
266.31651443570445
266.3164091108483
266.3157252393721
266.3160843550577
266.31588196328084
266.3145378566114
266.31676795454405
266.31601114773366
266.3158310599392
266.3161653733114
266.31429532406037
266.31543536038953
266.31673440178565
266.315765601219
266.31619614196825
266.3164668668469
266.3154610708734
266.3158839322423
266.31584840432333
266.3157295940764
266.31648193637375
266.31580928718904
266.31643136788625
266.3164703479706
266.31608223498915
266.31582652629004
266.3168612889858
266.3155002920539
266.31601575473906
266.31617369184096
266.3150704155996
266.31502627670125
266.31597068408155
266.31599806973827
266.3164026224549
266.31625942033133
266.31512245546037
266.3155439736147
266.31535562580393
266.31617003488645
266.3158648865792
266.3164524264139
266.3153360151773
266.3158110084769
266.31644728833635
266.3162543527869
266.315580479597
266.3156083798385
266.31587568865507
266.3163949233858
266.3165972791903
266.3160470144212
266.31555012843455
266.31590340207913
266.3166530612798
266.3159425216145
266.3159818417771
266.3156579140341
266.3162867260544
266.31588028979604
266.31606917887984
266.31548789887165
