288.0719879675038
175.3957430506988
258.1270323612857
219.68344166652628
241.2579971379073
230.07554065248473
235.969618422424
232.88525438669785
234.49969629926
233.65509766195783
234.09689297818977
233.8658811107598
233.98641461333318
233.92379583031015
233.95617690340896
233.93946746702932
233.94761963179008
233.94409627677214
233.9458863823138
233.9448859099566
233.94534511785332
233.9450906373104
233.9455527690725
233.9450838902212
233.9452272527069
233.94522601199424
233.94525670470648
233.9447381567461
233.94562918440715
233.9449975843363
233.94530605378168
233.94498442589793
233.94545626346917
233.94479000998763
233.94541555664182
233.94514933971368
233.94525218828312
233.94514427110516
233.94520688309967
233.94533123962356
233.9452964227239
233.94531977450606
233.94518949644225
233.94490179468812
233.94561438490018
233.94499126771007
233.9451683959487
233.9453795182926
233.94482112831247
233.94535568064748
233.94485145885847
233.94548938157095
233.94503752328455
233.94533284701902
233.9444904556185
233.94573856457282
233.94476906939235
233.9455857620742
233.94502544743955
233.94328050186232
233.94672287942376
233.94442327967772
233.9458403097451
233.94486030810003
233.94534261370427
233.9451570506535
233.94510098261526
233.94515968623818
233.94521807492129
233.9452112793042
233.94529600321403
233.94502011811346
233.94531469041976
233.94524352448934
233.9450636642723
233.94519028821742
233.94532504769813
233.94528134279972
233.94520135975472
233.94517372116024
233.94530767649485
233.94507451242316
233.9455176688134
233.94494976217175
233.94542933574485
233.9452080588053
233.94507788071496
233.94530279434184
233.94512683193898
233.9450098028392
233.94528068137151
233.9452733784201
233.94499949119927
233.94534105557614
233.94510579095004
233.94544755183597
233.94526948225393
233.9450900000811
233.94527970632043
233.94523796972499
233.94530346141983
233.94486775263795
233.9454873090508
233.94498025104986
233.94535261002602
233.94523059693893
233.94484023397672
233.9456684576944
233.9448968844954
233.94542139476107
233.9450034219626
233.94531171696872
233.94518774324388
233.94519284376292
233.9453200257194
233.9446620129529
233.94559809211205
233.94485509533843
233.94555323773238
233.94456043703394
233.9458876472272
233.944751976087
233.94542038540385
233.94511182656424
233.94515712129214
233.94537858685362
233.94512178855803
233.94533006605343
233.94493593086372
233.9454125971679
233.94522143958602
233.94542601644207
233.94517246261967
233.94526783031324
233.94542576117237
233.94522015004623
233.94500661502389
233.94542344666843
233.94514226331376
233.9454008265675
233.94520468941482
233.94523615996877
233.94530414397013
233.9452689090249
233.94461297109956
233.9457319772846
233.9432980489437
233.94654917509615
233.94420671481203
233.94595613611455
233.94481848328724
233.94554274512484
233.94493591003265
233.94545608050976
233.94496405313112
233.94521883449488
233.9453258909998
233.9450504087945
233.9452823448446
233.94529797491123
233.94517290052318
233.94537932333333
233.94513886361528
233.9453728005392
233.94480421022308
233.94437268100592
233.9458021706887
233.9449231482431
233.94535348458157
233.94505599560944
233.94533227059583
233.94521193837863
233.9449806799821
233.9455141456565
233.94507845259068
233.94525130347756
233.9449693923525
233.94530209327058
233.94512370915618
233.94516890059458
233.94514453364536
233.9451269312849
233.9452344972451
233.94508072319877
233.9454715134052
233.94332992500858
233.94607776985504
233.94434351626114
233.94582904271374
233.94484820128127
233.94523346901406
233.94507716920634
233.9451366947469
233.94512551336084
233.94492551326402
233.9452543406078
233.9449178226496
233.94574815695523
233.9449222644471
233.9454437331151
233.94473129416292
233.94566717579437
233.94471172514022
233.94561918373802
233.94460220339533
233.94564576775883
233.9448562334146
233.94541673258936
233.94522067371872
233.94487484969432
233.9455523557117
233.9450580191624
233.9454172134283
233.944747946618
233.94529457521276
233.9451310334989
233.94523096362536
233.94412234694755
233.94569456430327
233.94489314756356
233.94552429244504
233.94509401840332
233.9446591238666
233.9455220555392
233.94515554745158
233.94525902005262
233.94541059074982
233.94510930731485
233.94538595087943
233.9441604608146
233.94581365576596
233.94481425148842
233.94527876679786
233.94521437025105
233.9451112887764
233.94543560141756
233.94512404497073
233.94502595829545
233.94540952926036
233.94473800015112
233.94558983531897
233.94499487137364
233.9452209864976
233.9452476005972
233.94517237806576
233.9452717328677
233.9451351491589
233.94503881773562
233.94549476885004
233.94512098385894
233.94484620855656
233.94566203659633
233.94487656319689
233.94530568226764
233.94499464592081
233.94543488345516
233.94478684526985
233.94549539558648
233.94490854718606
233.94533041806426
233.94529559102375
233.94518121521105
233.94481326315145
233.94543412607163
233.94523699923593
233.9449875932478
233.94530098812538
233.94522421200236
233.94531002840085
233.9451574277773
233.94516927773657
233.94520023901714
233.94520700637077
233.94524609169457
233.9453153951181
233.94483126263367
233.94577281817328
233.94502022054803
233.94532708193583
233.94513590927818
233.94533851751476
233.94517156507936
233.94526217863313
233.94505036452028
233.94531073507096
233.9453108378948
233.9449439637683
233.94502163887955
233.945057231409
