287.93588539814033
270.6963344569464
57.34488781500181
266.7840979476009
58.79572092631429
266.66634338058543
58.19140529805236
266.70889215248235
57.914044706930326
266.7309538788536
57.818687959164436
266.73834800464874
57.7892557369164
266.7407850661375
57.77986199938459
266.74147458432617
57.77757140445192
266.7425387121939
57.77568134520607
266.7407310932922
57.77605536399915
266.74166158551
57.77614380612977
266.7423393143208
57.773968477730705
266.74151858844743
57.77756267249424
266.74188241862976
57.776224592296785
266.7413296946761
57.775982316044974
266.7423083131507
57.77568109935237
266.74228827234583
57.77595697974539
266.7407493400515
57.77713155119636
266.74211532292065
57.775978498742916
266.74102061055237
57.77664584611921
266.74213681860965
57.77556375522727
266.74139289188497
57.77662499873986
266.7409800907699
57.7764941640653
266.7419559765658
57.77555295730053
266.7419849105354
57.775699570425786
266.74191686150516
57.77662429213888
266.7423718140162
57.77546872823223
266.7419323658978
57.7764476631055
266.74229276833285
57.77578250811348
266.7421734493364
57.77625385070132
266.7417696882512
57.776191974011454
266.7400730952759
57.77687030425295
266.74255191831253
57.774674183856405
266.7419939381216
57.77587266546834
266.7426621477498
57.7755153142316
266.7424265464506
57.77579291861548
266.7417296291642
57.776013969811174
266.7418154109764
57.77583936111114
266.74191739951857
57.7757735559353
266.7417469244356
57.77623173717802
266.74145992620834
57.775908119248925
266.7422573244985
57.77579867550958
266.74247848292
57.77568839923333
266.74210176798806
57.776011422389274
266.7420671688269
57.775875054067
266.7417063194189
57.77584421755455
266.74221070916246
57.77604807333773
266.74200333794215
57.77571899299437
266.7422074161732
57.775441619331104
266.74195110159053
57.776030009768874
266.74124790118003
57.77630932800457
266.7416156839572
57.77560313664799
266.740894323877
57.776126729782845
266.74259680266914
57.77515171608684
266.74147201061714
57.776095551213075
266.7422949197171
57.775930446186976
266.7415577754218
57.77597526933823
266.74178854079946
57.77594335809408
266.7419084576759
57.77578260420705
266.74254532170744
57.7753860405428
266.7416450197052
57.77637037400564
266.7421763453167
57.77652954663063
266.7419066000148
57.77617103539524
266.74227696767775
57.77589090222318
266.7413086155575
57.77638121167547
266.74207793566893
57.775886587114655
266.7413652342366
57.77632465969509
266.74155731342034
57.775980297832575
266.7421149478032
57.77573506021872
266.74239938958635
57.7757919778378
266.74225054250564
57.77622391672048
266.742421938201
57.775456550538365
266.74164135631145
57.77647108427482
266.74099213489535
57.77595916642167
266.741977038153
57.77551736476016
266.7408972405028
57.77638566838141
266.7410944974181
57.77607483701286
266.7423564545825
57.77537890153326
266.741178857701
57.77641753793432
266.74170434805274
57.77559713093069
266.74151426018216
57.77583060946927
266.7404576998815
57.77661682541657
266.7418081690048
57.77528903217899
266.74198246314336
57.77573594303249
266.74088725623733
57.77577714234212
266.741673042663
57.775970166119805
266.74170311803755
57.77563337254105
266.741973065793
57.775948611481
266.74187225879723
57.775841401162324
266.74146880306216
57.775777810158615
266.7407217830987
57.776394572145364
266.7420622328136
57.77627271621168
266.7420444482559
57.77547529147705
266.7417851745631
57.77617936111346
266.74248769182304
57.775412516442884
266.74227679125033
57.77577805247711
266.74128909393767
57.775953098825994
266.741727026616
57.77587228963239
266.74179186450783
57.776122867988306
266.741486115483
57.77629507686652
266.74174501398375
57.775907084782375
266.7426649763802
57.775524516437144
266.74181114738894
57.77638288902381
266.74143798040313
57.77623692979978
266.74193539161934
57.77524811211333
266.7426930376314
57.77547233786754
266.74151775796054
57.77718885186914
266.74197487798665
57.77599912977894
266.741163022205
57.77654576432542
266.742119859322
57.77504496899928
266.74205331341363
57.77557523338328
266.7421369557851
57.77565517502808
266.7416984418378
57.7756522003765
266.7423535340786
57.77558102409239
266.74174869233684
57.77596915360482
266.741917028281
57.776246429086314
266.74238168852753
57.77569435768237
266.74166151630925
57.77597721200436
266.7420009516063
57.776113719679415
266.74243487534113
57.7764167610585
266.7415739539283
57.77631237143942
266.74200790253235
57.77597876272921
266.7419855148328
57.77589484490454
266.7424364829203
57.77551446635334
266.741762509977
57.776252317256876
266.74157028627815
57.77593046503898
266.74253765026515
57.77534199767979
266.74219301402627
57.77613315846247
266.7423337400105
57.77578969801834
266.74189560890954
57.77610050106887
266.7422163447045
57.77577034200658
266.7420314820047
57.775884605929605
266.74218469610787
57.775735060931765
266.7419770522829
57.7761230092583
266.7420911396039
57.77599069970893
266.7424143704993
57.77537332472275
266.74215083938907
57.775498933842755
266.74183246887696
57.77583226290881
266.7415846738586
57.77575259437435
266.7412790893577
57.77533473506628
266.74249490123475
57.77571148145944
266.7416381270741
57.776816391182365
266.74046356463805
57.77636857474863
266.74168728543737
57.77540394465905
266.7419916015351
57.775331702432595
266.74175940890564
57.77584955870407
266.74233232623374
57.77530627149099
266.74226027818804
57.77599507026025
266.74189585885324
57.7755391261162
266.74176233921025
57.776242847103276
266.7424748886697
57.77544447782566
266.742050383109
57.77550082826929
266.7420225798123
57.77627185553138
266.74107407782867
57.77593700516445
266.74223959670053
57.77594764623791
266.74213224163395
57.77500531823898
266.7420096316346
57.77607112476835
266.742460892041
57.77559753283276
266.74172340196674
57.776560904225335
266.742267998663
57.77588886261219
266.7419557563553
57.775967708890676
266.7423073211976
57.7772210175026
266.74199245298223
57.775510973981
266.7424152752501
57.77559363638284
266.74207475120784
57.77584897320776
266.7417918815918
57.77563772647409
266.7417733332113
57.77590322143806
266.74225075879076
57.77521618166065
266.7418237811653
57.77604466104822
266.7419933073397
57.77575550955953
266.7419896649517
57.77589713060297
