288.17955226788604
259.5603957931203
261.9884325419971
261.6364937265107
261.67806390409214
261.6715253436819
261.67334652197496
261.6716433827387
261.6727536351077
261.6727558389539
261.6727896305847
261.6721639470734
261.6732158517152
261.6715083260433
261.67338138848936
261.67350321827143
261.6728934054245
261.67255043190016
261.67327810657116
261.6729889217786
261.6723172813345
261.67310288137196
261.6732824760893
261.67365075802263
261.6723470739271
261.67324093438583
261.67290383895306
261.67230234341696
261.6727864437671
261.67233610932453
261.67263835907215
261.6721164881528
261.671598319801
261.6725473270544
261.67353589748745
261.672298533329
261.6725309763642
261.673545965361
261.67291917241164
261.67307843045273
261.6724753379822
261.6728835560207
261.6727864522836
261.67234309811465
261.6734616215617
261.6734099650421
261.67289201010135
261.67321591991276
261.67244908879
261.67254975569085
261.67325492109376
261.6715333954562
261.67360576266583
261.6719469550626
261.6732346982899
261.6722018781329
261.6724852483676
261.67321190655275
261.672629233075
261.67322672108276
261.6727275109224
261.67274020956756
261.6714324563509
261.67295817879494
261.67266461200416
261.6732103059767
261.67272202923414
261.67194135843965
261.67285398671083
261.6733497430614
261.6724684026194
261.67276214835147
261.67291767894494
261.672576407982
261.6727415831556
261.6726835653826
261.6725735368818
261.67325798846286
261.67265736892296
261.67352302560175
261.67376036327187
261.6728326576631
261.67227106154314
261.6717603530342
261.6729979200245
261.67289961197093
261.67230000790005
261.6729353435003
261.6726766126012
261.6737825121527
261.6727985577818
261.67286722760764
261.6728474401825
261.6731565836162
261.67310484602785
261.672371599685
261.6734315749054
261.6730286093298
261.6729530415905
261.67293981384137
261.67304656231863
261.6735340880332
261.6726576342335
261.6722456796051
261.6731057332363
261.67338727182505
261.6735080300132
261.672676151029
261.67314056144096
261.6728592600339
261.6729122531542
261.6733428782827
261.6729500576912
261.6729384719729
261.6728793400107
261.67310192673176
261.67380396151566
261.6726483897146
261.6726828250612
261.67211885452707
261.67332713543874
261.6730636440552
261.6732336472851
261.6731561908964
261.67217132057704
261.67316804209986
261.67112395405275
261.6740147054952
261.6725535845253
261.6734370463746
261.6728046725257
261.6720717025819
261.6725277431906
261.6734039717412
261.6725346565945
261.6727045188163
261.6729826357623
261.6729364595085
261.6726399008039
261.67188190628076
261.67207854917797
261.6718403398845
261.6726982973487
261.6719017318537
261.67269541314454
261.67341037846927
261.6719829285721
261.67348147953453
261.67195267791976
261.67292159558565
261.6730812469614
261.6721859104873
261.6718899519037
261.67331535382255
261.67297535466787
261.673168959911
261.67266065500735
261.6738174548518
261.67119473752973
261.67398719671473
261.6722787054896
261.67331993002153
261.67284819242195
261.6731467681384
261.67272659436276
261.6730886678124
261.67246146807156
261.67214299028274
261.67277080053464
261.6731910032977
261.6731846157636
261.6731627887493
261.67229961790144
261.67304648864956
261.67278311059636
261.67345803277567
261.67292073657154
261.6725466314383
261.6736409072182
261.6729271137883
261.67291810247116
261.6734804545413
261.6728038082365
261.6727044805157
261.672900540565
261.6726671172655
261.67218779474206
261.6727871900657
261.6734284471895
261.6730644421041
261.6728919601446
261.6726413589204
261.6730748528207
261.672856887104
261.67327342531644
261.67265001473424
261.67336054489715
261.6728463669424
261.67342114633357
261.6732289926731
261.6722873187682
261.67279757781944
261.6738213678618
261.6725273915363
261.67251460989064
