287.94443563292026
271.84723711058973
60.746214734260775
267.5204866304807
66.68614266776694
266.82499816804216
67.7972038425437
266.6528644690693
68.10175599225931
266.59589146474445
68.20846645903066
266.57470271218244
68.24912910051899
266.5670906723726
68.2637870516246
266.56426719658793
68.26916176396026
266.562299477323
68.27324372870771
266.5623146587868
68.27439555431465
266.56142858031035
68.27503943837473
266.5621214115672
68.27393757790742
266.56252323211993
68.27264992673554
266.56232971482314
68.27324803087504
266.56172779435656
68.27487022473724
266.56142178091795
68.27502987633306
266.5621734832912
68.27324071220573
266.561865839396
68.27417682212399
266.56164758699015
68.27454410878636
266.5618473817576
68.27570279343126
266.5612565630345
68.2754069958246
266.56212794836756
68.27351886108954
266.56201996576056
68.27460080255696
266.56191683516954
68.27526989150647
266.5608800142709
68.27561588962271
266.5614038995336
68.27498092741916
266.56206001109604
68.27357920478607
266.5613654599547
68.27538333951816
266.56171095745594
68.27424704094301
266.56098831852796
68.2753868154141
266.56153573224947
68.27439978394978
266.56159578393635
68.27443395401497
266.56181263406324
68.27402361800341
266.5619004048094
68.27457797608804
266.56207301790346
68.27352809912918
266.5616043103546
68.27424333752788
266.562715783617
68.27228173629192
266.5618346684314
68.27389846387814
266.56174740985443
68.27434861087022
266.56219931570377
68.27311854800064
266.5624093057995
68.27248220857291
266.5624716787315
68.27301243055626
266.56162850508554
68.2744864605811
266.5624022750235
68.27221543140695
266.56180951224087
68.27398719577468
266.5619852845448
68.27365555463984
266.56201016234263
68.27363858418539
266.5616254460583
68.27435024062288
266.5615981369847
68.27507811147007
266.5614776781731
68.27487533881867
266.56159126953935
68.27546123945285
266.56189263146007
68.27385945653441
266.56236941877796
68.27260658155501
266.56195803976516
68.27357082686649
266.56238816484256
68.27299151328043
266.56239887520496
68.2729871934207
266.56255252146366
68.27192127588205
266.56239129840105
68.27302801433689
266.56162494279124
68.27450781723019
266.5616872173996
68.27430858863227
266.56045988749975
68.27685235498939
266.56199241588183
68.27401784184622
266.5621033694042
68.27340413669299
266.5624767297777
68.27270184470399
266.56203958273545
68.27383501426812
266.56173946423223
68.27256718037825
266.56188434524665
68.2746996760543
266.5614636889659
68.27384255199286
266.5621856442449
68.27339226331969
266.5619140232084
68.2741251050902
266.56153697844275
68.27466387546156
266.56171474492294
68.27461685811431
266.5622252231042
68.27328541674797
266.56237561623857
68.27317890039558
266.5618911120473
68.27394583206478
266.56204137216264
68.27346855329233
266.5620922941889
68.2735912802018
266.5621564335088
68.2733885004418
266.5624578405186
68.27304385896423
266.56259029819194
68.27272884082049
266.5621616062999
68.27317084195238
266.56179300893564
68.274277115328
266.5623262037625
68.27308594375063
266.56188139441656
68.27375948453118
266.56166608003696
68.27447976134863
266.5616486924482
68.27474726546643
266.5622743551139
68.27339860259963
266.562523630746
68.27296356934676
266.5616690071256
68.27445875312696
266.5614378634782
68.2747250086104
266.5613489980824
68.27623505365045
266.5621226411895
68.27346355480404
266.5622003982062
68.27305454344605
266.56215407932905
68.27329199067754
266.56238823868625
68.27280382583558
266.56233712800895
68.2730592371081
266.56167864491
68.27439714374486
266.5621129646388
68.27364290935657
266.5619958149109
68.27369956774783
266.5615341622979
68.27459637888387
266.5623501623413
68.27333692581306
266.56100651402085
68.27602585121349
266.5616648838695
68.2741893973216
266.5621749558559
68.27330461550446
266.5623903081578
68.27296264940378
266.5618696025849
68.2741084031295
266.56194146326743
68.27370859363873
266.5609899021292
68.27588881926931
266.56162482406216
68.27475232105644
266.5619522906054
68.27389485058666
266.5623131541797
68.27300247405947
266.56198454911646
68.27418970066356
266.5622795295785
68.27353964952636
266.5618929081684
68.27392185141798
266.5617070484004
68.27430013268895
266.5615410653554
68.27470180897217
266.56166768385447
68.2736187751434
266.5620044441166
68.2738463398855
266.561869483543
68.2746726966725
266.5619216396153
68.274387692858
266.5617750503443
68.27395587087085
266.56165727289044
68.27464920021885
266.5621566844202
68.27335266009322
266.56228633236606
68.27313361539564
266.56153452619037
68.27451328937605
266.5616323821887
68.27466916483536
266.56168517759943
68.27103230831563
266.56216206737736
68.27301421761513
266.5621457741945
68.27344878074655
266.5621467864257
68.2736361889547
266.5623522463284
68.27274018188473
266.5623259601998
68.2729689036205
266.5624328629492
68.27292078467144
266.56152995278535
68.27455783134792
266.5622889833321
68.27362870519573
266.5610228795558
68.27566756987653
266.5620215805975
68.2737355883437
266.562003679006
68.2738070487103
266.56151656556176
68.27445146680111
266.5624341386283
68.27313530970423
266.56215927778976
68.27355834409536
266.56237799528753
68.27291213849094
266.561264338452
68.27603238035226
266.56179591796536
68.27411683845276
266.56166243721964
68.2745799885306
266.56191256477905
68.27367577201221
266.56212858390063
68.27337804017588
266.5616234242334
68.27474800548225
266.5617574206117
68.27333594465745
266.5618824754056
68.27501917324844
266.5616347147443
68.27452165223076
266.56188073153317
68.27423733862815
266.561918571344
68.27403150610917
266.56225209054537
68.27340265769453
266.5621468988393
68.27315680835454
266.5621797016938
68.2733918253216
266.56206739250047
68.27433216612553
266.56188909581397
68.27415030344855
266.5615797054925
68.27471281395992
266.5620231296198
68.2739795933594
266.56100273619813
68.27588060247945
266.56133891580976
68.27626317071554
266.56230070970196
68.27304576324241
266.56242723767355
68.27314631330955
266.56192167827976
68.27292682830011
266.5618873383646
68.27414993997081
266.56232434393314
68.27303829703305
