287.991661021132
158.29528392851137
259.5547228248928
215.88379441929146
240.23244223760435
228.03074025816454
234.20721040836543
231.08237430414965
232.65519730368942
231.8607837710124
232.26130740843973
232.05924828831166
232.1590747472319
232.11059817896967
232.1354935162808
232.12228849859912
232.12912058959864
232.12534506795873
232.12697617678168
232.12662770078987
232.12721184103793
232.1263736438932
232.12622120702054
232.12692768607394
232.1263054389874
232.12649727567805
232.12668412923995
232.1269085675558
232.12644551736048
232.12652884296767
232.12661668075634
232.12720900494605
232.12674490511927
232.12677329961116
232.12736215551195
232.12511467215336
232.1273667633086
232.12479245745817
232.1279805200138
232.12600636906245
232.12587695770526
232.12714820970723
232.12728541806428
232.12630101930336
232.12547209495096
232.12705413047843
232.12642160798532
232.12749583374898
232.12698860243836
232.12650833730368
232.1271523710202
232.12661811068392
232.12692408900693
232.12693545768343
232.12606482040428
232.12714470097126
232.12596778050647
232.12697267676413
232.12627329208408
232.12694286034457
232.12746784687988
232.12639930152363
232.12728040040747
232.1268750867639
232.12475322329192
232.12766226281747
232.12623116345276
232.1265216071988
232.1272312581641
232.12732680467525
232.12684947600792
232.12684418729987
232.12687445009215
232.1265523721013
232.12725965511345
232.12701985774038
232.12655222231842
232.1270625799625
232.12629694110365
232.12743289896753
232.1263222321213
232.1274331056411
232.12580704806896
232.1271737093084
232.1256750396933
232.1273842835035
232.12667772668283
232.12696596740352
232.12671523514655
232.1269477712267
232.12671187769956
232.1266297918155
232.1250359422338
232.12744354870665
232.12572156487659
232.12755730467688
232.1264732724012
232.12734746718343
232.12670554908982
232.12588476650126
232.12704247824877
232.12446359654132
232.12738312459987
232.1260387470902
232.12721925161895
232.12618542386917
232.12703083814267
232.12706555440673
232.1262476814154
232.12713883723336
232.12637764531246
232.1269424674174
232.12665047342307
232.12663218656235
232.12651608535816
232.1261318972829
232.12716678582365
232.12620707412862
232.1267623383319
232.12662844026636
232.12682834262523
232.12602535290353
232.12672171155282
232.12551622752653
232.12504296404222
232.12787925144949
232.12536420957622
232.12762865799596
232.12658718315652
232.12672449450474
232.12685557682562
232.12687929444655
232.12588398665685
232.1273465381455
232.12650593151193
232.12709983366221
232.12624032040912
232.12721911622066
232.1271142275582
232.12637563696626
232.12635880469315
232.12508223717305
232.12726655172446
232.12547124858975
232.1284456262365
232.12479070568224
232.12740136648063
232.12671523397876
232.12663481830532
232.12688384758803
232.12598316863296
232.12754180175398
232.12529500752134
232.12744189119985
232.12569113038626
232.12732400388632
232.12617176615458
232.1266539483113
232.12703893947764
232.12719172026846
232.12681216928468
232.12597595230181
232.12705870067293
232.12645342227916
232.12681105407682
232.12695547022304
232.12626462730987
232.12662796438235
232.12652203049947
232.1255067866805
232.12660938705812
232.12712646092405
232.12612660459854
232.12744903216662
232.12656271807646
232.12693387303443
232.12617590046284
232.12723401557014
232.12677890990744
232.12672007875517
232.12688492945017
232.12665728104184
232.1266212004266
232.1252362266314
232.12731172322674
232.12614402632607
232.1267353288713
232.127191193591
232.1261497120795
232.12538321287138
232.12762113923964
232.12597856704815
232.12717947323108
232.12694642228598
232.12761553032033
232.12573164500645
232.12717936560512
232.12669010675745
232.12689344631508
232.12687759951223
232.12458113578032
232.12763660801284
232.1260687532922
232.12626804180036
232.12736261433747
232.1259416588873
232.12731802511553
232.12620581501687
232.12711541587487
232.1269269666809
232.1250046739151
232.126734647376
232.12651287073095
232.1267408919084
232.12732990208315
232.1264243593032
232.12715019239113
232.12573994461854
232.12654859232134
232.12711967325595
232.1263126545091
232.12716077714867
232.12682334551937
232.12663983771927
232.12617065054656
232.1272772634402
232.12601331107726
232.12678997390321
232.12660164212866
232.12668749751174
232.1270873152098
232.12712434859714
232.12658159976127
232.12637623545015
232.12675951256824
232.12689799786313
232.12593816549634
232.127252907012
232.1267364773521
232.1274254974851
232.12673926347634
232.12596889289853
232.12576234608423
232.12670287689252
232.12766728286806
232.1246804783732
232.12804796310957
232.12589992601715
232.1277643020003
232.12650695853517
232.12657110809232
232.12688610391342
232.12609253985283
232.127013061021
232.12660819187295
232.12614537990885
232.12614256593224
232.12564023814048
232.1279036483029
232.12635943216446
232.1271478786366
232.12628497596597
232.12685243225133
232.12517887381546
232.12790904159192
232.12584834336303
232.12677932898805
232.1271884453745
232.1263622710685
232.1270537977689
232.1261315773154
232.1259601884958
232.12715054358705
232.1242256356345
232.1278551123396
232.12560371178552
232.12624750015675
232.12711869391205
232.12662105981144
232.12463324640703
232.12724593323946
232.1262937473657
232.12676265441405
232.12619298040227
232.1258613589016
232.1272259185498
232.12658013569308
232.12611019854376
232.126414365659
232.12652239484305
232.1272560118814
232.1269779420545
232.12694595725043
