288.0232874197585
229.2340234490514
247.95459664327097
241.58389457594103
243.38998566486612
242.83212308299244
242.995420242813
242.94718317141587
242.96125925772913
242.95684249527994
242.95872295699428
242.9575321606335
242.9574076278759
242.95763453918607
242.95791988966812
242.9575119108058
242.95693847590974
242.9576453980617
242.9581775997758
242.9583281277537
242.95755071192252
242.9582299208014
242.957896169175
242.95808313574344
242.957533871564
242.95834997291058
242.9577658387152
242.95785953367522
242.95750430094085
242.95805032838507
242.9578671700947
242.9578910932123
242.95813052401718
242.95775582203896
242.95841852444028
242.9580481579269
242.95811043197682
242.9583810068325
242.95759518712293
242.9566023641728
242.95772347423917
242.95755551514958
242.95675917408334
242.95784585852743
242.95774280133992
242.95755149333127
242.95785353632527
242.95779440708793
242.95686764873244
242.95803848720243
242.95747369707533
242.95834992241362
242.95755563792773
242.9581255862322
242.95794731525893
242.95844076546928
242.95758696341727
242.95825615618742
242.95734498917227
242.95841321246917
242.95727597640143
242.9573844676961
242.95829145537937
242.95784836245002
242.95800364920433
242.95789462788161
242.95838422216184
242.9579969247061
242.95774400744267
242.9579314295006
242.95785550549408
242.95756663060092
242.95813473193266
242.9582347561627
242.95793637682073
242.95796487825646
242.9581076726936
242.95775888187927
242.9579653260953
242.95703376992606
242.9581440936563
242.9579486943403
242.95724172382688
242.9575677023131
242.9577817907557
242.95882439984416
242.9577052354798
242.95729760815448
242.9579197009225
242.95753130679077
242.95875195838744
242.95708543898945
242.95858960197802
242.95763238371
242.95840585387486
242.95804992565536
242.95776619282697
242.9578242806092
242.95666522756073
242.9585380994904
242.95710160988529
242.95818569584662
242.9577028022395
242.95811303303344
242.95823379837384
242.95716745737445
242.95789052042528
242.95781337761582
242.95784864849702
242.95793933676032
242.95818747703743
242.95817008652375
242.95820878809172
242.95837790411315
242.95812499029853
242.95793011510978
242.95720945282665
242.95779212922935
242.95834853285487
242.95813172747876
242.9582484498751
242.95769805915916
242.957938735286
242.9574431486035
242.9575398113593
242.9586812929192
242.95766679946246
242.9576712621274
242.95847522525582
242.95780049711175
242.95810523100954
242.95803391208028
242.95808241793566
242.95805415287032
242.9571878474453
242.95842443003494
242.9576303134818
242.9577806185698
242.95721470934222
242.95847416439938
242.9579528575341
242.95818897919526
242.95712268021452
242.95852222925168
242.9573531014321
242.95795758870372
242.9571228346831
242.9577892932357
242.95779457185563
242.9574390539783
242.95879746895662
242.957793935464
242.95791998126515
242.95763169052225
242.95813199567783
242.95830321320682
242.9580733482726
242.9578468074542
242.95787265825493
242.95690525091777
242.95820108746557
242.95608287009964
242.95876508088259
242.95805387837754
242.95687518944032
242.95865175693325
242.957579210517
242.95820076292875
242.9579521434207
242.95718041122018
242.95763709513267
242.95780703939818
242.9578632141929
242.95820506406017
242.9578434517898
242.9578151137539
242.9577924299665
242.95829148170014
242.95809694637137
242.95799527331837
242.95788306786562
242.95810505868576
242.95747009350453
242.95844210077485
242.95723359832482
242.95800269160827
242.95770025847014
242.95776841997576
242.95772874710383
242.95814890717156
242.9573302041972
242.95770885697857
242.95715120558452
242.9575296164985
242.9578143042745
242.95826282563212
242.95715421513887
242.95865592983318
242.95717295067152
242.95748166342673
242.95802259875927
242.95794671893236
242.95811937001417
242.9573529985646
242.95842699336936
242.95803340112616
242.95805511818617
242.95779331905942
242.95823421355453
242.95747432393546
242.95645469149167
242.95770485802495
242.95807017947664
242.95783519357792
242.9578497440525
242.9581356910203
242.95830310309248
242.95679427636787
242.9578734128445
242.9565300756658
242.95861937626614
242.95677591142885
242.9586200361664
242.95808570813097
242.95826093784126
242.9581374238187
242.95797841720923
242.9580473563983
242.95746402139775
242.95813019135676
242.95811438879173
242.9583133871929
242.9580578407622
242.95786352096184
242.95863790730073
242.95799790025922
242.95606535075058
242.95829060922551
242.95803193128086
242.95785667098244
242.95761037271586
242.95819818240125
242.9573106300668
242.95718172633497
242.9582018795045
242.95766078005545
242.95774615109258
242.95809346482565
242.95787429642223
242.95768741519714
242.95790364335699
242.95791790531075
242.95803338575934
242.95784553681733
242.95832933364727
242.95782858844905
242.9572299728752
242.95833800232504
242.95808658695023
242.95779301883886
242.95823564828606
242.95718554824998
