288.0198679888723
226.80382597596565
247.7258947432075
240.33172395652332
242.54263804156312
241.82519888080242
242.04753663030488
241.97694844180842
241.99876452708895
241.99188720887014
241.99462042982486
241.99277902697577
241.99445567402017
241.9933429989369
241.99396529653131
241.9941150912573
241.99388461901526
241.99446211173472
241.9937613243501
241.9933981350223
241.99441164896234
241.99333865447534
241.99373405992083
241.99367606763735
241.99383801594922
241.9938202240901
241.99336416164988
241.9935713934974
241.99314343373408
241.9931658872447
241.99423672873127
241.993645628565
241.99413966769498
241.99364476746268
241.99361664575008
241.9939310929276
241.99417842786715
241.99372809443958
241.99416076524722
241.99406754542724
241.99395870599437
241.9936382223259
241.99409886020112
241.99345533980886
241.99411224333016
241.993613389619
241.9937163067152
241.9937337090414
241.99391085313982
241.99384893462047
241.99388069184351
241.9939017734505
241.9932220434166
241.9943142610573
241.99338902805903
241.99418024465558
241.99326273169572
241.99406078684115
241.99362184052006
241.9936599022185
241.9933811713854
241.9942516662959
241.99427267546707
241.9936565111093
241.99367719975635
241.99408720026258
241.9928184246928
241.99459123821362
241.99417904260554
241.9933141946167
241.99350837623933
241.99394382142418
241.9929403356
241.99406781110883
241.99368267869795
241.9928052768919
241.99405495097017
241.99420688642567
241.99372343680443
241.9936250261817
241.99347412463976
241.99405045843378
241.99300436863268
241.99268219385704
241.99505825738015
241.9931705509698
241.993976007303
241.99309206975886
241.9933650835519
241.9940911194135
241.9938357794017
241.99382702358707
241.9946132742043
241.99416582578124
241.99361383217183
241.9938270677012
241.99386377095652
241.99406152849406
241.99375337205856
241.99419594500796
241.99355203257437
241.99402433590149
241.99361210307688
241.99320409791835
241.99429513616633
241.99381957801234
241.9926429096231
241.994162897965
241.9933469505777
241.994486602307
241.99378704185074
241.99333303758613
241.9928793686413
241.99411433890782
241.9941104098616
241.99367049681314
241.99343865781702
241.99344249883143
241.9940388183386
241.9936579481946
241.99380874205235
241.99427666581323
241.9937502525063
241.99365733825107
241.9937839029226
241.993393657016
241.99359745431866
241.99374210619135
241.99392254035774
241.99305143216043
241.99375954757852
241.99315347823722
241.99383876656793
241.99373694493988
241.99416383794596
241.99370224410086
241.99402213546273
241.99276426378492
241.99443228950258
241.99300998193212
241.99419789848616
241.9940498077558
241.99405076762923
241.99395399659988
241.99382342417812
241.9941766049742
241.9936955620069
241.9940178415709
241.9940405308007
241.99403719576367
241.99343148899789
241.99399792279291
241.99402282004303
241.99338806350715
241.9939247775692
241.99400724848238
241.99379730424698
241.99341173912399
241.99408573146502
241.99295895833347
241.9943758042864
241.9937803612338
241.99378671016893
241.99359107492637
241.99419296292035
241.99139663810638
241.99481227152137
241.99378954195709
241.99361356161535
241.9941114354515
241.99391664623545
241.9934181910212
241.9924921077618
241.9941302974985
241.99202932754997
241.99444144646986
241.9933885026112
241.99349326870288
241.99434681575804
241.99385525801335
241.99363822385203
241.993872763298
241.9933971194405
241.99345156148775
241.9934945654677
241.99384275743796
241.99392715991416
241.99344170550467
241.99415442852478
241.99343246978242
241.99447255594714
241.99257038597716
241.99376854540606
241.9943322158506
241.99364083442197
241.9938821541582
241.99328540248098
241.9937902068632
241.99376648534962
241.99372195660544
241.99424671733868
241.99365165113704
241.9938605833886
241.99272525514243
241.99380107119214
241.9929026546888
241.99418695528584
241.99460489563353
241.99366958957398
241.99399701411312
241.99399185543007
241.99270710820565
241.99358354328433
241.99306008215353
241.9930285916198
241.99412062310148
241.99317166104447
241.99371617285942
241.99439105417696
241.99413367662055
241.9936532694992
241.99438619980356
241.99394862991176
241.99359527301567
241.99361039437645
241.99423999917053
241.99403585438267
241.99315177030803
241.99434993565956
241.9939754983061
241.99293702396972
241.9941939300188
241.9936337024992
241.9934552445484
241.9939635307237
241.99407140699623
241.99362392668263
241.99385181817343
241.9935030688357
241.99336585690617
241.99398698941513
241.9936863481853
241.99408513242088
241.99324171662738
241.99388213567727
241.9939738939138
241.99375497309666
241.99353883111326
241.99364767725638
241.99419604206923
241.99300355970627
241.99426828355354
241.99367746886855
241.99405212850252
241.99366890857345
241.99388119195646
241.9932029916381
241.9941170711827
241.9940109206218
241.99305532129074
241.99465339811286
241.99355467714486
241.9943494762556
241.99300601538562
241.99394214131462
