287.6704207567423
69.28444557753022
110.63214484841308
264.11716916901514
142.49412662795862
201.97834022024335
17.27499388252454
270.7929269478268
108.60732768327034
244.59275596666293
196.2591832680123
241.54685481267643
200.1768626040489
239.83198603094934
202.68799008608767
238.5780642489999
204.76767415119684
237.422032432356
206.74611173604808
236.2410401162033
208.70041431477784
235.01468801717238
210.6092950309603
233.7632383231812
212.42340125021747
232.52628749087762
214.0949251594584
231.3442303263455
215.59319401348148
230.249599878367
216.9044448425666
229.26117873397016
218.03112313303427
228.38801533706464
218.9857382301543
227.63107170007424
219.78795819878542
226.98053954356146
220.45658965060466
226.42886688426915
221.01254487070764
225.96303191847437
221.47246332792747
225.57261308821398
221.85269482202239
225.2462523119848
222.1672206419953
224.97340429591168
222.4259336012201
224.7472039018594
222.64022738659696
224.5586791733367
222.8156036130822
224.40372850738095
222.96208870869668
224.2737551302016
223.08197206309342
224.16626574930342
223.18043295058305
224.0770985025447
223.26349770433808
224.00392705370905
223.33091712315218
223.94327435085142
223.38654814605616
223.89287362526738
223.43320846338247
223.85122981388122
223.47153321727455
223.8161038265498
223.5033789170011
223.7874884430712
223.52922321845836
223.76384657268864
223.5510615910789
223.74408496111573
223.56832791215493
223.72901187056414
223.5832631227313
223.71534320332648
223.595256530185
223.70490974427594
223.60508700256105
223.69526195945946
223.61290288070813
223.68754455321323
223.6204864504798
223.68095683793217
223.62641126975723
223.67604159945404
223.6301982934965
223.67256400937185
223.63464554034726
223.66832995932054
223.63735007379
223.66601157745754
223.6402074910984
223.66389619800975
223.641795704767
223.6614187267478
223.64395597567272
223.65949470160194
223.64576865996787
223.65748726421953
223.64731524506715
223.65653846153873
223.64844239290687
223.6562188438911
223.6493347980504
223.65503470158
223.64947861161636
223.6549867304784
223.6500026046633
223.6549515717852
223.65055383170693
223.65429014203255
223.65086046625947
223.654064245653
223.65046199737844
223.65428193935077
223.65129387002526
223.65321609231614
223.65174125504564
223.65273184511898
223.65229249413824
223.65224495831353
223.65195232502447
223.65274703148316
223.65247316090245
223.65285110730474
223.65165662547224
223.652692957221
223.65190008626814
223.6527231610089
223.6519921119616
223.65300216439937
223.651809234354
223.6524715938358
223.65193500216992
223.6528207082738
223.65240836240264
223.6526205373957
223.65163977153134
223.6527458550845
223.6525914004087
223.65264407870563
223.65200432680285
223.65251135725703
223.65192402515095
223.6525365781199
223.6523533714353
223.65241122851876
223.65181989246776
223.65233297998202
223.65209463159408
223.65171275623288
223.65278451434278
223.6517798403729
223.65325665320415
223.65212108867854
223.65310468203097
223.6520192546668
223.65237212221837
223.65196694149927
223.65230065224023
223.65141539550677
223.65264223818667
223.6521283136317
223.65306315304042
223.65172191250895
223.65278652658162
223.65171542620374
223.65206777973071
223.6528271245479
223.65198421303649
223.65271030988515
223.65177549946384
223.65288986427186
223.65194752513344
223.6525112299496
223.65186040133995
223.6530145488723
223.65129784313467
223.65338933670137
223.65143371860177
223.65328987788234
223.65209337875422
223.65199800246046
223.65192809813016
223.65300991996628
223.65226591072133
223.65169301869173
223.65282721826225
223.6521266543714
223.65254492576787
223.6518745255089
223.65251773934142
223.65219605051243
223.65300654133898
223.65182407476823
223.65314948266314
223.65144360349223
223.65312120917224
223.6515861808948
223.65291680213704
223.65242031715024
223.65301927722612
223.65207513715723
223.6528531533113
223.6517513472354
223.65292133968615
223.65182357637968
223.65226680942578
223.65252377960132
223.65218043708592
223.65178749797633
223.65261679617106
223.65232262280188
223.65298446487577
223.65160106854455
223.65284201440227
223.65176796732703
223.65290733106667
223.6524748984375
223.65257691232546
223.652346803181
223.65146305336384
223.65285983594367
223.6524216763064
223.65277110306488
223.6523392211675
223.65272705107054
223.65214589511743
223.65232598381408
223.65106516881497
223.65261669034953
223.65238038766256
223.6529475140269
223.6523064164212
223.65236309244938
223.65236010977242
223.6521665938635
223.6518221344886
223.6523648717848
223.65242780010158
223.6526685718709
223.6517409386288
223.65312385582365
223.65192657028092
223.65190989617258
223.6527740820311
223.65255777322454
223.65222413957235
223.6527053853497
223.65193704651028
223.65270310371125
223.65231725810736
223.65196020960866
223.65219388075639
223.65234605508158
223.65267607064743
223.65186307611293
223.65306752007746
223.65169557156332
223.65260109319934
223.65189159115835
223.65177768998547
223.65232424285205
223.65219307116058
223.65282059113088
223.65218346547044
223.65301610904862
223.6517204874399
223.65226242871722
223.65195981429133
223.65236623605597
223.65261955096503
223.65270268231689
223.65191871268325
223.65242236148333
223.65243412839482
223.65257159841713
223.6522951781517
223.65281639641034
223.65156623940857
223.65269429585896
223.65219301491743
223.6527653219382
223.6521003649832
223.65250681663747
223.6516815450159
223.65249844842765
223.65226755176263
223.65223765735573
223.65221679987735
223.65309700400394
223.65211224766972
223.65205260408402
223.65287944179727
223.6523339838459
223.65209965160466
223.65209163924737
223.65212834847625
223.652597040229
223.65177271945868
223.65225446106342
223.6521517164947
223.65218904378708
223.65253777775797
223.65248939183948
223.65178548508266
223.65308674280823
223.65240142750554
223.65232115314575
223.652471540001
223.65191665029852
223.65267268422758
223.6522461039567
223.65229536303377
