287.97709912281016
89.82483997524037
268.2609027180115
166.58428192623865
253.82217013843592
203.71777549874037
240.38126053276847
218.036033001963
232.8893255005437
223.56952768020392
229.59819360178562
225.771153910081
228.22891807222277
226.66088034004042
227.66577173561654
227.02379546880184
227.4356180065397
227.17121325064545
227.3413780079045
227.23259707773377
227.30214203835112
227.25760197076488
227.28588293477878
227.26842507448328
227.27873157319846
227.272346960297
227.27678225850286
227.2739904072314
227.27595828166523
227.27395463093126
227.27585529248063
227.27418323703387
227.2755788786617
227.27434281242859
227.27376636818371
227.27470282573086
227.2755370291179
227.27404788016793
227.27545824889785
227.27487729513632
227.2748225086125
227.2742660482454
227.27475810876786
227.2745806238454
227.2734689385925
227.2747686807179
227.2753508823571
227.27461758559184
227.2746483734045
227.27594718895307
227.27415354871118
227.2753171186414
227.27550805582723
227.27436299188412
227.2738707360768
227.27609526632295
227.2735671016526
227.27562349699292
227.27502124233797
227.27524901817378
227.27440410189593
227.27510933830854
227.27506229107166
227.27515717097413
227.27517886704663
227.2750496886947
227.27457639905333
227.27551258756648
227.27412203561835
227.27568992058877
227.27450071457133
227.275406050132
227.27414363893695
227.275317368807
227.27520706889118
227.27363076436814
227.27457652088196
227.27490351265442
227.2751292036446
227.27509865493266
227.27523695224954
227.2742509122363
227.275699373753
227.27433588545318
227.27405686720158
227.2753242237668
227.2746295212819
227.27585839800304
227.27433388038844
227.27548222629048
227.27395381780298
227.27561708330177
227.27360967447748
227.2757196329767
227.2735984189203
227.27593103937397
227.27456404185432
227.27548025502983
227.27457678870996
227.27557171627996
227.27458989148727
227.27445634527248
227.27353156494064
227.2755487477625
227.27409849965625
227.27603933757928
227.27466487413767
227.2745846486141
227.27450329993735
227.27541288789507
227.27501444703375
227.27531454344717
227.27413734838774
227.27487922722503
227.2752266535972
227.27512656028557
227.27423766779975
227.2734924595061
227.2757145129217
227.2751379875699
227.2743267132755
227.27603308815742
227.2731828673568
227.2754782807242
227.27450897201925
227.27540781901916
227.27467440630426
227.27418851813854
227.27486808445974
227.27514414160396
227.2743269854618
227.2754356868536
227.2750898055383
227.27515479389695
227.2751762366388
227.27460024076572
227.27498751715757
227.27433888881933
227.2751258025819
227.27537715628569
227.27396184376994
227.27499717180763
227.27569589292398
227.27428659446014
227.27578414883465
227.27462925733562
227.27469666988327
227.27530959389696
227.27482352226798
227.27513654307404
227.27490292863513
227.2754187227183
227.27506244801043
227.27484820548125
227.27450296784082
227.27556685845775
227.27467314528622
227.27540760292322
227.27474450753652
227.27559263005242
227.27383593723061
227.27551773543382
227.27451485034544
227.2748736262074
227.27462600146828
227.2743373431149
227.27479443379707
227.27433490416297
227.27511086297454
227.27448237515637
227.2750844636612
227.27496608548245
227.27487336176273
227.27451114013093
227.27467304583115
227.27511984160083
227.27464721427532
227.27539648369566
227.27392881292326
227.27531818787975
227.27295299668185
227.2762918613589
227.27360340349696
227.2752954194366
227.2749185272478
227.27533178246813
227.2738071699132
227.27562847681838
227.27364304573712
227.27576913883968
227.2741761090292
227.27485642615648
227.27493951001088
227.2738917989409
227.27525294221414
227.2748611169518
227.27401960574207
227.27361715048755
227.27581259505678
227.27466900659783
227.2751851288267
227.27484388428275
227.2755745783361
227.2746931908914
227.27586849828367
227.27449655576493
227.27517962295678
227.27486665427568
227.27515967946965
227.27513077828917
227.27521050586074
227.27534640859812
227.27496171051462
227.2758803440811
227.27459138420818
227.27525491833512
227.2747901112889
227.27537385393225
227.2747330074053
227.27538055670448
227.27333004103275
227.27587745407072
227.27395476131642
227.2756109348411
227.2739292645856
227.27575616395916
227.2737007670221
227.2754718669894
227.27442869752122
227.27565834372945
227.2748588405666
227.27518212686118
227.2745406623144
227.27451416876283
227.27561370958574
227.27431555269868
227.27484227574314
227.27495485919644
227.27394843567163
227.2755659421382
227.2741669707466
227.27478733785392
227.27471920453536
227.27476615452906
227.27458187659795
227.27472054731334
227.27567390470358
227.27452268048364
227.2747605718323
227.2740669836203
227.2755890013068
227.2744128684135
227.2756013593753
227.27489581305417
227.2751926778874
227.27497861720622
227.27497935762221
227.2741788248968
227.2749044900993
227.27456325892126
227.2747672645928
227.27353154472075
227.27628991646634
227.27357012132416
227.27549801282294
227.27489277043787
227.27474335819716
227.27455090270087
227.2745057377615
227.27572680666344
227.27320283523295
227.27426837576786
227.27557899382373
227.27484729031858
227.27506754240312
227.27419205698243
227.27558013630915
227.2745908832585
227.27557740958582
227.27481278237246
227.27470324619208
227.27515022193256
227.27438047918258
227.27478055926622
227.27376429094875
227.27529653128295
227.27503081310715
227.27542438692763
227.27503533517302
227.27382419179776
227.27559877722524
227.27458573691547
227.2753907853621
227.2745747470908
227.27486559477984
227.27487941777508
227.27449306043854
227.27490496521932
227.2756518764072
227.2745490709931
227.27645509704598
227.2737002704962
227.27574705364532
227.27483846714313
227.27548033974017
227.27484554282273
227.27510512369918
