288.2690440437127
256.4442956636607
259.72990833848417
259.17322479344966
259.2503512028527
259.2383485859059
259.2395508886375
259.2392951037491
259.2394107058235
259.23927746718346
259.2395809747113
259.2397345262689
259.2397160276778
259.2397781588297
259.2394948039173
259.23979027343375
259.23942844143403
259.23951326640963
259.23940912694525
259.2396216700654
259.2399516171299
259.2399813163938
259.2390733476932
259.2403046365125
259.2397925673704
259.2399051842385
259.2398201214892
259.23876313594155
259.2394083283489
259.23883594475774
259.2399324709186
259.2391173240594
259.2392698588701
259.2394420319815
259.2388868820526
259.24065889613485
259.2399090016661
259.2393724174399
259.2401551266121
259.23974605617695
259.23914111507474
259.2397423730945
259.2399036276656
259.23993695040554
259.2397295187948
259.239218713421
259.23978557334704
259.2398056142738
259.23902797316987
259.23963816547985
259.23994346923064
259.23943510830213
259.2397806873414
259.2402023894647
259.23942339665155
259.24006690026727
259.23973683369695
259.2392864708636
259.23957103423163
259.239652635908
259.2396781029529
259.2393075628024
259.23903311526374
259.23947432570276
259.2400046138646
259.2390362886581
259.24002029179974
259.2397259151621
259.23876545305393
259.2389582323667
259.2390692845802
259.23975379589683
259.24002834152634
259.2395958223351
259.23966896637285
259.24009976527304
259.2384665647842
259.2397034016831
259.23928507923847
259.239527701342
259.23879115413
259.2397513853575
259.23991887755983
259.23996167640144
259.23921428636095
259.2399735328654
259.239894838036
259.2394805172953
259.238828083915
259.23983329568
259.23982915807574
259.23900276936183
259.2396189369174
259.23897814597876
259.2389734142489
259.2400203513753
259.240075709502
259.2394442383229
259.23937859352736
259.24015403964586
259.2385929904485
259.2400290409496
259.2393747949609
259.2394788381571
259.23847507915343
259.23985530174104
259.23932210157363
259.23983243099065
259.2393408603093
259.2393861845994
259.23991785003454
259.2398554975225
259.2391006052785
259.2397405930824
259.2394085365959
259.2394690457513
259.2389608685771
259.2393344539014
259.239163829443
259.24016246850806
259.2386122939861
259.24022534096
259.23932473690365
259.23990090459847
259.2389065041789
259.2395293730078
259.24016583951015
259.2398526417601
259.23948981938884
259.23953479008196
259.2388546500588
259.2390375755276
259.2398690879927
259.2398456282972
259.239903191723
259.23877568123135
259.2399966985249
259.2397432591315
259.2395687236203
259.23971908166277
259.2398282498325
259.24015815227176
259.2389707711991
259.2395071561623
259.2398745826795
259.23996358484146
259.2395723722002
259.2395375638589
259.2393168253184
259.2399115228327
259.2397087600111
259.24008305232564
259.23964446496393
259.23818583668617
259.23983668501023
259.2398672776617
259.23901285303873
259.23936832846084
259.23962499864865
259.2389884671138
259.24021841979993
259.23959536825714
259.23839516624867
259.23981161182746
259.2397110472957
259.23953211313346
259.2398511517531
259.23887070691853
259.23951250659593
259.23882036010036
259.2389430036419
259.2397837046301
259.23907400885946
259.2388000069477
259.239984991902
259.2395453732606
259.2398342792003
259.2399331985507
259.23921847785823
259.23915367835434
259.2400485587277
259.2403151522594
259.2399924322235
259.2396192337328
259.23983843838505
259.23880565447325
259.24024860905774
259.2393418067513
259.239359632018
259.239424682979
259.23933270110865
259.2393829125358
259.23954732379934
259.2388342827908
259.2397136715299
259.2397652181389
259.23929375702573
259.2400902603549
259.2394246459153
259.239642792978
259.23993657002575
259.2395394384512
259.2391832303256
259.2397405123047
259.23987025313545
259.23962092651345
259.2402975022269
259.23908865780686
259.23885962534405
259.23981562755944
259.23866918440035
259.24079894355964
259.2400418797042
