287.9807071058716
100.24870108275735
267.3281431361113
181.76308505802308
250.08136516177797
212.17215047969694
237.37870264501407
222.49150984400876
231.7278539513818
226.16361596862725
229.5660940193775
227.50207618232525
228.76087195042874
227.99573009368305
228.46204403839056
228.17729769342714
228.3509630022245
228.24539087385529
228.30932962140196
228.26996740947834
228.29440168855672
228.28000375913052
228.28963795118761
228.28213088707344
228.287497325794
228.2845613166155
228.28620721766674
228.28375709890133
228.2870285203262
228.2847818878854
228.28494103638332
228.2860885538248
228.28369475252111
228.28662671928032
228.2841044207653
228.28634507544484
228.28516767763176
228.2846567356737
228.28656737473102
228.28401401167503
228.28715196566554
228.28366113279844
228.28694908388206
228.28467138021915
228.28616062217588
228.28536083711697
228.28560489646588
228.28582382821696
228.28513696262598
228.2861901033175
228.28462617503828
228.2864361138927
228.28516857116483
228.28556552242662
228.2838697048246
228.2865141303373
228.2843247134333
228.28671963056695
228.284472534644
228.28616065642927
228.28565808683197
228.28567523749734
228.2848152151637
228.2863744965871
228.28536474390057
228.28596876638403
228.28539061067204
228.28567164408742
228.28574628580463
228.28464329865892
228.28594660863018
228.28530087904073
228.28558716475527
228.28450164553215
228.2858397818709
228.28574850501172
228.28573410540048
228.28541547754867
228.28522296400843
228.28600303012718
228.28551949351458
228.28435795240148
228.28645533934468
228.28362012969228
228.28576770475775
228.285405883591
228.285745026933
228.2857526519074
228.28586959814857
228.28375777745532
228.28650061651933
228.2844788825605
228.28589766907317
228.285034577435
228.28553982400263
228.28605545987375
228.28524658906463
228.28518603584962
228.28621484705218
228.28474128262314
228.28620605196193
228.2853231663612
228.28568431291933
228.2857843189704
228.28528288838424
228.28516495103395
228.28593675490265
228.28508399635757
228.28583710191015
228.28583128514583
228.2853093402082
228.28563466850028
228.28563640036737
228.28552228292392
228.2856546468247
228.28528816223115
228.2855963573893
228.28541688665428
228.28564250213094
228.28545153602317
228.285584684716
228.28566721495736
228.28513295443554
228.2861032009314
228.28522684267955
228.28618140197796
228.28477093770925
228.28622820413148
228.28547628844535
228.2841607346054
228.28684914921178
228.28484143620153
228.28571821509104
228.28581440002745
228.28575782905682
228.28517367481982
228.28617527957977
228.28527033740102
228.2849214062444
228.2859448075542
228.2850472004793
228.28471098544833
228.28594852750393
228.28553165509948
228.2855564431229
228.28505986150412
228.28619823564077
228.2854670842935
228.2860869528231
228.28492213843128
228.28404282982228
228.28660507333552
228.2842531000715
228.28659444073855
228.28467845520208
228.28638284806948
228.28459656808263
228.28666140048153
228.2840048641956
228.28598432169383
228.2852807097879
228.28546712850948
228.28564553157048
228.2852698930219
228.28573862832127
228.28535949453362
228.28588409569056
228.28436917416548
228.28641661738948
228.28474459786958
228.2863144199655
228.28533358469576
228.28431424856535
228.28630506236368
228.2849411033967
228.2864702208244
228.28385193564463
228.28627103169129
228.2850437441739
228.28649266297725
228.2851044611307
228.28658723404078
228.28539858537988
228.28557005439507
228.28424951428315
228.28631372698146
228.28538870205375
228.28481816859858
228.28582439255842
228.2849313672923
228.28537736530416
228.28534571525233
228.2859196046993
228.28473333015427
228.2859578323405
228.28459597683832
228.28514828198968
228.2860106379303
228.2844915024325
228.2865748265176
228.28362832842686
228.28645916093956
228.284523167953
228.28595615224913
228.28573168128787
228.28563685383415
228.2854946020234
228.2860864194372
228.28474234658643
228.28584477116237
228.2855753053591
228.28563253121683
228.28456924296916
228.28479732542473
228.28638872828742
228.28541339312505
228.28407567567774
228.28540808994148
228.2845820318471
228.28643569380802
228.28459452060633
228.28553346620174
228.2850602810795
228.285941900147
228.28585681544791
228.28504729999986
228.28613418321765
228.28554718727537
228.28589626630128
228.28539289077162
228.28475329359935
228.28540085442364
228.28551531399717
228.2846051874658
228.28583545309084
228.28530092418077
228.28506869291596
228.2859161686938
228.28483147945371
228.28596804404515
228.28437709108402
228.28596686423407
228.28587807764416
228.2854291204858
228.2857699336746
228.28500181491836
228.286413598762
228.28500453781453
228.28541770494485
228.28571032101172
228.2856029219256
228.28552382820635
228.28559530978964
228.28508256032364
228.28372368008422
228.28649498896266
228.28513743732765
228.286065674547
228.28628452697012
228.28560791452765
228.28396678800345
228.2869475930056
228.28467163769528
228.2847432386916
228.2850290188362
228.28496513383288
228.28555300731387
228.28591767701437
228.28540855595202
228.2851987983886
228.2857759023318
228.2859441623732
228.28493862623873
228.28617408724676
228.28510999090213
228.2853601683164
228.28570126167324
228.28429649390455
228.28660209650116
228.28477929421933
228.28633546206402
228.28529570472892
228.28663724116632
228.2837838732521
228.28659307039925
228.28381624609756
228.28599208136438
228.2846444562456
228.28537075610075
228.28496070575784
228.28618746968277
228.28521232264757
228.28597303463903
228.28483651785064
228.28511618284392
228.28591913197306
228.28541803536064
228.28601567307487
228.2857134501828
228.28497464557586
228.28579204709968
228.28619309714122
228.28548518716707
228.28561917420302
