288.02486417348024
136.67838948110023
100.63423577444667
240.5206592593246
227.01664935349436
234.7818154520378
229.47720589894493
232.73255677222778
230.76196679186023
231.94169680579353
231.24199186216856
231.65635175544867
231.41161207170353
231.55614791524022
231.4705917227593
231.52138181378177
231.49105632602368
231.50933093320236
231.49847788528587
231.50478116022805
231.5011855787816
231.50333428113117
231.50208207044125
231.5021365530365
231.50302102131081
231.50163757417067
231.5032499555091
231.50219689528967
231.5027585255957
231.50238205062487
231.50245052544233
231.50228842607794
231.50271548108503
231.5023041929271
231.50267423857804
231.5011490340221
231.50354742286981
231.50155334954252
231.50319602705713
231.50222741624748
231.50252448449464
231.50244374912472
231.50238324062593
231.50202880752113
231.5030174573876
231.50207405504443
231.5028195961131
231.5018731619457
231.5028171190861
231.50238393735526
231.50257429550402
231.50262375909733
231.50242551335032
231.5022798697064
231.50233090105394
231.50285124465154
231.50220243848162
231.5028447111472
231.5021956862838
231.50265583326473
231.50247312524152
231.50256321543566
231.50249445861846
231.50255683444266
231.5025235488647
231.50237106519853
231.50268929123195
231.50234378468303
231.50255333526366
231.50249983692993
231.50246337750286
231.5025281212802
231.50258644781934
231.502185779711
231.50306467001428
231.500779925791
231.50362677017984
231.50189959987983
231.50302776996978
231.50225606413005
231.50280513005418
231.50223267516049
231.50243323566974
231.5026615389179
231.50243051921643
231.50259700245078
231.5025721710117
231.50243470216446
231.5026657501512
231.50251328232844
231.5024129700214
231.5026497294748
231.5022916660273
231.50281254433503
231.50224559142225
231.5025889406279
231.50246180289832
231.50250523888462
231.50233664929692
231.50289707950287
231.50217639957555
231.5026818819897
231.50255221575935
231.50236760050757
231.50273552221188
231.50187363280565
231.50297735468484
231.50208840478444
231.5029020108559
231.50204339104675
231.50292823837663
231.5022860750978
231.5025666927031
231.50254398169636
231.50247929047327
231.5025319707711
231.50239251065796
231.50262785836821
231.50233072456467
231.50241536464455
231.5025508983308
231.50255622270925
231.50228358915774
231.50249509409332
231.50259446411656
231.5024102523821
231.50258786328777
231.5024843244173
231.50239480671007
231.50265641439182
231.50239934173442
231.50231115112547
231.50269691722497
231.50239373957447
231.5028263537606
231.50235286152747
231.50277774380083
231.50245947527583
231.5024494813988
231.50229612334078
231.502742720455
231.50196658640925
231.50323657372064
231.50194647035096
231.5029307260338
231.50219354459114
231.50265946543368
231.50241752269358
231.50256749556866
231.50190271942847
231.50303959024313
231.50221971430437
231.5026681249874
231.5023176399627
231.50255597034266
231.5025858297231
231.50205914069375
231.50309840900445
231.5020044589328
231.50284447658487
231.5022370833758
231.50278883405554
231.5020187556729
231.50290325244714
231.5020543966384
231.50256404998072
231.50185851247807
231.50301978503558
231.50220678699407
231.50271583580616
231.502256127882
231.50280658010888
231.5024225729503
231.50234410182748
231.50278401702235
231.50243672796933
231.5022751878496
231.5022371528612
231.50276500421023
231.50241090142663
231.50254426737956
231.50137795259798
231.5033800462552
231.50193334774667
231.50273610805743
231.50239741444238
231.50253224172775
231.5025287203971
231.50260014237574
231.50246722698648
231.50235051889467
231.5017464856137
231.50175256919465
231.5031975062302
231.50211983528425
231.50191045923566
231.5032713998662
231.50203037032043
231.50288889619696
231.50236747316376
231.5024688297708
231.50257421878632
231.5025484510261
231.502359404054
231.50266826302686
231.50239851966035
231.50258313769882
231.50247887811565
231.50258810812375
231.5025251309562
231.50230654621555
231.5026274050324
231.5022631600441
231.5027235843154
231.5022749628115
231.502670707996
231.50248628816917
231.50249065329263
231.50237404511427
231.50250224245246
231.50268119260727
231.50252625600842
231.5025437194854
231.50241883916897
231.5024264328822
231.50234382908093
231.50232881115517
231.50273584350361
231.50228281898308
231.5026228211791
231.50255035422742
231.50220221521158
231.50302072925842
231.5022603861289
231.50267279644322
231.50242944834463
231.5024023217993
231.50251930615923
231.50244038521487
231.5026665291516
231.50254960582242
231.50241396510683
231.50257193442667
231.50217003987927
231.50258481036872
231.50252105454274
231.5024077402486
231.50259961934353
231.50198813354655
231.50316443882184
231.5021219506889
231.50155670747336
231.50351120838604
231.50189611501992
231.50285229217843
231.50233912550902
231.50274237107078
231.50251235201722
231.5025514105364
231.50226886237215
231.5027053700469
231.50245225304388
231.50217739507207
231.50283971967292
231.50213339540642
231.50250760355266
231.50236656439665
231.50148356342106
231.50347630440956
231.50191879954946
231.5029779041215
231.50224543917284
231.50268610438798
231.5023385768145
231.50263754271145
231.50254541350296
231.5024950641964
231.5025694893411
231.5022404105548
231.5027584038471
231.50231571745826
231.50270929276303
231.5023026199633
231.5028116061003
231.5022083686199
231.5027205958031
231.50247436806967
231.50259695273417
231.50199985898507
231.50300504820189
231.5021131420508
231.50280715245754
231.50221336624236
231.50278482740396
231.50237953546457
231.5022664250282
