288.29773896802374
254.9019909070555
258.67995775253826
257.9931760806887
258.09516556979383
258.07739104919756
258.0809165868591
258.0798912424034
258.0792749296138
258.08120795684135
258.0800124266243
258.0812088581888
258.0793251332707
258.08114748860135
258.07958046459044
258.08041071853495
258.08019818660887
258.08057205452405
258.07972449542467
258.0805281737321
258.0807047501894
258.08037863724894
258.08032911211376
258.07949166378785
258.0802298505987
258.0801877642298
258.0800792962491
258.0808050776395
258.0801617149191
258.08014612288935
258.0805545645471
258.08026252392847
258.0807740944874
258.0804701546858
258.0807093470157
258.0794663173274
258.0802829186832
258.08111396730965
258.08026921116834
258.0802824995153
258.0799841406988
258.08055802714443
258.0805892251119
258.0804452764278
258.08041482109184
258.0802730194009
258.08033207353947
258.0797363621059
258.0805564932198
258.0805677695571
258.08062782374327
258.08091929397415
258.0800801800506
258.0796904045965
258.0801625920285
258.0798316545406
258.0807628905459
258.0802039025875
258.0798185741296
258.08036281500245
258.08074267747725
258.0795577649624
258.0801943152219
258.0802754692413
258.07990843063817
258.0805309886382
258.08065561207695
258.0800692654593
258.08053839736385
258.0805862551242
258.07996936422205
258.0803140732605
258.0798047949429
258.0807573407292
258.0798034332329
258.08125088969246
258.08023157229763
258.08040999284276
258.0798338520981
258.0807857402251
258.0787112305334
258.08061328447366
258.0805388209701
258.08069781424274
258.0799445152152
258.0813995198914
258.0799608770976
258.07983477386006
258.0806531271737
258.0796073641759
258.0805815257045
258.0804605129888
258.0804176002712
258.0808019479009
258.07999669315905
258.08083345928026
258.08049542162917
258.0805448887986
258.0802216191223
258.0803900965184
258.08034654586663
258.0812525238871
258.0798239850483
258.080794905356
258.0797653789559
258.0800047111552
258.0801402382931
258.08033750992763
258.080158897661
258.0802590846215
258.08042867754557
258.08047147954494
258.08061743974395
258.0802620379327
258.0796298999194
258.0799095593102
258.0798036275228
258.08058794112003
258.08017619975726
258.07978042609466
258.0805321756343
258.0800304839795
258.08014992097014
258.08037540166697
258.0793291809896
258.0802734950703
258.08068424401426
258.0806255495845
258.08004974500363
258.0812534044526
258.0804417625768
258.0800891318504
258.0797413424443
258.0809721309488
258.0801614149168
258.0805713090667
258.0803536602398
258.07956281792576
258.08036178929615
258.0805863074711
258.0811663341301
258.08027412485535
258.0807495233821
258.0801240953879
258.0800911673432
258.0810613553185
258.08014346208074
258.08056175099046
258.0797573357704
258.08098539797356
258.0803327087342
258.08027263131225
258.0801196748944
258.0804505203705
258.08077758063155
258.0794612320169
258.08060242739157
258.0805164713529
258.07997425862413
258.0807317045401
258.07964505132986
258.08043604984414
258.0807785527868
258.08061327127507
258.07962439117546
258.08104425457714
258.080443119281
258.0804922722891
258.08053254660626
258.07921792339766
258.0808940535644
258.0806560667552
258.0808717652835
258.0800383199967
258.0804851766152
258.0803900387691
258.0805454792717
258.0806600750657
258.07990186547977
258.07999361168186
258.0810607305175
258.0798093274061
258.07953880450805
258.07989695770084
258.08005175304424
258.0811657670274
258.07940567089827
258.08061470577377
258.0799654064904
258.07919687502726
258.0801935806667
258.0797322001599
258.0802840175893
258.08009433807456
258.07985462166835
258.08057405470754
258.08050840233045
258.0800751855131
258.0801866482798
258.08069927945326
258.0793425708689
258.0805689361441
258.08046063884103
258.0801165063167
258.0800533150177
258.07983474992216
258.0792935125355
258.08111442945665
258.0799210242112
258.0803757192334
258.0808157753927
258.08091208612313
258.07945966544503
258.0805545230978
258.08043130674923
258.08047957620875
258.0801723770419
