287.9312827217525
269.9949437065044
270.58703802190644
270.561202137352
270.5612349800258
270.56175470586413
270.56206748104296
270.5619784727169
270.5619112868635
270.5620120155327
270.5621156733614
270.56260469011704
270.5612006835199
270.56282309621383
270.56135358211395
270.561708919744
270.5621337026623
270.56180546657924
270.5621589783732
270.5618027645651
270.5615361832388
270.562340499735
270.5616102421991
270.56226762447295
270.56138363641185
270.5615989549733
270.56261247631664
270.56180788991514
270.5622941420679
270.56228580729294
270.56083336100346
270.56218222234384
270.5623605719593
270.5615284694868
270.56094865869454
270.56234408024466
270.5616401332554
270.56184269186997
270.5606933499512
270.5622810959285
270.56187606784806
270.56051971052875
270.56207222011653
270.56165368955044
270.5626222622086
270.5611055676636
270.56160682687914
270.56219930928273
270.5615930790591
270.5617233616613
270.56076293814476
270.56145272324284
270.5618220450051
270.56220885106814
270.56203435405405
270.56169342044814
270.5619338519209
270.56222537367285
270.561332615056
270.56254219528637
270.56115545501234
270.561810977968
270.56156458550686
270.56221312355774
270.56183075795707
270.5620184610889
270.56190506502026
270.5610477713344
270.5613950400075
270.5619722213014
270.5622170382194
270.5614959849481
270.5620138673039
270.5618015641012
270.56191950811626
270.56195012617536
270.5620113603436
270.56226353887905
270.56183618458454
270.561994702075
270.56156652537175
270.5622299164097
270.56244035258715
270.56196057179477
270.56168718936533
270.56150209864427
270.5611619935662
270.56189144468954
270.5616533669163
270.56190219384007
270.5616279695896
270.56180901109474
270.56131908443786
270.56134363269666
270.5619867234709
270.561786242557
270.561634253434
270.5620471615912
270.56209391073935
270.5615164572373
270.5618050443445
270.56169760871853
270.5616073567726
270.5618586532364
270.56172874632466
270.56171845953213
270.56215864946716
270.56214243798604
270.56220204812416
270.5620451560171
270.5613706493896
270.5621724377197
270.5616482241021
270.5618887817982
270.56220353707613
270.5621728717524
270.56197617427097
270.5624467597372
270.5626693288068
270.56093638973834
270.5609124766488
270.56229806598276
270.56166520486295
270.56182542582974
270.56231640862825
270.56151231675176
270.56172150420025
270.5623052990559
270.56165659923863
270.5617118450609
270.56191517805564
270.5612732391455
270.56214807801007
270.5606902750005
270.5624014704954
270.5618017068482
270.5613129624835
270.5620836443559
270.5622511427355
270.5621719928895
270.5613666031568
270.5611776649166
270.5617823967186
270.56159122812096
270.56164826579334
270.5611515351193
270.56083563041466
270.56081266298133
270.56192508520326
270.5610252500919
270.561651751108
270.56228692231525
270.56183996930486
270.562238576691
270.5615266488603
270.5622199114732
270.56214143239777
270.56228873912187
270.5619532261917
270.56131546371034
270.56210536236176
270.5615425506694
270.5616587706463
270.5621494324005
270.5609166696231
270.56220086284156
270.5616710967297
270.56174673540227
270.5607944611693
270.56241723046696
270.56174074072624
270.5606946768239
270.5623655858217
270.56160193140386
270.56183132926526
