287.9462162281769
266.3485377213033
267.41815968710193
267.32507635039246
267.33322205446757
267.3307156687829
267.3309174375013
267.3320998515878
267.33107483278764
267.33154784090857
267.3317991400136
267.33148557136974
267.33178809793753
267.3299700275311
267.3313051494788
267.3314634692633
267.33160353565836
267.3312196936349
267.3315660172666
267.33084495217554
267.3322087802626
267.3316052780119
267.3323076075976
267.33175121239947
267.33198632441963
267.33203758501804
267.33194438620194
267.331283930047
267.33126859071854
267.3320624654152
267.3315240267002
267.33165717789234
267.33159657132273
267.3320128582418
267.3319696659855
267.33210152043466
267.3299889542177
267.3319205798398
267.332406199097
267.3310342131881
267.331646300383
267.3322608401213
267.3320885007306
267.3318808366748
267.3314986314217
267.33230927712066
267.33191894257834
267.3311542591473
267.3318084571656
267.3317600862865
267.3303785470125
267.3317387810348
267.3320125298924
267.33200872188536
267.3321030970146
267.33143564465354
267.33174073005284
267.33153410578234
267.33191535065635
267.3315216405972
267.3321138752435
267.3319190944094
267.3308849824898
267.33226473838295
267.331747368582
267.33211095266597
267.3315517938463
267.33284616906167
267.33201806358556
267.3319244693048
267.3325070936553
267.33202153164893
267.3321169272458
267.3310826631787
267.3315983033972
267.33207232288987
267.3314312045841
267.3318695733833
267.33230747597554
267.3313151566326
267.3317785044128
267.3320782680239
267.33062932288885
267.33190643154376
267.33212638209807
267.331989309685
267.331747367527
267.33099482212856
267.3318467808567
267.33015178456844
267.33164350128936
267.3323580946817
267.33087320113555
267.3309610846554
267.33077406149823
267.3322059954371
267.3318302155167
267.33223567825917
267.33161643055064
267.33071891182044
267.3315095646685
267.3315196709009
267.3317586282865
267.3321851437722
267.3316106915663
267.3319190863622
267.3320546986797
267.33166117796645
267.3318963183847
267.3311280556154
267.33182936982485
267.33047274383716
267.33157946320716
267.3302586733407
267.331120029412
267.3319043726733
267.331202501955
267.33237426647975
267.33045506371127
267.33218508269056
267.3321181318024
267.33229229688004
267.3307700329169
267.3313374656427
267.3314560317813
267.33163525816053
267.3322956512711
267.33106801503163
267.3320058074314
267.33125329835457
267.3319148612936
267.3315219670185
267.3303664325649
267.3306360929855
267.3312567198009
267.3323902948323
267.3320090285706
267.330843367803
267.33176487890887
267.3319890145067
267.3316103788675
267.3314545471367
267.33152352694015
267.33147845043277
267.33206277131103
267.3313359529129
267.33194862543314
267.33207897156535
267.3311915268423
267.33150538499467
267.3318227615673
267.3325569745939
267.3320727495593
267.33246239645814
267.3317604361946
267.33180997478485
267.3319076633052
267.3317149640352
267.331807148541
267.33151089580497
267.3323208050715
267.3305523400777
267.3318647457054
267.331341492958
267.33179115958046
267.33175552933244
267.3306921128242
267.33097232322325
267.33082522804034
267.3308739003842
267.3324502822361
267.33154652567464
267.3319139714731
267.3319349314406
267.3318945308565
267.3320049846807
267.33202159231587
267.3315182668448
267.33193737956753
267.331570395414
267.3317587302008
267.33180467151396
267.33194217468554
267.33183872785594
267.33108167431783
267.3321042116295
