288.25322593372215
257.17614844640434
260.24501862442753
259.74301266408406
259.80914575223574
259.799891711712
259.79967743234647
259.8011046508477
259.8012540204909
259.8005409261468
259.8009710321394
259.79989572521754
259.80024546016284
259.801551683704
259.8008819329616
259.80072759569885
259.8003461506605
259.8008213650519
259.8006815816334
259.8017506166452
259.8012659944361
259.8009295453121
259.80114224649697
259.80100654934176
259.8014247916926
259.80058641057985
259.8004610024418
259.80094124184507
259.80096240483545
259.7998290872456
259.8014795775234
259.80094232190277
259.7999096719559
259.80101825194106
259.80114155304364
259.8009984448545
259.80058132702106
259.8006742309408
259.80071950232013
259.80076760121665
259.8011438237045
259.80101234346876
259.8009192092686
259.8005002378486
259.8003207629372
259.80116645567614
259.8014261699318
259.8004521092771
259.79975624066356
259.8002152724148
259.8007124765718
259.80135136690296
259.7999582082157
259.80067285916084
259.8011217170024
259.80070852107383
259.80138969501786
259.8011010247792
259.80108270337223
259.8009394755827
259.8010203902995
259.8011757527638
259.79995753072944
259.8008382053449
259.8017486862482
259.80026677819114
259.80145364181953
259.80097303073853
259.80026786326926
259.8008150769492
259.8005643087163
259.80108891845885
259.8002531263701
259.799838237479
259.80116799278767
259.80043386638135
259.80085151956155
259.8008208444953
259.8001595477617
259.800568511906
259.8008777545474
259.8010624950839
259.80018887216283
259.80066146711033
259.7993060333538
259.80037960661866
259.80055422193254
259.80036376607313
259.8016900212242
259.8002637614409
259.79973199449887
259.8017585256166
259.80023909398733
259.800254078742
259.8013456957706
259.8004318365347
259.80049661229714
259.8004147575557
259.80048289067054
259.800832050656
259.8005387266603
259.80053934748867
259.80116911709047
259.8009601934464
259.7998111199049
259.8005548529036
259.7996017603873
259.80117029036046
259.8002465038735
259.8007922758843
259.80072257036954
259.80091375023767
259.80084663688467
259.8002048536946
259.8010303348128
259.8009889267487
259.80000037165155
259.8006664970526
259.80168752813915
259.80104775173095
259.80037853627437
259.8005005730156
259.8008436429009
259.80076370196184
259.8012853639011
259.8011000683473
259.8001082259507
259.8006201956887
259.79984933519154
259.8013756564178
259.8002421576675
259.8013422003278
259.8013613208386
259.80131871095364
259.80082681786007
259.80078815046727
259.8010603444418
259.7997216432923
259.80133152247436
259.8002915412362
259.8005412536586
259.80130435364845
259.80025621366804
259.8008658937615
259.8002343145199
259.8003353223321
259.8013891155133
259.80052233254537
259.80022064950026
259.80063351400895
259.8004940497485
259.80157219625835
259.8001731208351
259.8011390920583
259.79974674087134
259.800965062037
259.7996624705702
259.8005673953885
259.8007342831115
259.8003633729095
259.8009863815969
259.8005992719118
259.80047998296504
259.80180224229116
259.80041646519385
259.8015666925785
259.8009632867761
259.8010966390866
259.8003886946826
259.80157246490126
259.8005246180837
259.80058269388974
259.8008652799326
259.8010744842177
259.80166165399714
259.8004611799115
259.80130302101315
259.80053634013166
259.79993933635706
259.80075020836375
259.8009006238135
259.80123508971883
259.80098956631264
259.8010073336336
259.80107110299286
259.80141753028147
259.8010361346096
259.8005986583157
259.8016369836405
259.80059258645633
259.8009582778759
259.80119773764454
259.8010915126506
259.8009599331999
259.8009243267297
259.80075100607064
259.8011554307159
259.80058520045714
259.8014475749369
259.8002319139341
259.8004194097157
259.80032359066536
259.8007949933235
259.8010066390707
259.8000680757541
259.8011960755248
259.8005578406737
259.80103870008315
259.8003777521808
259.80134398188966
259.7994429651735
259.80103980452986
