287.93568903415814
267.018611322693
267.9893899746048
267.91179272417276
267.91588317280457
267.9163648228896
267.9157780505175
267.91600296283514
267.9155180374728
267.91550277614806
267.9163529740472
267.9159416563434
267.91380273856794
267.91668031243717
267.9164172242672
267.9163766265465
267.9156985640311
267.91540311507924
267.91604591082614
267.91630102320596
267.9165025487182
267.9158244397531
267.91688096717735
267.9161342211919
267.91544660881664
267.91602476911066
267.91631871158825
267.91622451959665
267.91616465583684
267.9159452257063
267.9160747343085
267.91609639169474
267.9161911760966
267.9161529343801
267.9158935899213
267.9165002349946
267.9156164570413
267.91584939631866
267.91605225296007
267.91559632098506
267.9159766227385
267.9161662241386
267.91524269513684
267.91599080672677
267.91617003516876
267.9160399163811
267.9160934956235
267.91648361944317
267.9160486305591
267.9148169873515
267.9158450049181
267.9155285819943
267.9164660011156
267.91572536653257
267.9151991483377
267.91639747290174
267.91635888028395
267.9153759270048
267.9153708776648
267.9154953307843
267.9159389401975
267.9156816894247
267.9162335648507
267.9157348287481
267.91650761491474
267.9159651072114
267.91586662861664
267.91582267529884
267.9163845834264
267.91650595561805
267.91520103104267
267.9159205925607
267.9160236663156
267.91532116715825
267.91620234420407
267.91627877225983
267.9161457359369
267.9166087135018
267.9163857987296
267.9163170299944
267.91544088188675
267.9163677129254
267.91627598929335
267.91670717060333
267.9159143622164
267.91563600049994
267.91601137559337
267.91496973254107
267.91525088917115
267.9157383301863
267.9157839700856
267.9160752728858
267.9160653409708
267.91594026326493
267.915846993943
267.91633405892935
267.914651568055
267.9164994665625
267.91653522058914
267.9164609599611
267.91599826939637
267.9160723247478
267.9159046109926
267.91539615517104
267.91536169702886
267.9158678465028
267.9164639170194
267.91557318135165
267.9165803288197
267.9164234676282
267.9171907530326
267.91553234693856
267.9165667299094
267.91482597240247
267.91533527043066
267.9166378866139
267.91649162594695
267.91570871399017
267.9153082400953
267.916369759565
267.91635029786266
267.91514288587496
267.9155467458331
267.91617660784686
267.91690795632894
267.91607661085436
267.9145722099929
267.9160237144097
267.9167179293436
267.9165702091559
267.91554911651474
267.9160189365648
267.91468200569216
267.91568105896295
267.91556685362593
267.9153002815583
267.9161504160875
267.91595060552936
267.91684286239615
267.91640654965886
267.9163247395918
267.915669389331
267.91605491773225
267.9162702790927
267.9162685295887
267.91552195805707
267.91534645437787
267.91652494981827
267.9163230702834
267.9164388538338
267.91482801789243
267.91638674173737
267.91648167322273
267.9153991974017
267.9163778476359
267.91619121911936
267.91533334455744
267.91653318364115
267.91605757182697
267.9156262421893
267.91634059867647
267.91611865360755
267.9158417186118
267.91633184709644
267.91519038871047
267.9161736185779
267.91642150626285
267.9155727792386
267.9159950234025
267.9160718088533
267.91570426296676
267.9150197139388
267.91623477196845
267.91497940485715
267.91665045081754
267.9159270414384
267.9159015406476
267.91671975197096
267.91548543680983
267.9156003964599
267.9168530689494
267.9164093440777
267.91637510052533
267.91648206769605
