287.6767329094587
71.77625578658348
116.00377138418429
264.02911455850096
155.76503024641784
168.9347875800811
193.55694748707765
241.53409301457282
216.0456353304371
229.74414773202352
221.82072304177655
226.6094931658713
223.46787294420892
225.68051232994367
224.02526866852077
225.3261285245717
224.27365486842973
225.14501279132764
224.41510731523795
225.03200335173642
224.50899752834084
224.9542331091252
224.5758440388172
224.89823868983422
224.623318792007
224.85818142586777
224.65770626297672
224.82911531157515
224.68266510738613
224.80700245791377
224.70121314390235
224.79180081775849
224.7139804045255
224.7798444651271
224.72481884624722
224.77226940384935
224.7317644133218
224.76608477841364
224.73677035495166
224.7616824884317
224.7397657356778
224.75797161878836
224.74329630200737
224.75654265527737
224.74447993495778
224.75473260226318
224.74582761811507
224.75377843831302
224.7473150879905
224.75216935378194
224.74781934970997
224.75143283071702
224.74921013893618
224.7507360556301
224.74937461839727
224.75086829463908
224.74932450134293
224.75099874616717
224.74904273840002
224.75101226156403
224.7492229680065
224.75055987910673
224.74940379714462
224.750953972969
224.74953988519337
224.75070009137198
224.74913078748068
224.75051961175268
224.74951568177858
224.75079025181913
224.74939380069918
224.75020801965366
224.74993849592283
224.75061081500462
224.75006878418935
224.74992213369114
224.74976929752665
224.74978835209185
224.75029273572727
224.74980224941464
224.7500494564374
224.7504672588111
224.74958356422212
224.74978434791774
224.7502017558254
224.75017453392866
224.75027372387194
224.75037497191806
224.74952182028574
224.74999999527427
224.74964559841465
224.74999678728273
224.7500853375932
224.75063524725192
224.7493005579272
224.75035219113852
224.74976378501378
224.74974650241347
224.75025890829784
224.74964010021722
224.7501855914088
224.74941953034067
224.75011378039562
224.74986564643768
224.75058933933542
224.75010806867067
224.74986629396153
224.7495305557095
224.75008665197674
224.7495310274535
224.7502423156111
224.7496222037371
224.75039030482003
224.74977759974718
224.74933889811655
224.75054788596026
224.7494939938333
224.75010178174853
224.7499687511081
224.75034052380215
224.75012520146993
224.74952254382515
224.75068611184543
224.74939302373969
224.75057643032778
224.74957169567642
224.75001645636803
224.74987116808916
224.74993677976454
224.74950578060816
224.74998592342308
224.75020988882898
224.74995994286292
224.75049610323913
224.74952502750966
224.75029423144588
224.75022036118025
224.7502402720056
224.74967958175694
224.75005482342385
224.7497300908144
224.74982809893845
224.74900488230196
224.7510322261005
224.74953994717362
224.750746315578
224.74933451737888
224.75042609080992
224.74925626753975
224.7506927689974
224.74947924012667
224.75027194102586
224.7500114020295
224.7504726398547
224.7498976744755
224.7500236147389
224.75025354297395
224.74995309278893
224.74943197490938
224.75081376071466
224.74988906599174
224.75062060832715
224.75013277996914
224.75021531261882
224.74955968532595
224.74990506732865
224.7498041943618
224.75012314184278
224.7498990815875
224.74979680800607
224.7498773085972
224.74972972981777
224.75030650705594
224.74944614119886
224.75056073253654
224.74926070712536
224.75094320731296
224.74923024640884
224.7501918756825
224.74949825807562
224.7498544249247
224.75036806885328
224.74956650125387
224.75026257194986
224.74882843637897
224.7509099726958
224.74988539441256
224.7501008860636
224.74980304347991
224.7507990196682
224.74983874777536
224.74995938556094
224.75039537681005
224.7496348798959
224.75048112441436
224.74899030084634
224.75060347832914
224.74924533894955
224.7506495392372
224.7491678714723
224.75024991627288
224.75013584658154
224.75053496860346
224.74983185486053
224.7499530288478
224.74960928218934
224.7500071010145
224.74953865459247
224.74972992348194
224.75033222304774
224.75008355925092
224.75067901675357
224.75005970038183
224.75001573395275
224.75034023274202
224.75008857858484
224.7499060142145
224.74948457088612
224.75044113289914
224.74991294984648
224.7503830837377
224.74912907357793
224.75093758538424
224.74904645234346
224.75092809308262
224.74927684280556
224.74980793657596
224.74982568214182
224.7505108017067
224.74951503095508
224.75046026942437
224.7500169378036
224.74997166081448
224.749742745189
224.74975651301793
224.74976407381473
224.75033083886956
224.74922694421548
224.7510174086783
224.74917410200578
224.75027323579707
224.7491988223337
224.75086704600835
224.75002155303082
224.7504979819205
224.74942139188352
224.74965327294194
224.75054190855008
224.74997237703064
224.74972065829206
224.749705416325
224.74976367624186
224.75013303964806
224.74940958671505
224.75049983953068
224.74990056997922
224.74955961662636
224.75055622718355
224.749623627009
224.74978248166735
224.7499938478577
224.75004778493894
224.75015737676586
224.7498377986485
224.75020924655837
224.75006710278103
224.7502204547054
224.74998757836875
224.7497587922262
224.75030319634243
224.74952274649695
224.74995734014374
224.74901355488691
224.749555105358
224.74946233513765
224.7504152131296
224.7493605694326
224.75053245478193
224.74923111974203
224.7507603973936
224.74906782066682
224.75082843142445
224.74890586159017
224.75058392573555
224.74964906045352
224.7508040706016
224.74921868949605
224.75015406365856
224.74987339445215
224.7498348124209
224.75021149437816
224.7497953902348
224.75013149072765
224.75022172523313
224.74958904662344
224.7499136293918
224.7500869962969
224.75030293263262
224.7503333639761
224.74908026502817
224.75031919738103
224.7495717654674
224.74979043268831
224.75037929938117
224.7493712548894
224.74968525853183
224.75042068061884
224.74971232461394
224.7506146835076
224.74924299208215
224.75024341345124
224.7500726685539
224.7502122651058
224.7500870601798
224.75037350731145
