287.92720898348017
268.27916726639205
269.08109239120995
269.02672417975236
269.030754433782
269.0300073569306
269.02989315691184
269.0299094710049
269.03038379037116
269.0298518319569
269.03012276289064
269.03034719946936
269.0299623089486
269.0295773791231
269.0300575687643
269.0303470276467
269.0301975223283
269.0303409245462
269.0303671657002
269.0303288739706
269.0297431203162
269.0306995408464
269.02952201665903
269.03000486308156
269.03062125833276
269.0298865563582
269.0306739833395
269.02995715458565
269.0294453506649
269.03031074061073
269.0295453293511
269.02935603161313
269.03082739991805
269.02984136030864
269.0302234864175
269.02977643239865
269.0298101512308
269.0303214375235
269.02973757813743
269.03036579890977
269.03096298217497
269.0301223839051
269.02999696732877
269.0290818280773
269.0298946910734
269.02937567336994
269.0299497276719
269.0295492089572
269.0302109240947
269.0295951085791
269.02999791807815
269.0306779257189
269.0302622292984
269.0300987487535
269.0305097707824
269.02989739268014
269.0302733905628
269.028977205453
269.03049352252856
269.0296820818912
269.0300021328949
269.0303562967965
269.0302016151909
269.02932910410163
269.03044979113474
269.0294783364807
269.0297678504576
269.0301089261775
269.02984643980744
269.0302884714547
269.0302941806949
269.0299982193319
269.03028894893214
269.03003179096413
269.0302787627006
269.0304639321912
269.0302785278691
269.0303209036865
269.0302943189963
269.02878266896005
269.03085180879134
269.0305104226063
269.03007357516617
269.0301475784945
269.0302266593353
269.0303967097643
269.02999035173707
269.02998281917826
269.02990159383626
269.02980614138505
269.0300889815262
269.03028667154285
269.03031949338765
269.03014373743645
269.0299517216481
269.030446564022
269.02999030078354
269.03020768566785
269.030562119362
269.0294809783227
269.02931677011657
269.0298727703703
269.0304322713928
269.03073201891675
269.0304639040114
269.0295404497883
269.0300498090437
269.0302552962821
269.0296618711873
269.0307636524085
269.0302346748067
269.0296367664778
269.02975582172076
269.0303143453566
269.02994331037917
269.03062582744315
269.0297339702811
269.0305566086754
269.0302479883758
269.03044484354905
269.0287080325652
269.02970127767185
269.03020260474295
269.0299430789746
269.0294324727729
269.0303326927242
269.0298495734605
269.0300012196385
269.0295039978664
269.0299200339505
269.029469558649
269.0302226816857
269.0300824419828
269.03059854933235
269.03043317314587
269.02935214444005
269.0300706278067
269.03005043313897
269.03006336266117
269.02924076969794
269.0308234458935
269.0292168900778
269.02997891264386
269.0297078323056
269.0292083332315
269.0313301430724
269.03059308252705
269.02868683800625
269.0309232860309
269.02974920406996
269.02953729455476
269.0302814878669
269.03030889690854
269.03026771510486
269.0299115808011
269.02905204347917
269.03042096059653
269.0303995092254
269.0301616383658
269.0301414575224
269.02882732459693
269.0296979722334
269.0304424608621
269.0303541898611
269.0302440900123
269.03097193058056
269.03020664150245
269.03080720415164
269.0299157800473
269.0298730869399
269.02928833857004
269.0301869656396
269.0306224478263
269.03070394721
269.0296428688598
269.02998648067296
269.03011040265847
269.0294092207041
269.02984474698314
269.0305099463585
