287.66806019853476
223.0364100678703
58.82902629205046
228.99020262922284
245.88363583720206
239.65873511472728
241.59749366342203
240.9201293624542
241.14820434288686
241.06941659795666
241.095920404578
241.08718928899953
241.09023971777424
241.08957128763177
241.08931622328237
241.08981907033376
241.08943429688225
241.0890191085973
241.0895977799364
241.0895382223871
241.08890183068706
241.08920119016784
241.08893822226764
241.08995005027646
241.08891653964565
241.0894240273974
241.08956981512165
241.0894352628129
241.08960123792713
241.08897268586588
241.0893720040658
241.08956521527398
241.08946846617437
241.08954534644
241.08942770434624
241.0895079677357
241.08976129006987
241.08881874512008
241.08913321267391
241.08952196880273
241.08947767705104
241.0888840591906
241.08979413356064
241.08949492939428
241.08976243566212
241.08891008777937
241.089733167144
241.08919547306868
241.0892593791432
241.08958783857452
241.0894137099749
241.0894480571369
241.08949260278314
241.08980348040132
241.08957563172953
241.08892676366668
241.0895582389894
241.08899223532353
241.0883528582308
241.08931511941046
241.08967853444847
241.08901575297568
241.08890415682617
241.08998617363613
241.08932784273566
241.0890036438359
241.08925006914797
241.0898784134297
241.08932605003793
241.08917057126018
241.08955661354048
241.08947912488657
241.08957982792708
241.0898179972828
241.08906738279256
241.08983117674507
241.0889445326502
241.08943195906977
241.08974283429052
241.08900218545023
241.08953875177394
241.08987972249815
241.08888785912495
241.08913455783477
241.08904801289827
241.08979098506097
241.08964526135605
241.08973198403692
241.08952394662992
241.0896986291773
241.08911762933712
241.08934356985264
241.08942770517024
241.08946493366238
241.08916422827315
241.08955573332787
241.0895268223976
241.0892514344887
241.08934116812452
241.0891362810944
241.08915341049578
241.0891599927054
241.089543457354
241.08898243036674
241.08913656493678
241.08948506329034
241.0887373105943
241.0894010664706
241.08896472805645
241.08917440876394
241.0895358415437
241.08905776133906
241.08876204788248
241.08918654076842
241.0895978653425
241.0893281801982
241.08915376406367
241.08924400551768
241.08951662519394
241.0888637629323
241.0898985697131
241.0889052870407
241.08947267716576
241.08967398726236
241.08964302441746
241.08966824067465
241.08924319891958
241.08910039388866
241.08903753302002
241.0890128717656
241.0899366628655
241.08895915345784
241.08952840429265
241.08942892648338
241.08865099854302
241.08988991483056
241.0893505851127
241.08892387937522
241.08943548349635
241.0897880817647
241.0894106994674
241.08878833673953
241.08975456459302
241.0894932175579
241.0894463410732
241.08944161611726
241.08942699011095
241.0895920621042
241.08937011906528
241.08978588138416
241.08956625140127
241.08893024652934
241.08962195891218
241.08952998348104
241.08905998117552
241.0897592408728
241.08877671517985
241.08954369020648
241.0889965394963
241.08902039398527
241.0895922449199
241.08976238928153
241.08930828289158
241.08904139049264
241.08950777925202
241.08950219568214
241.0897285402898
241.08891957905143
241.08954000593076
241.08895622445561
241.08957699974417
241.0894386275977
241.08976841606636
241.08941279741703
241.089056730656
241.08963287983352
241.08941588528978
241.08945797584602
241.08919872995466
241.08960140960698
241.0893854470487
241.08907248660398
241.08965557497868
241.08885924551578
241.08973373787012
241.0893521283433
241.0898049014213
241.08909246396797
241.0895598330535
241.08894021720334
241.08898904365196
241.08906853389635
241.08895312006644
241.08909538408625
241.08895983773982
241.0897332936147
241.08945028905873
241.08899664848286
241.0896830218553
241.0891923277086
241.08869732329913
241.08983075080323
241.08862547921308
241.08961675324827
241.08965798834106
241.08901716122637
241.08987499504292
241.0886877240846
241.0895892381668
241.08938391644915
241.08882503512723
241.0891058898269
241.0895535871532
241.08903883107996
241.08877875677717
241.08876407888602
241.08944715249527
241.08936624550552
241.0892109395645
241.08905376565235
241.08953394019045
241.08941079147917
241.08931201085215
241.0889390931261
241.089668223256
241.0896918572107
241.08887855129433
241.08989605309034
241.08924954841495
241.08907868087408
241.08910663760616
241.08946940817987
241.08944487517874
241.08923241888988
241.0894619385217
241.0895162148372
241.08903167949757
241.08919831468666
241.0896192528453
241.089712518733
241.08954134561645
241.0897366879508
241.0893796934979
241.0892275331571
241.0886536949838
241.0885181039339
241.08947906184767
241.08922275350778
241.08947132338653
241.08886828819232
241.0896176671231
241.0897193855344
241.08887696292368
241.08905852388125
241.08909313521872
241.0896473769535
241.08969584621082
241.08974233576737
241.08931702064
241.08895131974714
241.08908660213638
241.0896428728447
241.08954175647523
241.08936443355924
241.0896087453002
241.08865212954697
241.0891768469446
241.08962251180492
241.08935122010007
