287.32780307586336
78.38764362777903
220.58448648441367
230.1642081115309
59.070174339730556
230.3273945789856
221.11133484443826
76.78213268072659
218.13093631306197
95.3785382665792
90.45667151563248
258.4793156776086
189.84091913159546
178.6906617395107
233.8652737657203
211.75582476711634
124.60257507610231
248.46967679792033
38.74596341379947
44.6896037081724
243.00222793651028
204.4173711906924
150.9421657495568
122.31270340150695
15.75494149846054
268.0429570222659
148.09071778666294
241.86015720062642
211.70650082820976
103.40807262845738
71.30689139329843
253.65520432040466
192.7590760548046
184.6402067692843
12.712924420949093
258.44551407587824
178.07214211896462
220.5945985756207
83.1673277318605
246.87890253742808
201.38836123142028
156.51512441442173
119.32934853049301
251.27795560445338
147.92785325414116
266.71535830645735
144.97450507035683
149.4318960037508
259.60751377171255
174.66510224683043
222.09426445772806
81.27992971111235
243.5685755689301
37.56739918956919
236.3434618965075
213.46543089250008
100.0556390892998
81.63181403005001
215.54541124048046
126.24414586631246
226.92916085231082
92.78205756413263
262.86721502870205
175.94964769844592
215.82995553663204
114.1546430591552
233.8704643043984
220.91942017414112
76.9892284368616
218.95616502118355
230.56948765762354
58.41317236131363
230.489643127632
220.5222462746533
78.40067390656986
215.20156897379275
94.96220176720453
122.76787607962979
229.03677701772904
87.39278704457683
231.34619135428875
69.73970073537203
242.11480716412916
229.57824503353913
213.96932763283257
116.74363418744178
249.1048228768741
241.96833452119972
207.3372944238581
126.83756988278037
228.93605121275687
222.71922985985293
73.53353368539683
221.52806443904046
229.12647187981202
60.81086062641043
229.60038840528432
221.17101209228713
76.99239545433738
217.0623063783314
89.72190449500704
170.40863695180087
198.45171241310527
216.49147780562998
233.51592439357046
220.4108022485052
77.93918653353467
217.49617582087012
231.7641571674103
56.60656196556738
231.0999420715707
219.7198319416566
80.55077030757093
210.4698992443009
109.89901726163953
49.04321433059158
263.54130488357623
175.5092796178833
210.55772550088295
256.6310957037167
170.055412255384
58.724603196740645
236.77316360132681
214.56502572210593
97.81225220572378
90.38052238282762
204.3695334126678
243.013021210867
211.93538893024015
102.76990326802843
74.19076471488006
251.578327954001
142.82841887912218
266.3730338970163
158.0057634155528
235.06119773922546
49.923742591439805
233.02274414576823
219.0987316593746
81.13992903044709
211.5531511888621
114.80852122456417
21.220807512567262
253.58354486919416
256.79209459762205
179.08603344421863
220.7766943043025
80.3360333475357
192.33303718121897
259.6619161875569
169.80348752655118
230.6650222530734
59.281033873019624
230.41275063518697
220.16538171482534
79.76165416658478
211.30577782166802
107.59344881265133
58.98855097275373
262.4046472253176
178.68256469744665
210.48686500817712
240.41265762911644
206.40286008101248
141.78478805544728
159.90569791191956
258.6122302963122
171.66505720451823
229.34659091720096
61.13495252062421
229.9164753297082
220.74339424812206
78.29034661270998
214.38936976749392
96.7466665540851
114.46139751501323
236.12515519920998
233.46338592062966
210.9069904819262
130.3692419445215
245.4199211691448
36.081555025230045
237.0408905647928
212.93285207923327
101.94687541925668
74.56139725793037
232.68714895227458
223.56722670471936
72.7037496886478
223.11820068524685
227.0592298997508
64.61537140076689
227.6519110166264
223.77088757173624
70.93833117852046
224.04569164471468
226.73816259435262
65.2036233598119
227.5449624797766
223.45802398105297
71.68163019906206
223.2339448892235
227.67672886094078
63.60219880736986
228.3505546578599
222.4774324193786
73.91586265711521
220.96771771260683
88.40525392617565
136.43538106398773
246.17826391652488
16.775685231747048
241.6091211101375
209.18607298188726
114.91824376019213
41.84800724241359
246.04844759925618
202.47048758453457
155.5552389808654
114.8936562283925
237.92900323514914
51.173012871993706
196.64648022376787
249.6208635641815
179.82153898035904
27.180332563613774
241.72869198380067
41.848779785963416
56.283768304478144
236.23768000648852
219.3004425448962
228.68381502290868
61.94103841643664
228.7944663099479
221.79618134552584
75.55249981310044
218.89227174078405
85.56808191697928
197.53071895315225
243.13278942377656
40.96340461348882
57.75674992668792
217.43521143144608
120.3344266782442
258.4169090848518
142.19531727516733
259.1797051982576
178.4511187313692
212.12438675215526
239.504513728265
206.08926576103113
149.56455152838316
240.71208786287752
44.41038169622334
48.664811021095375
17.99758213206951
254.71797853124735
177.56972589455108
51.980056313179375
233.53850147382036
51.285568283747125
234.1934626768998
215.23134317380027
95.99865810553456
97.98587571977987
117.47614909303957
230.98836758998368
78.11053411052853
235.8206404140219
57.273850804580434
243.5510002633455
228.5060241010142
214.34279385326954
116.72669658130326
247.90134608163498
4.87268064924865
241.87368341884576
208.36923751982977
119.05936695428682
21.485255980558577
250.31257973017637
192.03465773523203
205.7131417174969
130.72728891053703
250.14853138450417
196.62712753178494
175.94229426278616
45.09225274628261
256.0411833416438
183.2527049745695
215.58214415582188
99.4887777286931
242.03029614515253
209.92647190231946
110.57828538538888
49.865965372358914
258.1487553414481
173.86477301159175
228.48832422377018
64.73328840384784
224.00609111790254
69.09070616452664
225.602535550046
226.72201769704407
65.8621347998851
227.23164170916425
223.23614765440288
72.42072087065026
222.1033441836189
81.22736685565906
203.83987341022294
142.72946138736734
260.4039380263566
174.66569833020912
220.92885078878317
87.6336548919935
257.2726966673363
183.35758425029053
212.2177131352655
126.39434564107796
247.13287291114102
12.367635289629106
241.51307671295945
208.17537372675724
122.07521990440728
232.6197576460836
218.5493479512952
84.73838377336506
189.71883630740922
214.68662785028573
105.36366569231905
240.31359598167182
212.88989945048525
98.91330024905619
94.1766702265013
257.4572597189108
148.7337600125611
259.65023070393363
160.97397055011243
84.29253469590913
201.9409892861877
199.65244011679897
150.09967283837614
259.29870759355254
175.15685133458464
223.0539308043226
76.18143893349043
248.53943135366717
197.54235640729894
179.72229373628215
226.76935725669318
224.3203120506514
69.90110567142256
224.70180748782877
226.25761664005404
66.10630538941768
227.08367736119544
223.8799140422052
70.79892251324782
223.93759479404252
227.0480191339302
64.69979897160374
227.8284485454933
223.04115419529262
72.6380786834925
222.28018902814074
228.54402355873026
62.061119508580305
229.03654591435043
221.71791080367984
75.70789338112809
218.79733897438564
86.03141245193547
194.26855711464304
244.53432657846133
39.75070734952169
54.42731427907711
18.26418326921703
152.46124488352507
266.6072534839477
163.57710544927977
222.0787978786684
235.4077699322661
211.0568280787993
119.81090282303921
212.7616681739746
255.71321227381122
179.75964605361514
220.6104266767652
79.96527029937715
208.0183462666173
138.63663128497137
216.08126656927925
92.85445086828258
153.16665878576168
213.51298399781808
178.07280118824565
249.05416596503346
205.45754599952488
123.86701712793729
10.942875187043683
260.9088249164488
169.77470653947967
229.6352271904907
59.74878113878367
230.46924713543558
220.81142034484947
77.63071655209933
216.70758818631293
92.13339354364143
140.01896997644508
220.49648342597357
134.88062367006205
257.8167880531255
192.01649377263675
