287.7205453356528
248.3733706852389
80.41105240566492
228.41676706490114
150.23902890005638
252.36991179093798
71.64803646244991
233.3515326720326
124.24392908546952
53.999920269646736
245.45201480269816
90.18603343276709
200.48734979254004
233.5561687806903
111.9159748633615
112.85476703438735
255.89033151531157
72.50713045464272
264.4048873852835
52.30199328378512
239.36790578175442
103.88245183418167
161.2985025873677
249.1681098142526
81.68319351963237
224.32399474394606
186.8233055697183
233.97312116872854
137.87124407861484
254.1073323046894
68.80686719858022
233.99296231150674
124.77767630505787
55.906591181665135
246.34739176111725
84.49688741988939
226.07782252975449
160.7860104293286
249.3953921937482
77.1481264316426
230.90329558499616
134.80085120250442
19.89338253087226
252.43724766072228
72.08039704960902
232.57672558160084
131.544348596266
256.6720591008125
64.55634238107814
235.8688159178564
114.3412562430367
88.0123766261404
265.4325073683867
51.728367712661566
239.56986820391285
102.6918062299319
174.81244486482137
242.7312128523954
104.651568052921
260.8617113598757
57.92713671304591
237.82902306203323
108.21963318323833
125.86735555427185
258.73163174911497
61.00456691955878
236.765286028638
115.11055109324843
81.08547460050431
238.0324221651499
109.19071531961163
128.9976873111409
256.1965378998357
67.78333649506749
228.31751421336594
181.85544603827657
231.48225635640483
170.48036917973877
239.51902671774224
122.3420440987029
256.49568000129875
64.8033094347411
235.0852070489309
122.76224575708329
258.1799578940627
62.20944726643211
236.57892377188182
111.92504316438135
101.0532474879401
263.3271314351732
53.80788449984175
239.0750168124614
105.11841604462097
148.58859386917538
253.75859370686157
70.26250080757745
233.3104565418871
130.11374947133663
256.8229079437333
64.27495766397624
235.9498137887167
114.21269921038038
88.40420639148579
265.462480128881
51.88865392511434
239.5126924639626
102.75103743821455
174.8644332866752
242.55673411790121
105.84200774224155
260.60571410262855
58.18578275427717
237.75574670173592
108.63762124587447
121.81433943396405
259.828937275277
59.12373098547323
237.51258822869568
111.22627523586925
98.93894271606405
207.37444291034262
228.77588258618562
145.59962942493075
252.70378695564068
71.12574183043398
233.37559584102928
125.78053680420999
51.439190747285465
247.13659284753157
83.35431623248223
226.15257736690182
164.40054306518505
247.5973408506543
81.25769927387591
228.269149873453
149.11414914292982
252.8825113845778
70.7678999882919
233.74106214087806
122.29610164486076
59.009922279386956
242.46005489115487
105.08862590359058
260.2134848394562
58.321598253598495
237.65637775413052
109.96825645465287
108.30158421790111
263.29071244721126
55.874291536572855
238.40836463676533
105.55196980459004
153.15105585806305
250.25456172429404
81.81687783741654
194.91384300545178
230.25642219454312
171.09568523797498
227.3417475104725
201.9536347392641
195.5011138666814
237.57676048231951
102.00450610952976
191.8563699452643
226.38433818055637
198.49968010297744
215.92192496985808
216.2167270679056
178.48389969728305
244.16383410394337
86.78942582246236
225.324916020174
157.63343212278414
250.65635036185267
74.65677597803005
232.0134921160643
130.6832967263399
41.73619063852675
249.01282522873953
78.87342521731625
229.21371649405046
147.6761344369006
252.89886909797497
70.7165298879845
233.6873477086774
123.11095453047164
56.84064043817489
244.67993429874332
92.7095956727353
185.08921850745537
243.0965975365907
88.83298262439348
223.638535483522
166.66888323362218
248.15882573171984
79.31009550220188
230.00555460510805
137.47704630677617
12.099238671144121
252.71983099939098
71.4974007037963
232.7477913568
131.33797400889307
256.66312935644237
64.56498943582119
235.86302534975403
114.4063678855091
87.63230706685135
265.51401813600387
51.724253181091626
239.56135549207102
102.65663950308226
175.36604583845474
242.39144723462232
106.24645548185799
260.56068260170287
58.26777499695163
237.7328858540568
108.68998608779657
121.49650789159205
259.87522304811137
59.04443282043212
237.53233507167897
111.1773353140452
99.1471681388648
207.16122676852683
228.8400980239312
146.39177961683163
0.8544110730654211
252.13188117570826
72.30794142283412
232.95831064101367
127.00288494249253
48.51671681683365
247.63597057441802
82.33568392979942
226.67037092510145
162.84748626114015
247.98371523538663
80.5482564221893
228.61982484176406
147.89852308210538
253.14395692606195
70.31729145509598
233.90417709359463
121.70880182902329
60.64303517432563
241.51842704160663
110.6351936076826
258.806540539641
60.55053694074013
236.74412450338423
114.94107681285095
81.58208191135782
237.7054833853399
110.62225026797387
116.78111213321972
259.16016891515756
60.9770105351854
235.64432629905787
126.53594872645044
256.7333888723442
64.0828737595948
235.86979881885054
116.06592590235232
78.31954653994762
236.19161567820993
130.9257738147353
255.91126815307507
65.57182612323231
235.24817332040402
119.57999694196042
66.87973065508413
243.29303761952906
93.31537159135041
215.41584247541323
204.29514375630242
225.00558301986166
164.39457981604937
247.81473107691272
80.39505172113422
229.02660092996666
143.9544992781739
254.28752153698588
68.32327030575834
234.64721829218615
118.74556651950115
69.96811164473183
212.91132229979848
217.39809119011625
211.04713380652538
171.44047070627857
269.2099348956399
48.44842344394419
240.13788541060057
100.1121056220727
194.06093029103067
230.4632214285375
167.5516921629751
243.18340045520745
100.12699014028476
261.58768054239044
57.202932065934874
238.00082195769937
107.26955679296225
135.43403561411833
255.97056415207044
66.70620320455055
233.9049991628999
132.26651811480406
255.7839918761747
65.71098469634308
235.36382051974942
117.64143143022375
72.81998979169293
238.9417888547905
116.20463885593927
259.08363917328825
60.416584529259126
237.11703111761017
110.94261221458146
104.94937364519865
263.28765458019916
54.6042483823403
238.8634910947876
104.92831116910384
155.25720694508345
250.50361217920727
79.48714782726893
222.74254472201574
198.88809387930087
219.87609957203676
205.87634104624158
211.63573327068298
218.44520703537273
181.62949468565057
241.46352851162374
94.10673071267956
216.33509509189753
192.05353448231472
236.93094070648658
106.1200442671543
158.7895311309694
244.85144685016712
110.27142038338934
257.837160216106
62.911974453847506
235.09115439705784
126.94653331350128
256.8868794278678
63.890732393294456
235.9971633013629
115.02105595664761
83.2253792603733
208.4206548176153
232.02326139099023
115.26928090135334
94.27809709422581
259.8896132733498
61.4562722461269
208.79135955720267
225.9484882425313
175.89740274001088
235.3893070768827
149.0735502337775
247.89635893938248
88.50269697661861
262.9293866172666
55.26513597414305
238.5271056950296
105.68827592144953
149.27388345806685
252.15537364313786
75.57968123872706
227.12566331798735
178.89072950024274
237.08609821925347
127.89747554801579
255.95301925041713
65.53913799360453
235.12108357272518
120.73259805166163
64.94444192980882
244.1193771582184
90.14988033713598
220.9330341277091
183.7841625566216
240.07732533095987
99.36732190585462
201.58233913726872
221.2013152885629
205.39823461667402
212.45489330221608
217.64731527137337
184.03542393549287
240.29973745437746
97.08011326786072
210.12920318703982
205.9955749711953
227.2529813781439
139.85371926224616
11.788785688579082
237.78187500986678
160.79416264106112
227.09334804641549
208.9616846414865
178.78987700895232
226.00663450149295
201.0629971906892
189.8899594215036
240.21466738535673
99.21488646924263
165.2439349021297
236.7670081743272
156.3138281430729
228.52860989325563
206.03840917920752
183.8153575649776
