288.07205662110374
262.28062497980864
264.0847749981622
263.8640726226902
263.8866185384477
263.88352084276084
263.8837504070243
263.88377250588564
263.8831109772709
263.88376753606735
263.884654088306
263.8836259378213
263.8844620923255
263.8839636677676
263.8843730451381
263.8840791964303
263.8842701736248
263.88338842741905
263.88449672596107
263.88394756840535
263.8838493164185
263.88383968707603
263.8844496053607
263.8838677724307
263.8841575214501
263.88319819803473
263.88461601727977
263.8842123156919
263.88424069904795
263.88447106710555
263.884190247858
263.883225051075
263.88289614965834
263.88372222268663
263.883423872343
263.8846777896724
263.88356462274896
263.88352461425166
263.88380405302814
263.8838293921035
263.8840298017385
263.8839327148344
263.88400526326586
263.88447564634043
263.8838553887326
263.884007830824
263.8834926176496
263.8841682914026
263.88431115688945
263.8836543112593
263.8833666093924
263.88397102977615
263.88468544961506
263.88370607617253
263.88431828128887
263.88395538090117
263.8840476900805
263.8835693477522
263.8839939600948
263.8838746704205
263.88485338323517
263.88256719402125
263.88457244399615
263.88309510426916
263.884414881828
263.8841614715275
263.88354215193976
263.88423047251126
263.88390539604006
263.88345174855203
263.88425496968557
263.8850420615854
263.88396528143494
263.88247705191316
263.88468808077596
263.8839342752908
263.8837783439885
263.8843302934183
263.88369700627663
263.88316750805825
263.88383250805055
263.8834075997729
263.8841425583814
263.88424554602534
263.8833946308878
263.88378399324574
263.88435169161676
263.8831617199394
263.88373917885474
263.88400350973825
263.8846638725954
263.8827646792197
263.88489106042107
263.88430673805124
263.88453333602956
263.8826816697401
263.88354826228897
263.88435898795433
263.8841071387069
263.88369299164333
263.88383156308555
263.88389628332516
263.88336720782536
263.88416537567537
263.88377303638845
263.8832586975841
263.88414450074197
263.88446983285394
263.88414142583497
263.8832568639191
263.88390618161066
263.88456724897696
263.8835700748605
263.8840570711618
263.8844477562452
263.8843746255952
263.8843306917479
263.88308158843574
263.8844949190825
263.88359055462934
263.8833079620308
263.8845094500066
263.8828360176267
263.88442339917674
263.8842390720747
263.88410182177904
263.88427305125515
263.88468716229545
263.8832914969098
263.8841151529923
263.88394894395606
263.88395111454884
263.88455343704845
263.8831282178289
263.8839085674117
263.8839960754267
263.8840575010254
263.88378366628604
263.8849739344878
263.88287023948214
263.8842086314253
263.8847624866612
263.8837311490497
263.8843520300579
263.8836475276039
263.8839793764346
263.88417419399775
263.8832968051429
263.88470929834875
263.8840166206937
263.88392602857493
263.88403268594993
263.8842164899979
263.8841328540002
263.8839894757839
263.88431380216207
263.88361141974747
263.8846784510679
263.88372408888245
263.88416665632394
263.8832961317239
263.8834211620706
263.88469216707745
263.8842663310061
263.88386913404975
263.8841045930749
263.8834280134761
263.8843147154694
263.8837673353264
263.8839886774076
263.8828471810266
263.88397337867355
263.88447561913927
263.88346070676926
263.8837396676972
263.88435574260075
263.88363552396186
263.88401741754205
263.8841952006769
263.88442391046556
263.88375325500965
263.88429046464444
263.88434280526417
263.88393343481584
263.88388806331204
263.8840478861239
263.8844423411065
263.8843640673731
263.88409407438303
263.8839027296781
263.8837666905747
263.88431839682744
263.8849628421158
263.8833276406076
263.88440360427194
263.88394692698785
263.8839970136323
263.88482305863
