287.9545891054345
265.88779383348185
267.028258986722
266.9250460764313
266.93110841604266
266.9318910138709
266.9320915443559
266.93189253344553
266.93216435636714
266.9313082367753
266.93153115070527
266.9317716019814
266.9313268286842
266.9313069482305
266.93155733405547
266.93252452452543
266.9318846966871
266.9316371006644
266.93214296511906
266.9320373483806
266.9303353435189
266.93093333756406
266.9324705613453
266.93200733935555
266.9320598334107
266.9317600455961
266.93278232713965
266.931598256253
266.93229268916
266.9324791213221
266.9315005294411
266.93185686181823
266.9314821558801
266.93317673790443
266.9317569024497
266.9313502373152
266.9313466899148
266.9311317532629
266.9323843350576
266.931113396382
266.93148996767195
266.93238425181335
266.9322481343588
266.93193300044004
266.9317196734082
266.9322568732241
266.9313072444602
266.9313599496054
266.93163211563296
266.9313754747345
266.93207744207393
266.93211896777575
266.93129175168724
266.93124816665295
266.932017773368
266.9321033827946
266.93134368959727
266.93212539154774
266.9320047007823
266.9322807279277
266.93168955657893
266.9319586219026
266.9325772555603
266.93204116090055
266.9318078522774
266.9322076273893
266.9318494689578
266.9308979784473
266.93226242176024
266.9313106522677
266.93177459127764
266.93207537321723
266.931671535669
266.9319259428012
266.9324909351126
266.93154106980364
266.932761886128
266.9321157172599
266.93239784851903
266.93266891374515
266.93172221018176
266.931986372947
266.9315830227206
266.93212918825157
266.93118186434003
266.93188584260497
266.93159585112153
266.93172274986136
266.9319334814427
266.93210707516846
266.93054035567184
266.9318862075306
266.9324564476992
266.930597765735
266.9314858214275
266.9309942498003
266.9324672862349
266.9305098022305
266.9323875631235
266.9318979902382
266.9322949992202
266.9324499379145
266.93192233839363
266.9310108479549
266.9324999985474
266.93156388045463
266.93141594906774
266.9320478382069
266.93148331756674
266.9317772166323
266.9319909171609
266.9313258621114
266.93090124103037
266.9312774132268
266.9328409707887
266.93119833184755
266.93169297245913
266.9319726923204
266.9319224333012
266.93133526512975
266.93300503032515
266.9320854224934
266.9324540619418
266.931998776563
266.9317559364572
266.9322031894553
266.9314180430374
266.93159328692127
266.931738556028
266.93196491661365
266.93143553119444
266.9318243074522
266.9317581160576
266.9322011466138
266.9314214054175
266.93245898194436
266.9310929152125
266.9320720648975
266.93183578160824
266.93177838141855
266.93096704236814
266.93142998336407
266.93198331882013
266.9311282827839
266.93225143273594
266.93184856862354
266.9321751564421
266.93171702118707
266.93159933500283
266.9318443045049
266.9304839303368
266.93274339902564
266.93198404466966
266.93238789188035
266.93192714006
266.93207555085246
266.9316301384388
266.9319542931771
266.9311763909209
266.9324174323556
266.93084588999045
266.9328424220148
266.9316052909271
266.9313413669879
266.9316358497017
266.93172757251887
266.93223477035644
266.9313491597568
266.93110329445335
266.9320383024169
266.9321094665647
266.93031266340404
266.9328937676328
266.93145082292904
266.9327063102246
266.9313494097587
266.9316189134115
266.9324308137002
266.93107063201023
266.93211007468926
266.93159313264186
266.9321722394816
266.93174561635533
266.93159875134006
266.93189606473607
266.93161539544235
266.9310320539662
266.9325712862483
