287.37869538120196
185.93598847804952
61.96482330755191
238.46534702115753
93.20368013288953
191.68165840357278
47.926420980647435
257.91502932406684
51.32676539821591
238.36145953533355
88.44781022724874
219.41095469031143
156.50699553035565
248.74642136128568
65.89193311858298
234.01347231950467
100.08642550758896
182.4150874089073
226.6694200750353
243.7804807499415
75.78142415909133
229.7453720835456
112.10751020451062
91.88935854892497
260.03827457831085
48.68662624555691
238.47226082414727
90.72485912825505
212.6137740486356
196.54486332891884
40.07851169548849
244.29475042304784
75.75109130370038
229.81500060359576
112.6208056764608
88.77607399465433
260.8124523896422
47.372220152565205
239.0931774233104
88.27804239009856
218.2446921706014
166.94037392620157
179.05695413521426
223.59218841478832
258.50466246918404
49.9291195552305
238.65046651243938
87.49297266195754
220.59670049154374
153.09631471825378
238.43849834020148
239.383785445616
82.65670671348744
225.37911762333533
127.98151808880357
25.24540374850949
259.368357865922
48.629437674651854
236.4910062502422
102.75103880220013
243.32804752795892
81.05711787955079
209.10610315104532
260.1077320254408
49.13937497185907
50.99710464046257
50.08598070832704
47.876421944092726
256.2447484723598
224.24080315726314
147.34853931452744
221.32689444848984
155.46455587837772
216.1276970804538
160.2671031032187
261.4807662637613
49.063991786424594
44.572573031407956
247.66890286448324
70.0321245634841
226.61856270294084
155.8876635339002
243.70248957265358
83.42808686063654
250.41680982228354
64.61555677555589
234.10372054199615
99.38869917579723
187.3008770334818
222.8079072240871
237.77466865113092
109.14715894636538
256.929367260007
54.10144970370675
237.49556958982066
90.43345922271692
216.7478571816464
164.90183063597215
247.35109845889747
69.473380796946
219.81452985032956
245.66223764990718
78.63217960360998
201.29096465391922
229.89304487270783
235.71130373321648
102.14596521038766
124.3469338616851
33.133898888041585
269.29621270760254
39.10865602920603
64.63475788788128
242.72457429924543
79.5681360232411
228.03322926746114
118.84579308489265
62.67142385824263
265.1316474091691
41.99134477237021
240.6056153279169
83.44573691948972
224.39442027725454
134.1559224887642
14.20004607431838
262.431539804802
46.121022555369564
57.32127803095864
219.31146831186925
213.4688173012728
242.7217807423367
83.34005521599101
216.61389383560163
201.32424861455002
210.1943020186518
247.44505973424748
70.5186032372294
222.15216976956435
160.57043527422502
245.96388628676868
67.93167896829254
233.98041881754034
98.3391008355211
194.44521778143462
205.41702332178102
20.52479740571289
248.13244260614738
72.73532126617647
208.667946882837
222.84155297525285
238.5972055676757
93.88887202164187
176.08221575606876
121.90757995649619
251.42883403075393
69.30876970678219
248.81023321466637
71.44676099758362
250.34633756792755
64.97065644535178
231.69278271372605
117.40166500186751
240.45481131549604
84.95781271302258
222.90217906170437
149.0465826472864
250.3106593152188
63.35971038684511
234.57218558413297
99.34887010769307
185.68200000924844
226.63683474109712
243.74504542382056
77.2951416161668
219.81847117529833
185.51928752159438
233.58809936425678
103.92326935208257
149.12979375246505
246.1969941636853
83.13538999859156
242.4038976881493
98.17946502046834
258.32212548387906
51.51285410208948
238.18756942316395
89.08303373534727
218.48439256221172
159.9247074715022
248.5722727436587
67.09542637722916
233.66587144110235
100.27934863006521
181.9739767058636
226.006881581161
243.500696039795
75.74991338342807
229.49498726584716
114.45077979365306
78.98294445322972
262.9926795575593
44.36296059331653
240.10275880564586
84.83612116694712
223.0582655057442
150.5896400367783
263.2195670412839
219.79796648552292
171.9192828496016
102.24708807504794
188.53912648286496
223.21759033010312
260.6009010738635
53.99362599696906
8.314783748690388
252.8856874409612
61.36947589331248
200.9643352706771
232.6134025385254
96.91188829713792
202.53390569039766
198.85278462056158
26.253827033979178
248.79889978090068
236.6896049830466
95.54128513266187
175.81616188169573
92.91585743681935
263.0368650516684
45.38472528071725
59.49591983160644
226.27943890899041
237.46220255229855
105.4685058219693
256.1030529232012
54.74277045462077
237.10832494129863
92.516804460196
212.03687120592076
184.2069149589879
78.16327201026434
260.0296320665948
48.60803691152978
238.10446618662536
92.6924051386377
200.80630509708863
225.96029329206795
132.29413828060206
14.293694231368136
249.11216710897133
67.68739175792143
253.25041051111475
59.87131133314688
235.29152247763705
96.41823838764685
200.74095681488689
208.87014574135537
6.225824170789565
260.2808664618133
50.01996926868742
45.534404345060466
247.50824505419587
70.68787943694042
221.4956766592004
244.5971815580706
228.62302949567675
128.89190152286028
234.42724303967407
102.98038628701033
149.7237116976903
250.04385092868324
66.97196573878318
232.39005446063675
110.7209570533596
87.34873089729808
218.61278451509133
246.79891110981407
68.91306064851233
233.18185602156154
101.24046451649338
175.15651389625418
228.66273629967327
242.3579568732821
78.36374552366033
226.99811538902577
128.37052944545576
24.447564073780086
250.45931935831322
63.827343855111394
234.53078736673342
99.26852956993389
186.98183905407495
224.55092943315685
244.39470184998936
74.97071515390417
229.39573174144607
116.01114373619203
70.73774260973732
251.48356534578488
66.70162202770007
243.1140923094208
237.75183546303015
94.04836542341218
181.0128042210854
73.02612103783758
265.19096347273444
43.72840812956565
56.02796017340734
245.15738045994658
74.71845032047713
228.88825662372983
122.09820474780281
53.16836449575203
246.59970562858507
73.00168902274163
223.0703712376271
180.68570472570718
225.55258669385512
243.69157728058053
77.86607304938661
215.93529054788814
244.98229078801523
71.89884342883306
231.33360728161642
107.98743969319912
116.69993827260623
255.0939547559683
58.51348313309427
214.89978469826747
217.31842349554063
240.83902670144744
88.05771708533575
197.17755775310798
22.982138490653597
246.26452774294012
239.05879303174152
231.38748620577098
115.82720881966816
71.79258249315899
240.22945748506754
83.7878537914512
225.86191013659118
126.86213249606953
28.086257299786666
249.28355855007248
237.2142268931202
88.5111439267348
217.13909643774969
182.97725076666393
69.64857380370086
238.02254443940183
90.49031676058075
218.4792869432713
158.53357620428142
234.68277845476405
242.10390780243324
229.65829130802013
122.86865711100108
238.5204131630162
88.6795233507437
219.65916675847257
155.96821594399808
248.54137041939248
66.26766843542282
233.5288196616748
102.57785128218529
159.8529873031075
242.8002873135847
94.27752956461336
227.29544493326102
193.65212730073836
184.32934370011208
258.34101991434
52.29642888775561
41.55066423868993
248.37469564621279
69.19243372531491
217.8482345622906
259.47425667461357
52.04743609818979
38.87724987088586
248.91697175582522
68.0345708593668
219.62966346996836
235.6670370715292
239.2652854003827
231.02046936523402
116.9618739279249
69.68894927864312
240.3001462090324
83.61098692165979
225.58316072258458
129.32885754239396
22.015670421809773
260.0298408345261
47.5116756541247
238.5378634192457
90.28673279982468
212.67009490195778
198.87774679766153
39.8890237914311
69.33888702442346
243.90287262547645
80.75066437742498
209.25321779905062
260.12059825680626
48.78338596448884
53.39024003579107
46.14707099608495
54.441216364328284
254.65091011225013
225.56270190000942
140.60319637511566
228.2000124504557
122.00132659217343
52.01508786287741
257.2430883112538
52.317725066517596
237.13247534916445
94.53179128465126
199.11028562266438
225.13174143058131
152.5111429656681
210.6231017907703
210.45063640730223
203.3173373209429
220.32265314918186
157.2151198925567
211.80555938872567
170.99769286504306
234.10658848506864
