287.6801396515937
217.48339214014305
61.52271086885514
227.08345479737955
245.17701366147458
237.70878291295458
240.25949893879715
239.28485647426487
239.64455456151381
239.5086039871603
239.55961886815612
239.5401897697493
239.54749528651064
239.54502175875223
239.54619976134654
239.54588775027787
239.54603681634762
239.5459384155456
239.5460092782041
239.54611881385517
239.54523006108684
239.5459224302922
239.54536463470686
239.54640811481386
239.54595027879986
239.54566597461962
239.5455300902886
239.5460249459793
239.54549069744644
239.5464724112444
239.54538195073656
239.5456886715001
239.54551767776684
239.5456056149851
239.54559614116806
239.54634204386457
239.5457693426797
239.5464057421923
239.54479429781168
239.54582589406346
239.5455271611463
239.54604358054348
239.54529135682424
239.54586209900117
239.54585084073187
239.5452173167905
239.54588133331708
239.54588844832688
239.54631739621254
239.5454280601116
239.54564510505588
239.54604463526994
239.54549717491318
239.54563211357527
239.54552978906213
239.54625338617916
239.54536437284332
239.54622037834633
239.54603700690495
239.545676766229
239.54603592449712
239.5455746796797
239.54586965997805
239.54581194491038
239.54565450690643
239.5454107506739
239.54586968631702
239.54552662792412
239.54599692766715
239.5460784904244
239.5457963408735
239.54562258511942
239.54565971583725
239.5455767211315
239.54634148586047
239.54592748350842
239.54631894280828
239.5458819964988
239.5459935751569
239.54581032776332
239.54644668598485
239.54619989487765
239.546140476039
239.54593625515918
239.54632520187442
239.5453947660135
239.5461991717675
239.5454557462108
239.5450938494905
239.54623704749247
239.54543472724254
239.5460464965072
239.54612047140836
239.54589116330317
239.5463331928695
239.54608967035165
239.54628497958038
239.54578656669037
239.54590617611393
239.54589521168964
239.5461558997631
239.54556978280016
239.5456318387296
239.5460538960324
239.54590357124835
239.54608934722637
239.5462841833214
239.54547407401697
239.54537488190545
239.54587403149344
239.5456450011916
239.5459765916894
239.54550973149162
239.5456285133987
239.54568735526846
239.54563271771622
239.54618539223884
239.54569812912086
239.5462257386098
239.54548928122676
239.54625072775525
239.54564925292652
239.54557974630006
239.54633800551528
239.54544298133987
239.54563061082445
239.54617844260792
239.5461123288478
239.54542122091516
239.54618177718658
239.54505540221726
239.54635936055274
239.5454549629212
239.54598980920127
239.54550877150177
239.54570222340408
239.54619420662493
239.54556277741358
239.54455526703532
239.54599380840227
239.54597667838243
239.54600824177032
239.54546024533192
239.5460247458759
239.54538271231286
239.54551456317859
239.54617417484405
239.54548977705417
239.54646883360692
239.54592459151172
239.54535407234653
239.54634293156414
239.54574805118318
239.54602392649394
239.54559584316303
239.54627315110702
239.54551393914153
239.54568598593323
239.54512323119707
239.54627782518946
239.54493723402993
239.54589259126078
239.54553048375965
239.5461249001819
239.54537988853554
239.54652440002246
239.5452790420677
239.5456939198557
239.54617912847607
239.5455373579971
239.54562511167023
239.54633472766727
239.5454663870114
239.54574234243773
239.54631440152298
239.5462301246007
239.54616216532304
239.54608828851633
239.54559342804714
239.54626830972848
239.5453989605594
239.5457261374395
239.54563109808078
239.54605772907962
239.5462891498173
239.54584983144014
239.5454768207128
239.54556262743426
239.54564677769667
239.54537781992985
239.54608216500492
239.54524719895562
239.54603085563576
239.54626823443687
239.5459063849121
239.5452699252346
239.54626536846627
239.54624540140503
239.54610186484933
239.54647007549647
239.54557605535956
239.54642848261574
239.5458960947144
239.54551516057109
239.5462803615228
239.54546703053347
239.54613927473838
239.5460776892869
239.54588911759492
239.54538980293728
239.54649391313433
239.54590494389413
239.54583741581882
239.54540286152042
239.54560558864614
239.54617533573764
239.54546001410927
239.54644160075986
239.5459403556888
239.5459753440955
239.54598108064965
239.54601001947594
239.54592670945567
239.54539202879823
239.54611319264222
239.5450966735225
239.54586437981925
239.54610460506228
239.54589111915266
239.54588406950643
239.5454175969353
239.54559298952518
239.545938568961
239.54582885197306
239.54556466260692
239.54632160035544
239.54553338435653
239.54619035184442
239.54590415967687
239.5460182047973
239.5463622927491
239.54616121832805
239.54610945905733
239.54580640760832
239.54604479890259
239.5457251603948
239.5445087995613
239.5448258249089
239.5460061114136
239.54642170059378
239.54481635517732
239.54597506139544
239.54606143888668
239.5459436315141
239.54605892093969
239.54552167661313
239.54547665909922
239.54614583447983
239.54597931657918
239.54600058472715
239.54611618242052
239.54599854339904
239.5457221459219
239.54629349466995
239.5456785819988
239.54600220428256
239.54602979186166
239.54533705310314
239.54640464525437
239.54539502203988
239.54554731973622
239.54569351655664
239.546031335296
239.54567023459822
