288.3047165522323
254.4989322701607
258.41247150046024
257.6900294147597
257.79869724189257
257.78028019345675
257.78338801721975
257.7827018897433
257.78228002829974
257.782606027019
257.78258137244393
257.78233369035934
257.78208169586196
257.78224654524
257.7832488918575
257.7817749536889
257.7826996433723
257.7823656853716
257.7824898507224
257.78285533497365
257.7832377320319
257.78204082249977
257.78221885306266
257.782483490877
257.78289012129426
257.7827184979833
257.78233179215204
257.7829482609941
257.7824804786578
257.7830096060243
257.7815607554312
257.7833209901546
257.7819419055995
257.78266533661554
257.7822598478815
257.782571236492
257.78192502021193
257.7823361029805
257.7827236784942
257.78220964711727
257.78227004466316
257.78225833798933
257.7827641425283
257.7826697910059
257.7827572743663
257.7815612553859
257.7829274943906
257.7826148475906
257.78303318371763
257.7828196698865
257.78287374742285
257.782147480626
257.7826478327661
257.7828224084442
257.78266547082603
257.7825842333332
257.78236306614053
257.78205593052917
257.78304914246837
257.7820442699085
257.78257303859573
257.7825395771215
257.78275768935055
257.78201877084575
257.78291005026404
257.78243825750906
257.78260707726076
257.78267174969005
257.7824104864885
257.78278795151346
257.781420485182
257.78292512537155
257.7826538743175
257.78330594903673
257.78231796837645
257.7819712196433
257.7823060701703
257.7821874465517
257.7828416785924
257.7828069606185
257.78096446850395
257.7828856986889
257.7834100360851
257.78184925042297
257.7824745353355
257.7829949240768
257.7826713156537
257.78238931834494
257.7824068143018
257.782266900329
257.7819483687781
257.7824114132891
257.7826732114627
257.782871994772
257.782633350158
257.7825113483268
257.7827529548231
257.78227964174584
257.7823313371773
257.78204595948046
257.7831033929833
257.7819744154549
257.78290691876464
257.7825026507926
257.78280184193864
257.7822444392441
257.782881741623
257.7825497824524
257.7829360620235
257.78262624129275
257.7826635541496
257.7816551659198
257.78282062920334
257.7821091900332
257.78274577976117
257.7816873919801
257.78264748195215
257.78241740856174
257.78318457588466
257.78295968437305
257.7817985464426
257.7828624485119
257.7826909471696
257.78261545114947
257.782571819298
257.7827289643101
257.7827614926573
257.78252918695216
257.7825220941886
257.7826305179042
257.78221285971813
257.78181517602206
257.7823309744708
257.78247873512737
257.7828945366564
257.7829295460324
257.7819185297849
257.7822066844019
257.7828933900091
257.7830120450599
257.7826482906312
257.7820964937564
257.782440087125
257.7826158452517
257.78236931750143
257.7822661681421
257.7820946851716
257.78328389511444
257.7818428074097
257.78318308628513
257.7829146056174
257.78274556895485
257.78273680795974
257.7830380738742
257.7819320648123
257.78268762696825
257.78286107433087
257.7826445608807
257.78218477673363
257.78305131031084
257.78281087300275
257.78288021114713
257.7827110101498
257.78256836681976
257.78263014758704
257.7823330615647
257.7815860797855
257.7824964041065
257.7825643540127
257.78253349311126
257.7816159141803
257.7830252346175
257.78123421766213
257.78238011011854
257.7828507693921
257.7829192731442
257.7831057637668
257.7819106550305
257.78319080772053
257.78293989549275
257.78255529902526
257.78295272312243
257.7821645659569
257.7822106911626
257.7826773235138
257.78246345846856
257.78192451404175
257.78256263076037
257.78274678725575
257.7822432375542
257.7823849435081
257.7821903247095
257.7822834644612
257.78265257277235
257.782810309669
257.78263787552714
257.7820557710511
257.782813814556
257.7816192575119
257.7833421941468
257.78237682809413
257.7822566438408
257.78301034691685
257.782461669427
257.7827697497851
257.782134863126
257.78275794081856
257.78263202830567
257.7825119346089
257.7814979010436
257.7831122602656
257.7823930361337
257.7832130531606
257.7826111195027
257.7828893646365
257.78189726977143
257.78290570460376
257.7829306104686
