287.9836689738802
264.67616356555516
266.02162290290903
265.88523399120686
265.89589651820324
265.8947454328704
265.89386709779774
265.89325500162886
265.89453887673244
265.8947072510473
265.8938066547853
265.8951318254549
265.8948552646989
265.8939450428752
265.8947990811557
265.89416748623535
265.89491246017496
265.8939664258287
265.8948359031001
265.89445009036353
265.89317856669004
265.8944211062226
265.89484662049654
265.89458969833504
265.8936554801221
265.89491156912663
265.8944593684191
265.8945283160174
265.89469906128943
265.894964943951
265.89430245998665
265.89315271184387
265.8946086889082
265.89462322673353
265.89465974203995
265.89416745847484
265.89461928070523
265.8940415679972
265.89340944159994
265.89544682503765
265.89429568290143
265.89395038901785
265.8947569947486
265.8941451662904
265.8945796985972
265.894816824959
265.89438447801876
265.89473180472123
265.89482915821645
265.8932802645759
265.8947939190439
265.8943887241803
265.89423214922135
265.89452005152634
265.8941780568093
265.89357960064444
265.8944319842776
265.8945175226727
265.89422680121424
265.8934702591723
265.89438663189503
265.89488120467286
265.89381438499186
265.89484699303284
265.894730218497
265.8945617536883
265.8945727963801
265.89437352181994
265.89399461610446
265.89479204503004
265.89372293400083
265.89513246816205
265.89496406519174
265.89469340674987
265.89404859057686
265.8944714778045
265.8943389851047
265.8946490737071
265.8941908614215
265.89399520729785
265.8950611844193
265.89453476658673
265.8943649658977
265.8948935557055
265.89394983521197
265.89464329154725
265.8945659165911
265.8944499720601
265.89470519444876
265.893691578538
265.89384507179057
265.8942959889755
265.89448915841785
265.8947086752378
265.8942522772122
265.8940921947069
265.89476046085474
265.89472858246154
265.89494532171375
265.8946159939587
265.89416556226206
265.894154098336
265.89429713532445
265.893998381478
265.89455834942055
265.8949691297021
265.8946555242146
265.8936630801618
265.89487612390803
265.895384039839
265.8944091932135
265.8941484766765
265.8948494937795
265.89341207219695
265.89434359475854
265.8939818068902
265.89397765055764
265.89471175251674
265.89451142599137
265.8944923833769
265.8948250457106
265.89441845002875
265.8944708117124
265.89366994585725
265.89475627144566
265.89378389826743
265.89492147001147
265.8946841539873
265.89460842609697
265.89447585366725
265.8949777247617
265.8940315057407
265.8936217531882
265.8936327153933
265.89479120940086
265.8948221828614
265.8950084965036
265.893742070024
265.8951581743895
265.89453455044713
265.8937133187137
265.89345914400474
265.89407946451684
265.8947466093523
265.89439060818404
265.8949003863381
265.8941335315467
265.89477055188036
265.8948783441592
265.89399490112555
265.89448089410143
265.89458221089444
265.8939150168444
265.89470098244783
265.89446142745146
265.89492314483505
265.89331575467077
265.8951233124535
265.89401718595764
265.8947669946938
265.8941223645088
265.8941108839499
265.8943260123633
265.8941838220053
265.8948208026559
265.8945567160263
265.89373461317155
265.89489826846693
265.893671095575
265.8949753513007
265.894782909425
265.8945054538344
265.89462254344835
265.8948536902026
265.89388903397776
265.89423498474935
265.89490593205846
265.89524764419184
265.8942406469432
265.8943111612898
265.89462764485506
265.8929571539338
265.89472034903883
265.89436075296544
265.89331441381364
265.8945014630299
265.8946279987722
265.89496895408956
265.89377674277057
265.89484741474735
265.89382032300637
