287.9708297172117
76.05361269568539
269.2261828704312
137.901589136849
259.4522179013791
179.51863580671647
248.42497956996567
203.8560963937689
238.3952710579856
215.39171541986116
232.0968054980617
220.7208452893301
228.78269579862445
223.22685757313957
227.1292889702372
224.42249628010632
226.3175221735064
224.99824488480317
225.92077667337708
225.27856770779727
225.7267177110216
225.41420259502775
225.6318511235977
225.48038325325706
225.58620227618667
225.51182256006996
225.56305073527074
225.52777337482985
225.55359350381877
225.53480424161353
225.54828969278606
225.53833219314765
225.54560409388796
225.54033485556283
225.54378673134124
225.5420423970627
225.54299246909068
225.54256555728534
225.5430182863438
225.54200471440527
225.5436503248602
225.5419730798185
225.54297543024768
225.54268621457413
225.54201550439575
225.54258988066067
225.543104804412
225.54187767236
225.54405379020864
225.54182164742633
225.54240547748486
225.542318590793
225.54308838297584
225.54261432801286
225.54173451912357
225.5433316900053
225.54200514864715
225.54350904641615
225.54092096521708
225.54413675788237
225.54066730339036
225.54465365945362
225.5418755127721
225.54360216665737
225.54239047253213
225.54264954734026
225.54290893991129
225.54259085881495
225.54294334415317
225.54214501290699
225.54307291509394
225.54258810125975
225.54239149660134
225.54249233544397
225.54282862800392
225.54254528949605
225.54219880521123
225.5432062473119
225.5425698605286
225.54314456926295
225.5419400179635
225.54235577455256
225.54303549324322
225.54249004490703
225.54283503033002
225.541602344696
225.5433922339871
225.54239787379993
225.5430096356904
225.54254883379326
225.5427232096772
225.54236081237468
225.5431134457649
225.5426015680605
225.54231357130993
225.54290707189284
225.54241965433175
225.54305079077676
225.5420324058432
225.5423534879992
225.5425018726819
225.54303093203634
225.5420394347966
225.54339164756675
225.54221226598747
225.54325341158983
225.54226705393376
225.54276862667757
225.5420304511572
225.54204527878028
225.54334302399366
225.54246744286502
225.5429263071419
225.54271834069368
225.5435624954698
225.54256087204703
225.54296373035322
225.5423241883036
225.54315586073062
225.54247916457825
225.54204204929556
225.5435200871798
225.54191305848508
225.54289240318758
225.54271388833877
225.54134084790712
225.54285670738318
225.542452334681
225.54252568218362
225.5423132203141
225.54292827861354
225.54286293909536
225.54259832004755
225.54296529682324
225.54251853001915
225.5433151403049
225.54261686133395
225.5430222407449
225.5420732782004
225.54339324663306
225.54246277577477
225.54304740925
225.5422150775339
225.54293704424344
225.54169742683735
225.54283543521888
225.54322296221653
225.54290171306639
225.54312432699953
225.5421862660587
225.54319077105174
225.54277187758998
225.5431244051215
225.54246421143762
225.54309949779417
225.54355367587414
225.54152095694008
225.54389634334075
225.54051958577475
225.54416897730698
225.54156256013812
225.54353302185336
225.5408425812202
225.54416688970377
225.54162998947868
225.5441142312411
225.54175725445384
225.5436543598189
225.54262032249244
225.54253639296803
225.54262384809408
225.54301365483116
225.5424914463074
225.54282287995738
225.54275676269026
225.54311744179722
225.5421923608883
225.54258150228998
225.542829282007
225.54296380752203
225.54235123402032
225.54173382991576
225.5434152033049
225.541458725158
225.54324186112353
225.54191777278902
225.54353529897344
225.5413570607634
225.54303509071906
225.5424003761218
225.54333475601015
225.54157076883712
225.5433945784098
225.5418441886286
225.54221507863986
225.54296260860428
225.54234392599028
225.54258865512384
225.5422636300791
225.54330419952748
225.54283161094645
225.54287021977507
225.54236192980898
225.54310361765238
225.54180820797046
225.54344237683108
225.54231885439367
225.54274018513388
225.54244465436204
225.54312727025535
225.54200421270798
225.5426761044073
225.54249578382587
225.54281556315254
225.54247715589008
225.54337739694165
225.54230728455877
225.54306361546332
225.54193656390999
225.54306703644397
225.54271179602074
225.5425222147751
225.54224959954445
225.54292201415228
225.543112653133
225.54287716615363
225.54300943594717
225.54248994681984
225.54226141382242
225.54203203172074
225.5419952594675
225.54255537880817
225.54286011622753
225.54196708017844
225.54313884291332
225.54209413632634
225.54289763791894
225.5421272241947
225.54335911321687
225.54154332216422
225.5426471223327
225.54300905794662
225.54194168334652
225.54325727985997
225.54213709844043
225.5434705085645
225.54074136448617
225.54418732607155
225.54141701794288
225.54317026684294
225.54281142694526
225.54268190452422
225.54220641146821
225.54299975656613
225.54238634795183
225.54279313090956
225.54269631885109
225.54163363119005
225.54335818054096
225.54214038760983
225.5423529506952
225.54254506912548
225.5423147084657
225.5419372614997
225.5425728358241
225.54266543418635
225.54172834918427
225.5437366989354
225.54215529227804
225.54217251016235
225.5430418393953
225.5423119693005
225.54324267752236
225.5422893720388
225.5428870004107
225.541509907227
225.5429993197322
225.54214495653287
225.54222195268085
225.54274957212328
225.542693549025
225.54176471973187
225.54287867691892
225.54130212804012
225.54397399240406
225.5416450874618
225.54392683399783
225.5423640543595
225.5426307211892
225.54217882372905
225.5420670434687
225.5427154278441
225.5426785601012
225.54167238895025
225.5428888755705
225.54282435217465
225.54287495280732
225.54244823289628
225.54216660639213
225.5423627423006
225.54313738347264
225.54252795525827
225.54346866458945
225.54230351890146
225.5432545827207
225.5424851301359
225.54303027220885
225.542493335568
225.54314647543652
225.5423937557789
225.54300379558117
225.5424123230914
