287.9926508284801
163.30422331974341
258.6560337400226
217.50193552889482
239.83637614544818
228.76421101877463
234.27200793304746
231.52403381760678
232.88651556224522
232.20812171204489
232.5452907299491
232.3769846054538
232.46100217684852
232.419153805934
232.44012157977977
232.42803383170303
232.4356440134261
232.43109789447772
232.43361298610307
232.4321084333642
232.4330950069898
232.43354472252304
232.4328478770667
232.43263827739702
232.43334881709416
232.43301075829186
232.43285413132617
232.433362184187
232.43237534967193
232.4337784017771
232.43282544040994
232.4333018199868
232.4317988491257
232.4329519090188
232.43244824122485
232.43304094487758
232.43313302040588
232.43238390278202
232.4333548292998
232.43236029452237
232.43296335261584
232.4329035183182
232.43328792708235
232.43293844056643
232.43218300573062
232.4333227846073
232.43306631721862
232.43287653350308
232.43337354649702
232.43301781162882
232.43231752221618
232.4328587237178
232.4330853399406
232.43229172458086
232.4336446110974
232.43304229064233
232.43320960096025
232.43327112857514
232.43308453664577
232.43324729376036
232.43372995168465
232.43290851912752
232.43255632831642
232.4335267313727
232.43296249510968
232.43218566860014
232.43372755659948
232.43281063209724
232.4325780309773
232.4330065685317
232.4330239361443
232.4329758856511
232.43315508397427
232.43217477729922
232.43387147031171
232.43285170347735
232.43343351123258
232.43099665337286
232.43456599864658
232.43206380588526
232.43382799785104
232.4320844408503
232.43308910739506
232.43323842656173
232.4331608406028
232.4332250033258
232.43277271984698
232.43340720927154
232.43283764848456
232.43312521486223
232.43217119998008
232.43206102830663
232.43241295801272
232.43362569931924
232.43276086200058
232.43343528564583
232.43245776001277
232.43291474592115
232.43284285379195
232.43298500853416
232.43247310937295
232.43347971081675
232.43282938394987
232.4332097917213
232.43356419161864
232.43248523426155
232.43157765091019
232.4335026406843
232.43306883252808
232.432792302272
232.43329656389687
232.43303236302745
232.43337804609473
232.43263143055083
232.43171836626425
232.43330112661351
232.43283659007284
232.43348082553712
232.4319160723535
232.43420012676506
232.43275227992854
232.4326452727255
232.4327921246295
232.4324386605731
232.43305052763753
232.43327311953908
232.4325203199187
232.4329504149864
232.4327088044738
232.43350631980866
232.43273296777625
232.4339441885313
232.43264497324708
232.4325100652568
232.43356912703894
232.43306731787743
232.4319410152675
232.43367545114597
232.43200386952958
232.43367559176113
232.43277453324845
232.43366106476606
232.43136135501118
232.43433159893902
232.43212391229463
232.43306179274077
232.43303684240527
232.43304589253967
232.43326205610356
232.43116498857853
232.43457662135916
232.43255129921454
232.43314443570125
232.43336933547107
232.43300243972772
232.43303693964117
232.4331164427058
232.4326116040029
232.43339640065096
232.43190682119166
232.43395376592525
232.43159541815112
232.4340354201413
232.43295865628897
232.43236065634846
232.43321384969022
232.43249459010258
232.43260556161113
232.4328478788666
232.4334379061329
232.43265756157052
232.43277590993966
232.43317383902468
232.43334413715638
232.43315393136436
232.43288073400618
232.43121188012447
232.43394850064215
232.43215765094646
232.43280708706152
232.43339636122982
232.43267931941955
232.43304604062723
232.4327411976701
232.43294903972128
232.4329204679525
232.43267853895668
232.43311535239627
232.43229455495748
232.43322068374255
232.43276469953707
232.4330905482202
232.43309895833954
232.43186679041537
232.4336338606954
232.43294593250903
232.43232982204063
232.43146924975736
232.43415723132784
232.43243516649818
232.43331669294275
232.43256826369907
232.43238645112433
232.43291719387344
232.43336197559256
232.43326545730815
232.43286581536813
232.43273820154718
232.43329808546696
232.43292366256355
232.4332789392647
232.4330792036344
232.43320723503712
232.43307776167057
232.4325179157604
232.43338252704416
232.4326101312472
232.43284752004547
232.4327949591534
232.43317442463012
232.4326155095041
232.43297739223635
232.43309249127924
232.4326714573981
232.43322930079012
232.43258626491297
232.43187394051347
232.4335669671127
232.43279920410714
232.43295716497232
232.43310231075156
232.4327223093278
232.43280065896397
232.4328276458691
232.4331314789888
232.43340127794363
232.4329587220709
232.43298739739112
232.43312425770273
232.43264181110135
232.4327488400304
232.43328135933552
232.43272951101244
232.4330787086801
232.4328096788522
232.4329247874266
232.4329226671689
232.43188225102494
232.4329881855956
232.43311078117404
232.43245526219835
232.43286629188515
232.43288934463635
232.43257213900506
232.43176852943725
232.43408526551502
232.43199694660143
232.4334228648222
232.4321737070859
232.433534493146
232.43260812351946
232.43272867826454
232.43328304601891
232.43316196851083
232.4330894176237
232.43260514464055
232.4327377865411
232.4331363161764
232.433269096
232.43242182317772
232.4325763390225
232.43130187361385
232.43327586595842
232.43231892111362
232.43383973787422
232.43269444110047
232.43316721291922
232.43284544123162
232.4315254786925
232.43382316581847
232.43238509536604
232.43283603616874
232.43339813423518
232.43352661869721
232.4332407424954
232.43266254216724
232.4333491116413
232.4308584433311
232.43256022509013
232.43359945922566
232.4310721229267
232.4340234589181
232.43247024348238
