287.64810402593776
231.09609335288422
58.62650756701464
230.5322873154886
248.32519501191473
242.92882915459063
244.32732072519184
243.91818004960032
244.03307081085586
243.9996028784849
244.0091533858622
244.00635276014054
244.00724816025468
244.00709435016233
244.00693960684293
244.00699528880614
244.00678768794114
244.00728941424495
244.00631048752348
244.00684698695022
244.0069405387676
244.00698508622554
244.0069369902958
244.0071349178943
244.00728351864745
244.00732032400447
244.00696851253815
244.0071094440773
244.0070108144646
244.00711112646604
244.00647885074068
244.00727570259733
244.00725030849935
244.00715598622992
244.00658219611614
244.00638865596375
244.0072932828807
244.0069028519829
244.00706764017195
244.00717596282811
244.0069780666945
244.00683927373575
244.00666439180168
244.00726206440595
244.00685767527466
244.00666313902911
244.00685463017726
244.0059419828358
244.00690896090236
244.00699145390172
244.00700960179893
244.00717786434325
244.00683852577276
244.0072521810289
244.00639464802225
244.0068540464854
244.00701204505458
244.00739027522286
244.0068503708826
244.00691888155416
244.00746990242988
244.00710999070725
244.00726209568165
244.00700375587985
244.0069764866712
244.0071949849298
244.00611603908692
244.00753561694364
244.00630353136876
244.0071332621592
244.00689858625265
244.00622415701218
244.0071121871988
244.00708806871262
244.0063034236191
244.00651143825598
244.0070293187564
244.0072563305839
244.00650654018318
244.00656482420163
244.00693142041928
244.00634800461557
244.00668522180058
244.0064408624712
244.0064570613722
244.00691206350893
244.00721636367962
244.0066480729074
244.00654594317893
244.00725444471755
244.00707169633824
244.0072268674412
244.00687823838962
244.0069304658973
244.00719970186765
244.00699593607715
244.00647083544754
244.00703430099384
244.00652313508908
244.0070579347448
244.00722143903113
244.00705349167401
244.00736955062166
244.0067377748419
244.007033138696
244.00691413501772
244.0069810995774
244.00655766840646
244.0069836857292
244.0065519950076
244.0072319025203
244.00574223634612
244.0076238434558
244.0059815535933
244.00652277788322
244.0066196035914
244.00651483306865
244.00663220720162
244.00683505054621
244.00699191456079
244.00708033719275
244.00640744384145
244.00596784302616
244.0068702339995
244.00697466448764
244.00653599965153
244.0070327201829
244.00641648020246
244.00715430311539
244.00707491944922
244.00665215889603
244.00698488954367
244.0058975513748
244.00728219342272
244.00649693528248
244.00631448734202
244.00743873383908
244.00726903945178
244.00654182503058
244.00653423044423
244.00704815528297
244.005946040641
244.00721362941113
244.00638899768092
244.0066775824307
244.00720854231622
244.00704609500826
244.00636998467235
244.00714332004281
244.0064315932832
244.00723865300097
244.00636486522126
244.00584451441682
244.0065635729843
244.0065123062741
244.00702513243596
244.00650590517034
244.0068694068832
244.00695700049255
244.00693159701768
244.00732186935056
244.00638745364995
244.00691385973914
244.0072595982856
244.0065345919429
244.00719881388795
244.0064416735695
244.00719397394278
244.00695178335445
244.00701487532206
244.0072979651668
244.0068294669618
244.0067422354332
244.00625253234466
244.00665839298745
244.00736798239814
244.00682410548325
244.00700564333238
244.00687933753943
244.00631695782067
244.00706062547397
244.00641308412014
244.00699140669894
244.00674853632518
244.00686186164967
244.00701305261464
244.00706725471537
244.0069582804863
244.00656507069652
244.00659201924282
244.0065722972795
244.0071301790449
244.0069036463683
244.0069947734446
244.0064759636589
244.00699310743948
244.00705027554068
244.0064695221663
244.0064892352675
244.00665717714583
244.00667988874193
244.0070357111399
244.00696143967798
244.0058418141707
244.00671701543615
244.0070167214435
244.0070890964853
244.0069591190404
244.00644924139488
244.00663283406175
244.00703751601395
244.00694857729832
244.0071968738339
244.00723736571672
244.00704889002373
244.00676174760156
244.00721997251094
244.00708847153874
244.00729429004423
244.00645492390322
244.0071505101223
244.00632425905496
244.0073810784088
244.0069017984497
244.0073789354792
244.0069750342518
244.00679610451334
244.0070361616381
244.0064583762869
244.00708047715307
244.00675268551277
244.00701715961623
244.00695986201754
244.00731187919155
244.0070005597663
244.007076279202
244.00660837983014
244.0072054862976
244.00701973728428
244.0071485840599
244.00695016453392
244.0069997186656
244.00701975142874
244.00723779156397
244.00642551780038
244.00638848755625
244.00657846443937
244.0070309882576
244.00639764295192
244.00705962858046
244.0064788354357
244.00731342757354
244.00637321150862
244.00656423709006
244.00714847991185
244.0067706634436
244.00693497147586
244.00681000304758
244.0068148852297
244.0066032797331
244.00661097595003
