287.93705243356203
270.8684189147008
56.83807334069729
267.0007472240384
59.215586982865716
266.77149222018033
58.90332140192777
266.78360682933453
58.70128464627578
266.79656065599374
58.627007107347254
266.8011373435784
58.60343994322284
266.80249324716806
58.59591807802735
266.8038396115544
58.59304969255027
266.8030416277934
58.59259109675804
266.80456221391887
58.59077219291976
266.80398747215713
58.5915477080207
266.80389290837684
58.5920831725216
266.8042251252891
58.59143006714203
266.8045909777593
58.59109353826352
266.8040080264818
58.59205855349137
266.8047925093888
58.590642664046754
266.803989863829
58.5915254166448
266.8032745762084
58.59194633325387
266.8043761340341
58.59104792328799
266.80385939810003
58.59227305251079
266.80338811184447
58.59202562352584
266.8042128446632
58.591491944032896
266.8040474355548
58.591480607801714
266.803790333086
58.59218535292894
266.8034220822701
58.592160447287824
266.8046299921698
58.59116957420156
266.8041649646075
58.591693477084846
266.8034016513593
58.59225398419949
266.8034082925842
58.59220597947933
266.80287555049654
58.592522359231225
266.8035206412278
58.59153805296228
266.80428281145214
58.59124765863817
266.80400616366023
58.59195057649413
266.80346592063506
58.592074866610346
266.8040258551555
58.59183045426835
266.8045376280461
58.59137805480714
266.80358511381564
58.592009090942156
266.80427320084345
58.59173771775022
266.8039062186908
58.59218597430299
266.80391043630516
58.59171567361773
266.8034470700077
58.59251983244394
266.80429723263296
58.59113444920513
266.80384859285186
58.5917541245326
266.80428228049277
58.591297363072954
266.8036642187508
58.592179313076485
266.80371665747225
58.59144609908253
266.80433099203583
58.59067545998914
266.8034132559951
58.59192230468034
266.80394217610956
58.591631560419046
266.8042532102518
58.59158803306491
266.8046566502999
58.58996197383385
266.80426680694654
58.59152181058016
266.8036253301434
58.59032345344167
266.80310089600243
58.59225503131893
266.80354040125167
58.5916759781212
266.8040238577523
58.59117893487564
266.8032776479449
58.59226135123026
266.8045219967171
58.59103454338765
266.8032357983684
58.59251006312843
266.8041155105384
58.591477630485315
266.80357417302
58.59231787254248
266.8038484813442
58.59154516037961
266.80355141947075
58.592184316323255
266.80312240391504
58.59217552743212
266.8032107450854
58.59188524327328
266.80427636946115
58.590468222333584
266.80427502466773
58.591528494944214
266.8043086622056
58.591669483656005
266.80382244296925
58.591893084390904
266.8036033921744
58.592020309610234
266.8043430740581
58.59196044669079
266.80324615835707
58.592391615551605
266.8040636160076
58.59168851345021
266.80367877873505
58.59186042033252
266.80416827102454
58.59086312186264
266.80424290695373
58.59161443787161
266.80405000404426
58.59210826751223
266.80349827305326
58.5916447843847
266.8039592956993
58.59158834819391
266.8042358565581
58.59153126843739
266.803799655936
58.59176334718359
266.8039348734892
58.59202793683653
266.8025802390839
58.59300886609708
266.8040903015426
58.59140521066729
266.8029638528824
58.59275810384861
266.8041329442203
58.591441703283635
266.80367994664266
58.592020806332584
266.8042561776019
58.591128363026655
266.80434589686047
58.5914698862689
266.80355190873524
58.59289946444915
266.8037758887367
58.592056852918176
266.80421210158966
58.59158733909135
266.80402674445213
58.59178309966228
266.8042398305988
58.591303177629015
266.8045501280503
58.59120543643803
266.8038337842663
58.59183513248718
266.8043063929799
58.59157724776742
266.8033298889204
58.591632765339455
266.8038024968919
58.59157338894147
266.8042674271783
58.591236477666826
266.80460370670335
58.59071913547086
266.8036349056347
58.591992806774215
266.80356920448685
58.59207125672401
266.8042525911951
58.59156782217906
266.8044368705523
58.5908508055727
266.80330286624667
58.59240307400614
266.8045183850045
58.59199026935676
266.8035010018866
58.59219657189533
266.8033876256959
58.59183290661895
266.8031840809781
58.591686686362664
266.8038729640466
58.591649636749935
266.80371515981824
58.59207686969603
266.8040088332491
58.591320359686506
266.8035624218319
58.591802463066415
266.80402786794
58.59156366177194
266.80415070214076
58.591642784071155
266.80417124372616
58.59174935314513
266.80402319677523
58.59189715735556
266.803671060974
58.59197224251693
266.8043258842372
58.59167401684681
266.8035816937627
58.59185046894709
266.8032266845112
58.592196020515985
266.80369169996993
58.593052921045455
266.8031974665064
58.59218805997807
266.8040254215157
58.59129406645661
266.8039740240056
58.59161082941864
266.80435206713446
58.59124218656507
266.803786165794
58.59233785615652
266.80382030703186
58.592322184791556
266.8035352615407
58.59210338018602
266.80422779687797
58.59145949041704
266.80381354548445
58.59188238426577
266.80431273831346
58.59136092453264
266.80379046207236
58.5921747955872
266.803750285384
58.591843116199016
266.80412469904695
58.59176801708236
266.8040864144423
58.591544954513665
266.8025441022037
58.592696492152754
266.80382972858206
58.59171240351861
266.80271973949857
58.59284982839017
266.80431912733184
58.59107184584718
266.8036858016858
58.5918723482464
266.8043193125195
58.59158757634577
266.80400040376117
58.59160198032623
266.8038911053736
58.59177907955018
266.803990564993
58.59176943702914
266.8037629272876
58.591936440367135
266.8031479239289
58.59214185549354
266.80411193310283
58.591166421130765
266.8045191507699
58.59102603250358
266.80374146702525
58.59171219757991
266.80396300400025
58.59169350696902
266.80423771505593
58.59132479863183
266.8038718315511
58.59161266179581
266.8038936042576
58.59158415647107
266.8036166601232
58.59156806791725
266.80419869448815
58.591896404206636
266.8037989510776
58.59203240898205
266.80323486101406
58.592414118218585
266.80381395854056
58.591700376884546
266.80360426186235
58.592220694365096
266.8041745474766
58.59198906032543
266.80380800577404
58.592286782863084
266.80393468000693
58.59212197906163
266.8037167801813
58.59185482985049
266.8035503180581
58.592104759954964
266.80365778977284
58.592063360862085
266.80449755242444
58.591409464672324
266.8034799173329
58.59192318051646
266.80371866203495
58.59180389654648
266.80397197014827
