288.0024247293383
200.642700056609
250.78183373076718
229.30845346749993
238.49600552228299
234.49447487793373
236.18006036295765
235.45819405232214
235.763514532729
235.6337695268553
235.6891408045608
235.66544831744613
235.67561912724068
235.67068837802162
235.6735106062306
235.67178594347024
235.67328446415831
235.67197625689005
235.67253883220292
235.67268127727039
235.6723198487207
235.67222468440377
235.67270458637176
235.67199631822768
235.67290804665208
235.67239603176495
235.67249766010718
235.67205628510965
235.6714547706124
235.67247072451573
235.67219036965616
235.67269928643327
235.6722875089581
235.67259469892815
235.67247023881464
235.67226100129665
235.67127493104272
235.6731665829193
235.67200023868827
235.67218361566302
235.6726650915025
235.6720271105496
235.67300685372902
235.67242883948347
235.67284600252424
235.67167115734082
235.67221702649658
235.67219872681017
235.67276012020739
235.67251990906516
235.672281960924
235.6724474252369
235.67237262366325
235.67210136081485
235.6723888652814
235.6726586539662
235.67070357889315
235.67306786098197
235.67232259209777
235.67238973491476
235.67213842497222
235.67218883964597
235.67269538114488
235.6722420240003
235.67229896479694
235.6724180727797
235.671844504177
235.6727842796172
235.67238640980577
235.67265708809646
235.67271414861898
235.6721700815906
235.67185568634522
235.6719886183455
235.67211316346584
235.67245204333813
235.67222845161814
235.67249687625736
235.67223611407098
235.67258858675632
235.67206783039
235.6717457967752
235.67250716995477
235.6718021359011
235.67129365782603
235.67329077044633
235.67221266498746
235.6727621130958
235.6711460627048
235.67284608636328
235.67279132681506
235.67218324436908
235.67287466128255
235.67179152123572
235.67242162012553
235.67227334773634
235.67256341950997
235.67207334461273
235.67249724404974
235.67207093169418
235.6727591928866
235.67175720330852
235.67242440553673
235.6724878896057
235.672531250646
235.67230755477794
235.67223169407953
235.67263834201003
235.6725350845154
235.6733507247045
235.6715063042575
235.67303941107093
235.6717186001042
235.67292419312435
235.67231180748786
235.67254514375963
235.67293234962563
235.67232172737567
235.6716876746359
235.67270874171663
235.67180191259104
235.67223499529064
235.67189027827408
235.67262299755384
235.6722894480772
235.67271088185953
235.67241907784774
235.67239606147632
235.67210446303216
235.67309300322813
235.6720585310468
235.67208342004596
235.67244550080068
235.6729737804344
235.67246505708317
235.67265431556007
235.67278438601352
235.67248254088918
235.67247642037546
235.6728390474891
235.67199957410776
235.67258420254802
235.6726271281368
235.67264878005517
235.6722545856901
235.67241072312754
235.67137127044407
235.67239051912475
235.67057855759776
235.67319174359727
235.67141205706866
235.67272807862173
235.6714503599287
235.67259739074507
235.67191023028136
235.67325671744038
235.67202328699932
235.67272888220032
235.67274232602358
235.6720369212344
235.6725419515933
235.6725860176375
235.67258307950397
235.67256891485886
235.67264684436668
235.67236950536608
235.6725802164001
235.67228810489905
235.6724480364719
235.67214917706588
235.67254969595524
235.67257531431824
235.6724592760511
235.67231088902918
235.67231061872008
235.67270135189028
235.67219105154072
235.67279980826424
235.67205594008556
235.67212120077602
235.67249755490047
235.67111754341022
235.67307817247638
235.67228418011655
235.6721322673984
235.67231247376185
235.67182834987761
235.67233276480692
235.67243897281878
235.6720578577224
235.67227928536886
235.67246023306507
235.6721306097752
235.6721461022098
235.67280687452876
235.6719948159007
235.67250479906215
235.67184298142092
235.67225033810246
235.67184923411696
235.67250186209276
235.67139016580768
235.67294099093124
235.6723207601899
235.6725576339668
235.67216952491435
235.6726237636176
235.67251984243921
235.67249430988159
235.67221914150286
235.67241309364908
235.6715354382468
235.67267369452748
235.67232150894415
235.67252003874455
235.67157999696792
235.6727586040215
235.67158023016236
235.6730268857209
235.6717624614248
235.6727569498762
235.67173428472597
235.67166591028217
235.67255245019624
235.67217311801505
235.67257066893217
235.6717170515767
235.6723886342661
235.67245489482593
235.67139459541067
235.67300869632163
235.67210669087945
235.6721597807773
235.6722318654356
235.67275855598564
235.67284824565286
235.6721724250092
235.67272650411178
235.67238042430836
235.67256580563844
235.6723719350848
235.67181263455132
235.67276633887377
235.67251167482755
235.67196945182513
235.67260388846626
235.6717937863723
235.67281048589211
235.67251028287865
235.67234572859888
235.67252214773907
235.6725151157152
235.671959259882
235.67162998911226
235.67236019863049
235.67221727177093
235.67199182910554
235.67231656050717
235.67265008563118
235.67221218057966
235.67274419368186
235.67198572475172
235.67228150255687
235.6727907336899
235.67266948641918
235.67255435376137
235.67213102943788
235.67264900142618
235.6722573343286
235.6724626149662
235.67243694337958
235.67262174650386
235.67153223145579
235.67245286847174
235.6722585196403
235.67306726596144
235.67211909756588
235.67249423345493
235.67254181551107
235.67265438419417
235.67267408777843
235.67246136500034
235.67260872320912
