288.2782596424137
256.0680016195688
259.4699014616019
258.8832857259117
258.96611578975217
258.95267350501445
258.9538943737307
258.9548500003102
258.95414428138383
258.95452874155035
258.954829713799
258.95517303651104
258.9539390699738
258.95470978980484
258.95457562026786
258.9548322483297
258.95437711794693
258.95357433418667
258.95421372620876
258.9541390239174
258.955307837492
258.95452890838897
258.9542234212204
258.95444835378294
258.9545579570822
258.95451258861976
258.9544729367517
258.9536362530089
258.9545623559334
258.9549334726089
258.95517947609915
258.954498289233
258.95409123195896
258.9552171733685
258.95367131480634
258.9538494787557
258.9548827731451
258.95501676816275
258.95418536339275
258.9548615530948
258.9547690845502
258.95387276524343
258.9540285602852
258.9533623800162
258.9548300745555
258.95436700240316
258.9551056052078
258.95467296414427
258.955017907243
258.95466585753456
258.9540514441578
258.95300148231036
258.95537014928414
258.9544390262381
258.95503588456995
258.9546376543003
258.95304301925717
258.9546433397445
258.9550155290817
258.95426991347995
258.9549338585057
258.9539399244313
258.9546230512242
258.95489343768713
258.9542924969028
258.95474615303465
258.95365150582074
258.9541612642315
258.95425246885134
258.9546762686696
258.9544993008676
258.9548297145593
258.9544187991196
258.95532264507347
258.9543676285175
258.9542944648856
258.9544969145354
258.95366984046996
258.95483760944626
258.9546793543341
258.9546350734745
258.95422487879114
258.95478379655833
258.95453768163134
258.95347493467125
258.95388330775313
258.954160574649
258.9546690283605
258.9546500539582
258.9545572582574
258.9542554511063
258.9543102008174
258.95484544237115
258.95434559952264
258.95394138176925
258.9549211200283
258.9530485389769
258.9541071486965
258.9545956039219
258.955070081116
258.95450295463525
258.95505114369007
258.9547363762322
258.9544518278053
258.9535270961351
258.9550854002955
258.95447754499037
258.95405671122717
258.9545459048022
258.95422568266076
258.9551752444677
258.9552804858904
258.95433476035396
258.9543688225458
258.95501766205416
258.9543028855551
258.9544204804988
258.954287097411
258.9546390256801
258.9547623626495
258.9540153480775
258.9542587017859
258.95421216347313
258.9538265640076
258.95501059584785
258.95477363678947
258.95472441273887
258.9547370270666
258.9543497342456
258.9546882719078
258.9544940259293
258.95393722347944
258.9539428493299
258.9547186670461
258.95470837499306
258.95405889325775
258.9547297346653
258.9550692674966
258.9541897110539
258.95464457551134
258.95464809737314
258.954665763682
258.95475087438535
258.9548723731714
258.95462567890354
258.95435642388475
258.95515914245334
258.9543416228116
258.9544942716748
258.9542385930836
258.954725975098
258.9536538979446
258.95490794139914
258.9549621198821
258.9548603267467
258.9545051414898
258.95358841370034
258.9542192015797
258.95474926200404
258.95405964378733
258.9546790549357
258.95413322038075
258.9548230352666
258.9542287288932
258.9546951428201
258.95420222329267
258.9545363924408
258.9542131884373
258.95473951328313
258.95443476537184
258.9536829671706
258.95443945674924
258.9546737353812
258.954146937569
258.9546248289698
258.954478271713
258.954915050359
258.95397946699813
258.9550940578338
258.95301310879586
258.95420939028554
258.95462163003685
258.95522582382546
258.95392243767856
258.9550451569812
258.9544858709414
258.95496949563676
258.9547172613966
258.95477376310737
258.95452915011265
258.95487985810905
258.95420125257806
258.95467222642037
258.95417628264113
258.95412494041375
258.95482883889053
258.9544131402945
258.9544916538871
258.9548585248267
258.95464901770174
258.95389470481314
258.95511091616936
258.95336638510344
258.95499986133655
258.954428467041
258.95436173705093
258.95406774304865
258.9544461481273
258.9542988500907
258.9538461781776
258.9539823571977
258.95521567735705
258.9543095207482
258.95484032056993
