287.4415355629583
228.6231419965664
208.61021677773147
229.47334290268122
204.43928174825146
62.15952035304667
257.1635374378652
107.63001345119164
196.92817815418584
238.84218313311294
187.58991910125133
100.82804610622998
225.98107241540538
204.60149494067718
59.20992917657168
257.9499906929236
110.82194783922569
138.54229493179173
26.83750173450244
247.47692002362783
205.8528919460514
211.24295505949522
48.67892554465743
256.701967024087
126.83187383113818
223.92077831270763
12.314545876125521
239.09935235907142
261.74413842685226
91.19749497098928
228.61676354265455
201.89304374719086
62.98988203245244
241.26448325885212
172.30914140531968
194.66888128046412
80.91875887986316
238.99271286448675
170.6653765478386
212.2467870842138
222.35504293740814
10.705558408941215
177.73483600232976
176.39935521087136
263.62283172738717
86.31006302521564
232.0259732172144
193.16909421052333
92.8952394426924
252.32024463597918
136.09581874294418
236.69058593245427
195.60515240027235
236.826129096391
189.4535278147123
95.04623286607784
230.1805231272774
197.25515761865063
80.61571374328196
253.2048061058831
140.11112289231096
216.84595517015805
24.989895314585738
227.9835654643921
226.43808533569245
182.12770183067187
247.52626054053326
133.22998485631615
53.57152112057156
261.65263440892886
96.47567810861074
220.9895018988209
220.34977815743332
218.88020585534832
220.18065648611446
218.43418330545683
220.50691370281857
218.02367401396623
220.94218976057164
217.48825084674172
221.51947334657234
216.7535515539421
222.29717655225613
215.72608481192583
223.34910859446973
214.26255474743448
224.77948814826595
212.12654150886738
226.73660490218754
208.8854202477596
229.43826956574776
203.72580689903407
60.73224785563798
23.58637036141954
256.0738710810256
110.19744446675759
185.23413059558152
243.93191368227053
173.68234331976782
165.00043219859435
264.6525483946825
87.90649217923055
229.2545136618246
206.84222116114324
231.09209815874055
200.6976800686898
65.42374241696598
215.2391282073295
235.51415556208303
165.15039240354236
263.4453898136744
92.3626121171801
222.42183777999526
221.1404568270009
214.72184207542523
225.8266206771732
208.79104127668325
56.84460712799046
17.27308421759517
255.94068595115823
112.57175797105083
153.43102507895674
232.82505274488722
203.7869548518429
233.06835335594224
197.0624753905031
73.20488574738556
239.82555645154207
169.0727686277096
212.89217678736168
223.60345486802544
218.69440991403098
217.94508403135114
222.42676073373877
214.3795146764678
225.17462605452602
210.92067475851218
227.9656890209808
206.34514667086478
60.303861753411184
256.9265573741577
108.73474328202428
189.1988873630762
243.27656182544888
169.62231425455684
200.62875223818264
65.55166974555323
242.9746786178075
158.24042564743286
226.45089941217884
204.69301816116786
56.74407563186833
242.7966645121196
164.2116412163814
216.68108505928103
222.97717941692827
216.58521516898327
222.01000740891322
216.61254922491207
222.2137265173369
216.03893948320183
222.93812180341047
214.9313133724063
224.09736894552043
213.20629520357033
225.75092267551372
210.58571105686133
228.05555146231927
206.47242662979988
231.07241715595592
201.11450978140783
65.67160020142182
257.7537185502588
104.6453291102589
209.86323310367152
229.06377785329096
210.8381663269829
226.57275728435343
211.19016350697348
226.94064542782144
209.40014238564618
228.78959977698105
205.44770040595904
63.551948238637124
257.2896817172732
106.66698929102859
201.70577574957133
235.7325380031907
196.76400864062452
79.79051778445137
257.0006626330796
105.44595837520319
208.87379578749824
229.20967291468696
211.60370446474553
225.54271671070455
213.16941478459194
225.00649593558774
212.68786137249845
225.9065728420901
210.72392227616365
227.81597975060868
207.11966037511593
230.70666608762986
201.27604160764895
64.41533435581368
7.706504522298928
206.6851535613241
259.3728945444818
95.21819920727285
225.88095133822208
206.28545978572947
53.45543842459301
243.64286013712263
158.97597278984176
223.96900234196073
212.6794616995976
227.56043671038788
206.25933551244816
56.69431933683518
43.16979881434963
252.540690384747
121.18966091545735
97.58379260376387
253.55100955812668
132.62590712891688
238.46806573586218
190.84402472895454
239.24392172573425
182.60538097081007
124.34395399584173
92.69015885914996
264.4859545856234
95.61318350065267
252.04922194148094
129.1252616232523
242.16982719582302
164.2980975533501
218.41830830974504
219.45472420576698
221.80484217917547
214.9466741442593
224.8469778272629
211.24617984836368
227.76050119248248
206.6319487997098
60.74205035773048
257.05476096119673
108.12229454814224
193.1614981241437
241.21240993060928
177.98744987534883
155.37926566707029
204.71802215950447
239.95414671731123
162.45725166905322
221.50947355065728
215.35865454285522
225.70197891636053
208.98720678818063
56.22783166568843
24.059717959011323
255.29722477211908
114.59051641331462
135.1433146965428
244.00368691682525
160.92824242205825
222.8970782096876
213.7328847827739
226.9573694319115
207.24566512466117
56.737840315690846
40.57495643108268
252.87837733865308
120.90465682986542
96.80012150142284
255.3403395533678
116.36309720142162
119.00600137535366
119.7953569743986
252.4608429807995
126.58735887530202
71.72713067870063
244.5927204311156
154.28431928507052
229.74925723436172
198.14417259440233
74.4160755105695
211.03667895472609
236.87331301977974
181.02582657241146
128.5904271651816
72.75526744629315
265.86845457313757
92.63412685769435
252.64202853107417
127.49956902395934
242.83006631092576
161.66314035339747
221.68517909329967
215.26683531876188
225.7325453301455
208.98186147028173
57.050365180679364
13.393506983658881
256.214307689399
111.65516944671981
161.92588170125964
224.00562688037462
219.77883720898535
218.22159456051304
221.85259172832593
215.5982142525463
223.84799984020356
213.1780358311371
225.9310668161488
210.09261042403523
228.52148170111468
205.47937438263034
59.80978459426842
13.78757210096228
256.53778959937335
110.0200136454514
181.2849653094454
132.0333076488023
49.07341019544401
249.08251143217785
247.21726783167105
141.18677522748476
236.259659056901
187.70180702743528
107.72470593707112
201.6614307443524
238.43618526571663
184.49328232507105
123.47955467551947
84.76029361273686
240.54511282294698
181.81107417368912
132.43099862844974
56.64221618761076
259.44451115699485
117.46470492093067
235.83279396213766
262.03833410545485
92.10100001255341
227.32521572179394
206.86982567644736
53.09762601509283
58.230114452628186
44.62124883836077
256.9401556672383
105.63287058196147
210.05396456019662
227.4812082626304
215.02571505316882
221.7968328629504
218.4700338713883
219.29115792059747
220.248719529729
217.8385077001003
221.42731745410128
216.6490968336875
222.51991085910413
215.32338227165747
223.7956301713566
213.56981632429233
225.44827964677825
211.04242381786753
227.68279398906452
207.15799812490877
230.7058374620683
201.28622123143577
64.45653393123939
5.866258387148264
206.58166670908395
259.3099377365288
95.7043995011336
225.26394583783986
207.97951058537
50.24345039378386
244.51968474478053
151.7540094141732
231.12365949037485
195.04790544441494
85.29342732124496
254.48035292576242
