288.015926831247
222.60585392667645
247.60772929070993
238.26547472591528
241.2951987363565
240.24067031999107
240.5907172328648
240.472444527064
240.51182524880096
240.4984910784542
240.50369185455702
240.5015215697631
240.502558711888
240.50166949288268
240.5024901587858
240.5019997505524
240.50176891243245
240.50182992913597
240.5020232881052
240.50196622691146
240.50222791676333
240.50178793451778
240.50186462197962
240.5018255774703
240.50164255374693
240.50240717649467
240.5019427640782
240.50150696236597
240.5021894911224
240.50172740875314
240.50168285517066
240.5024865622945
240.50202652348162
240.50140591911804
240.501883982035
240.50195860191707
240.50241208748776
240.50187414725042
240.50202070860178
240.5013746362656
240.50303165785044
240.5019131844674
240.50176089476372
240.50146576412226
240.50160878512906
240.50137607807847
240.50216070432361
240.5015664058992
240.50264029087703
240.50178685419814
240.50208038343408
240.50220351630924
240.50220466008977
240.50192941225396
240.50199130123292
240.5015668593369
240.5023559520414
240.5024262258412
240.5025497186798
240.50214310698357
240.50239848737328
240.5017374631425
240.5022261150625
240.50170684460682
240.50148479301424
240.5019234168867
240.50184669893133
240.50215893980203
240.50175046387085
240.50177420717955
240.5025468767126
240.50140088082844
240.50273613635
240.5022434655839
240.50215527409455
240.50152342259025
240.5025065351292
240.50192121362852
240.50248708229265
240.50229084708553
240.5008451783142
240.50248943519546
240.50200414108986
240.5017938459896
240.5021605323891
240.50221673866326
240.50207331477213
240.5024086532394
240.5022017491574
240.50236356052483
240.50185530648014
240.50240979545924
240.50154757771088
240.5023487540675
240.50184323449503
240.50204347496765
240.50221751035133
240.50189145043987
240.5018066349876
240.50244792446756
240.50151074795576
240.50040279593668
240.5026448702847
240.50150954726996
240.50151311769878
240.50187957995513
240.5017208123827
240.50079213670688
240.5027139300655
240.50204768522963
240.5015385462175
240.50224896188593
240.50103024463897
240.50219173289952
240.50198753506265
240.5014891027604
240.50187417992856
240.50189795384358
240.50253407978744
240.502011579978
240.5019355939221
240.50242328627792
240.50049975152797
240.50259132595966
240.5020923565753
240.5016915340384
240.50128370387392
240.502562012196
240.50122500660655
240.50249153681943
240.5020913422486
240.50233024237968
240.5023586840034
240.5018299373478
240.50252144932892
240.5019117666452
240.50073203930515
240.5026064957201
240.5015682233643
240.5015727514401
240.50217821475962
240.50178850444354
240.50161417260824
240.50139615307125
240.5012693905228
240.50262476318312
240.50170003605308
240.50156918225548
240.5023191669461
240.50197843954084
240.50257056089322
240.50136662508885
240.50118623540766
240.50244288851536
240.50187955429283
240.50134724698
240.50158577993716
240.50205058552092
240.50222368257528
240.50200291142392
240.5014675507191
240.50226009284233
240.50216363461368
240.50158372944134
240.50236395838874
240.50204416484485
240.5017320551051
240.50142741185118
240.5024936655609
240.50181942232302
240.5024050335196
240.50042600881716
240.50280107514118
240.50161253760598
240.50146598550782
240.50200518831844
240.50234066670964
240.5023584554874
240.50185594084905
240.5015016982943
240.50247822978417
240.50161332797143
240.50160261362907
240.50211986761133
240.50151557545178
240.50188505546248
240.50188925099792
240.5018935832777
240.50162352254847
240.50183197227307
240.5019241945556
240.50164273103292
240.50255132948223
240.50239504272758
240.5020512064948
240.5017175637622
240.5019494182634
240.50154704377928
240.5022535531316
240.5011689697858
240.50260495541443
240.5019595119811
240.50210680722375
240.50118062431284
240.50096157478401
240.50234768343216
240.50271042752138
240.50177986727795
240.50264504682855
240.5019201572577
240.502261241636
240.50176031190495
240.50240517438215
240.5021065793262
240.50228449857968
240.50130574090872
240.5017259309534
240.50228218537814
240.50153352569032
240.5027542635362
240.50172450044192
240.5015353890194
240.50239488236548
240.5006358690298
240.50271865686227
240.50132852379465
240.50232750669238
240.50184579701454
240.50233838926943
240.50173232717498
240.5020986388845
240.50245332579652
240.50177612814878
240.50214973688708
240.50192128081108
240.50194821287005
240.50185578598757
240.50219736694999
240.50177990498196
240.50121007929556
240.5024924496538
240.5014498361561
240.50156718878134
240.50194063466915
240.50213853281457
240.5016991475277
240.50234967928554
240.5016552463203
240.50289057394548
240.5011943783902
240.5022656454821
240.5012941284367
240.5022093514999
240.50195179479488
240.5023896763014
240.50076485067257
240.50165270114667
240.50218302624125
240.50107614832814
240.50234204235312
240.50249751143565
240.50174281357613
240.50147554918658
240.50168005394517
240.50241322310467
240.50098369184707
240.5025343667803
240.50193656707415
240.50208469420613
240.5009932090179
