288.019134978405
227.4367785800141
247.77216838654022
240.65313887282855
242.75361421492767
242.08100448749792
242.28577310281753
242.22206684451976
242.2424076291918
242.23507656697575
242.23769886003174
242.23686671063479
242.23675678912605
242.23744303644344
242.23600484139934
242.23724356116145
242.23764895078693
242.2366426753506
242.23657378450207
242.23721284117346
242.23713480161769
242.23721353495603
242.2373300129275
242.23715540751982
242.2373448978433
242.2364234456818
242.23750095605283
242.23712219015033
242.237221091209
242.2367461517224
242.23716818854155
242.23726191794776
242.23605176809724
242.2373299693827
242.23698915413843
242.2364181927278
242.23740994729087
242.23675339490364
242.2364249858092
242.23794640332926
242.23726884559983
242.23647757122853
242.23745069446704
242.2372134540201
242.23689018235746
242.2368749664638
242.2374910986582
242.23758466485015
242.236820633123
242.23586085905117
242.2376265931598
242.2370722257474
242.23711826600993
242.2370806240142
242.23701332393102
242.23702831966875
242.2371287526439
242.23606209954232
242.23744267495204
242.23644796711596
242.2371023249143
242.23715215314587
242.236970488706
242.2367070714099
242.23743350749282
242.23728803931954
242.2371632070608
242.23642134600232
242.2374797544071
242.23738749200493
242.23681598042094
242.2373709125677
242.23715326650927
242.23678863641908
242.23679954932595
242.23722020589776
242.23651223765773
242.2376407230331
242.2369695357811
242.23680610183874
242.23698668532234
242.23716399832483
242.23754249360718
242.23667352817938
242.2374219119738
242.23697902321146
242.23676458411865
242.2376025987105
242.2368601836206
242.23696492015733
242.23620893239422
242.23599167959037
242.2378948679616
242.23701829493075
242.2372725610694
242.23532713112218
242.23780596713914
242.23700890382315
242.23640860187152
242.23727151406638
242.23668635277136
242.23672413908935
242.23750273203768
242.23714279735577
242.2368821570417
242.2370591191575
242.23731553488324
242.23667941529857
242.23746852290788
242.237177369876
242.23686092084245
242.23740113809617
242.23661523792543
242.23734102904564
242.23744929596432
242.23730575924856
242.23767697378935
242.23668868124514
242.23712507314485
242.23580048676376
242.23799860966392
242.2367809778225
242.23556268649554
242.23805120158795
242.23711360490415
242.2363406948425
242.2368880250724
242.23755445803545
242.23725810522592
242.23663561861758
242.2372098820124
242.23687992475607
242.23737622174667
242.23653537654172
242.23705171810434
242.23738241151295
242.23727898535435
242.23710646403924
242.23718189648935
242.2375403693004
242.23691875889926
242.23712281985354
242.23779922461836
242.23655317872908
242.2369579318256
242.23718588176416
242.23719039154093
242.23716706039704
242.23714282139554
242.23754634775833
242.23694419426465
242.23749871193286
242.23673755303025
242.23689671890315
242.23712739244365
242.2371177751702
242.23627258342458
242.2374533158145
242.23677141307417
242.23794742846803
242.2352624248888
242.2369958085692
242.23730127741146
242.2374245803585
242.23704008586355
242.2379404441308
242.2360728040294
242.2381233214619
242.23531239345175
242.23788851397694
242.23681807817047
242.2368776817966
242.23663966288586
242.23646895904676
242.23745999239327
242.23705563867406
242.23678149215993
242.23726087986142
242.23754119461228
242.23734597071598
242.2366175702482
242.2373110686458
242.23732744493464
242.2369508089323
242.23753653014137
242.2363132173923
242.23695276424405
242.2372305978497
242.2369613519113
242.23706677490554
242.23705044717644
242.2372801128222
242.23693528184958
242.2360852444981
242.23745973467885
242.23709191281523
242.23681158403633
242.23745024266827
242.2369206071744
242.23766181146493
242.23647484266257
242.23656361961912
242.23657476902008
242.2364239381568
242.237198564937
242.23743169903173
242.2369544088142
242.2372474001604
242.2366319263965
242.23748492688173
242.23724574921653
242.23712956093368
242.23649512056727
242.23694739145867
242.23714858631138
242.23695182568918
242.23700351867592
242.2372320490249
242.2370328393299
242.2372851222608
242.23726646907744
242.23735336658137
242.23590381995018
242.23698507082008
242.2358844517148
242.2382224866742
242.23695869716175
242.23689085395017
242.23659716700786
242.2376360795315
242.23636201299087
242.23733663911116
242.2370578194823
242.23767409288848
242.23657469049795
242.23657809935685
242.23768527220818
242.23738647189748
242.2370686779177
242.23654588843056
242.23761553678196
242.2372872276319
242.23663756789756
242.23714020228363
242.23697229698882
242.23729433165863
242.23746898675745
242.23715962289134
242.23703741611098
242.23722416558303
242.2367615103576
242.23754156426003
242.23689298053796
242.2372319321439
242.2371670020948
242.23673663109366
242.23787752851786
242.23736009527056
242.2369652898633
242.2373551297933
242.23614688025555
242.23696221796854
242.236749378877
242.23728935934196
242.237863385526
