288.034137484369
238.31060575778315
249.93838790512837
246.63791760518052
247.37608344421346
247.19289291072846
247.234918292967
247.22583937266518
247.22665828885965
247.22780602899638
247.22709746662622
247.22603663853533
247.22736955727305
247.22730762541232
247.22731606095022
247.22645691809794
247.22789997776272
247.22703901205568
247.22686703720592
247.2271092593519
247.2277818889479
247.2277290131624
247.22638891907263
247.2274459102464
247.2273441424113
247.22713373818442
247.226048261693
247.22714685987376
247.22742635228315
247.22774363375538
247.22747378489657
247.2274519350285
247.22627659406498
247.22654036855783
247.2280026314129
247.22705019293062
247.22815174875905
247.2273709981364
247.2269824777377
247.227375915807
247.22740111867643
247.2276690506078
247.2262147093752
247.22819942268325
247.22740283741223
247.22778128937352
247.2275743429418
247.22745046844284
247.22707149621056
247.22783300157607
247.2272578594857
247.22718745925886
247.22595895354607
247.22846537020814
247.22697508878628
247.22719617824987
247.22761817259016
247.2273428371882
247.2264508346525
247.22794921331297
247.22744993891683
247.22707602275477
247.22786093391187
247.227249625259
247.2269856348139
247.22722097879887
247.22786607963644
247.22719888192296
247.22731491424565
247.2276944549376
247.2272807335903
247.22746648571774
247.2274193163248
247.22758518159753
247.22769991860332
247.2271951929797
247.2275461827121
247.22731553838094
247.22742564446162
247.2273667681984
247.22700416623047
247.22795378659794
247.22712748525373
247.22606317811005
247.22816825747577
247.2275703207415
247.2275076495207
247.22617196506326
247.22739725834253
247.22722270935628
247.22761362559686
247.2266063489442
247.22751692661404
247.22743162428378
247.2277639153399
247.22701815173787
247.2276821733467
247.226778300741
247.2265360912279
247.22821530148212
247.2272955674489
247.22743727405032
247.22734546352876
247.22725010338036
247.22771677812125
247.22714666850516
247.22759658117866
247.227108169056
247.22774657672562
247.22676549768948
247.22755468612013
247.22811140208069
247.22763589964597
247.2267504886695
247.22785034464323
247.22800980300235
247.22687936574948
247.2267428013729
247.22715927966783
247.22831337070966
247.22666546244
247.2266133668818
247.22812432253704
247.2276845702654
247.22734913723252
247.22764683925925
247.22750543695292
247.22756440705416
247.22799883753032
247.22678577985062
247.22788553205464
247.22725187583274
247.22713971327903
247.22747069874458
247.22612952850614
247.2282762218456
247.22673359303008
247.22787981151487
247.22632070246618
247.22801484939555
247.22764682391426
247.22751013794914
247.22788069698436
247.22752161106473
247.22780122093536
247.22655549291085
247.22797210810677
247.22649807369453
247.2276460790963
247.22706567685964
247.22783879366762
247.22674859374092
247.228016564266
247.22669820398005
247.22709854464483
247.22794236479967
247.22739036843268
247.22632064483332
247.22830261605122
247.22730179217615
247.22728878112684
247.22723488915653
247.22742224295507
247.22740770074597
247.22758484903898
247.22705110358947
247.22818638721947
247.22765918713412
247.22636445974058
247.22741620526358
247.2274206303846
247.22777089338342
247.22773854339903
247.22758156557393
247.22719091083854
247.22801525316027
247.22629190649604
247.22787845128914
247.2277040486224
247.2271300655848
247.2279427452886
247.22716153078363
247.22773283963033
247.22753350743733
247.22731114851194
247.22711150629038
247.2275966527377
247.2275635931146
247.2274956063775
247.22806848248
247.22725248032657
247.22711010945204
247.22758708258334
247.22741934697842
247.2265820587054
247.22779741983686
247.22844140950474
247.22698439283704
247.22721044666832
247.2262077989144
247.22820694437542
247.22719040211814
247.22666270958143
247.2271854915598
247.2276509169751
247.2278378626943
247.226755650423
247.2279812159395
247.22684066041256
247.2274126803386
247.22715217947552
247.22760430858762
247.22791399611742
247.2278408302809
247.2274397836445
247.22694991012395
247.22730574601155
247.2266288796527
247.22729151451495
247.2278535917867
247.22710544230358
247.2274189361051
247.22713344774093
247.22740694668028
247.22741160614532
247.22620928834658
247.22858497656125
247.22707404480025
247.22773246727593
247.22744462176342
247.22773502710334
247.22802891160245
247.22687356836104
247.22781236506125
247.22692878714588
247.22774250424118
247.227451191633
247.2273590267141
247.2272629559011
247.22648836064036
247.2274319237913
247.22788968771056
247.22713246119383
247.2271260982816
247.22770150551514
247.22752932741423
247.22715150950535
247.22759709705133
247.2275823646778
247.22712951502763
