288.11749971093684
261.114943482444
263.1748805952868
262.9015863182435
262.9290742021708
262.92762607933673
262.92710516310444
262.9280684477699
262.92650946010417
262.92803851688404
262.92730168605885
262.9278399769919
262.92694243474034
262.9275229368641
262.92759897615724
262.9270756298938
262.9270265378573
262.92804691922174
262.9268083964689
262.92792113313226
262.9272389082453
262.9277034362367
262.92733000251974
262.92732031722153
262.9276426871693
262.9272358814287
262.92717849414294
262.9277230506141
262.9270102189221
262.92607819755904
262.92597283267787
262.92748067291177
262.9271716020303
262.92712334697353
262.9268021561984
262.92688479991193
262.92720698480116
262.92735264339353
262.9275424356565
262.9267491564751
262.9275471659894
262.92717738638385
262.9271523997704
262.92694402225607
262.92767043195636
262.92684647882925
262.9272562913429
262.9269674978095
262.92748156622474
262.9268264860366
262.92780298674916
262.9268059377464
262.9270496181307
262.92586092739657
262.9276870469548
262.92760327459473
262.9270719103333
262.92704102897915
262.927170372619
262.9268016781825
262.9276931834829
262.9272251969851
262.92609136125975
262.92788528375604
262.9265044780768
262.926982464116
262.9276519431587
262.9270265742598
262.9267010233016
262.92832625452866
262.9272739339867
262.92746021701896
262.92750404965045
262.9266279084695
262.92777005765674
262.9265831530356
262.92778628518863
262.9272967552024
262.92784637118893
262.9265519294422
262.92748575709265
262.9277622457739
262.9277389068302
262.9268623508833
262.92804964344396
262.9269181944037
262.9268711287805
262.9277319173125
262.92590218141413
262.9281208862958
262.9273857722219
262.9261631048648
262.9255736696068
262.92717920932773
262.92752621560066
262.927119629363
262.9265954956063
262.9279466053413
262.92718032215635
262.9259159167632
262.9277477264768
262.9262775955358
262.92681084377546
262.9270147970965
262.92652014563646
262.9278543768378
262.92749054452725
262.9270151029632
262.9266838149997
262.9274621632576
262.9270829490779
262.92703438371245
262.9272538689547
262.9274305946019
262.92764601812087
262.9279971107899
262.9262849551742
262.9261246779497
262.9278065031176
262.927410166747
262.9275955475605
262.9273426997315
262.92713207741326
262.92745081919566
262.92581572978816
262.92811221295415
262.92682638200495
262.92791376529203
262.9273007414886
262.92746175619686
262.9269911206866
262.9272680408467
262.92683950856735
262.92710024690314
262.92754044973117
262.92748269411095
262.9260830114363
262.9275323148904
262.9274650019215
262.9277559335751
262.92747321726347
262.9278068618878
262.9266428272822
262.9279020876711
262.9268686089781
262.9268810046342
262.92711778203375
262.92798784252955
262.9274980248738
262.9269883421075
262.9267441304546
262.9278122338583
262.9270728468837
262.92777701288287
262.9278035839816
262.92679093674815
262.9267124260223
262.92749845277285
262.92697370794485
262.92679379315814
262.92856376866985
262.9271295925719
262.9276014934003
262.9270806481072
262.92614161784877
262.9274929717503
262.92704624141334
262.92723307757115
262.927248303502
262.92646618001163
262.9256423349143
262.9276591062953
262.9272950951272
262.92772784292174
262.9263292703836
262.926427487022
262.9277913815313
262.92790168627107
262.9269670416834
262.9276359578944
262.9272829486872
262.9267863702262
262.9277918871376
262.92669426188513
262.92707171129587
262.927345119213
262.9268713097845
262.92745777718665
262.9271833351813
262.92728908646677
262.92743618771783
262.9261435187509
262.92740009473346
262.92683335466427
262.92745250393637
262.9274499944004
262.9283671486337
262.92708324143314
262.92572896013735
262.9273056755919
262.9271126171807
