287.4495477001506
231.53192818284793
209.15091498799882
231.18775026185585
207.56198039799597
64.19684896167473
257.36295300790357
121.93395584729205
97.88708334079274
231.7904960617343
210.93536168115452
230.89759796138878
207.72379101581964
61.22495591030474
10.708702753388025
256.8476789387164
124.83011212080146
83.82886068624794
241.17579315240346
180.36541807079993
187.5419189889044
241.95399299520795
193.77808348245617
94.53807153194157
204.98890638008106
240.41036181841264
179.30820559731183
168.5303424379108
221.32390763655167
217.92219321198536
40.5814831170519
88.42681546985841
239.44384233546407
181.68529636757376
185.21682107009838
241.969045366719
196.48630786300782
237.52576846773627
198.56293200653636
77.28640044984604
217.99773722219106
234.29909037066136
175.85272121308844
249.83335821239962
144.82123523354494
38.67756876259409
109.70490453113234
228.80055527600234
210.06722614950922
52.85509581428778
230.3135869979178
262.35176114780916
106.87713103073293
184.03921255808018
190.43075332558146
241.16560797460625
197.34255857769676
237.39878884671634
198.06720383850006
77.7411158820214
234.26162603168814
211.19939707960475
226.34770882036173
218.1846346557304
222.17888628180117
220.75151084450772
220.5756068973824
221.74402966280832
219.89861041406766
222.2061306759315
219.53097600904584
222.50009026002954
219.2494169508136
222.75561911672776
218.975058455635
223.01935875210256
218.67673741196995
223.3099946980983
218.3381567286633
223.63803924966123
217.94933672419938
224.01168733042869
217.4989324026683
224.43758912539852
216.9757142167291
224.92489979446327
216.3635607088545
225.4842290276938
215.64311871972313
226.1278785996983
214.78919876064174
226.87169329071912
213.76776340850483
227.73374949172648
212.53591713040805
228.73444088075848
211.04054851854016
229.88591240849928
209.25931382731505
231.11020643787924
207.5135929723183
65.32979901429644
257.4017854469239
121.27148206847414
102.58351656230298
222.78711046979515
226.76715073266678
212.65127851094803
51.497068670731096
52.70419814792331
250.34119071780515
149.75694496988945
233.15843232464613
202.9072683537961
66.09054493068834
242.15254820174232
175.0304790188311
203.96522167759395
233.54018064005504
209.03603345404917
230.24362910923446
210.48522484130808
229.86849667705974
209.88894121174962
230.5902049008946
208.33053782921343
231.59635122140025
207.1718863987262
232.32787651671242
205.78942079163244
64.16332105888432
257.38377931201103
121.9744046437263
98.22790431299654
230.5533785238149
214.6522828376401
227.4668169693905
213.62165794208704
227.7595941663676
212.6619827279428
228.59107663046598
211.31365674232802
229.66807403876737
209.61496490862191
230.88558432117134
207.78264526084968
64.2729666898158
257.3646269716555
121.80955219549651
98.69916757859755
230.83718836704793
213.09857230966736
229.20441234939062
210.4889842802586
230.3560888914726
208.51279518482625
231.43946423778834
207.60070194106083
232.03683061133052
206.1757443819297
63.231192520586774
3.2212866730696987
257.23136410088773
122.76636314103962
93.71023244035314
234.94354127303086
204.18249837039912
64.01749948189536
40.8510873100895
113.7534426086495
224.24242116506502
221.18969673633546
21.97132283006067
169.42690445072367
247.83437089486688
210.58641445877583
213.05311112677737
48.983005114911066
245.89536408672575
248.1750794769032
156.21177376515698
226.23068040517683
217.54950737753825
223.96519841091504
218.2158623894211
223.49531549918174
218.32866010798898
223.55121769922698
218.12586090660625
223.80875279906468
217.7706422742922
224.169509273539
217.31575003009493
224.60551095310802
216.76971359238814
225.11314737530483
216.124879516472
225.69878699964465
215.361843469851
226.37518575070862
214.45437272422714
227.15725560946157
213.36505073920853
228.06569103899528
212.04789137103944
229.1186365638132
210.45063340380148
230.31546336001338
208.5999370092395
231.44434504964738
207.3722165378058
232.21374148309405
205.9339753637978
63.88358736643568
257.3439485313138
122.19895962829469
96.85962824741
232.14943644854065
211.18879255795036
230.42132563859195
208.7777316181673
231.41296637328196
207.23597997251636
232.2037070875158
206.43272867977066
232.74468566771247
205.18806577378564
64.77164793074189
257.47673977831437
121.3682266664182
102.51706724168616
216.0870146714151
39.153194286751386
262.3572921857558
106.09454691830615
206.3046053748185
236.0997883094533
199.3207826513244
74.3681313284178
240.1472058556974
181.3026295495656
180.18674161474337
245.27466670497233
182.96223485987866
126.25914875377202
99.43284947144275
262.6609576288756
124.29572726738115
240.24120434101496
203.90001751419913
231.74325438062078
211.30451517573965
228.35424336552387
213.28586237257696
227.62003535621625
213.27988412034756
227.9550819210708
212.4192021033814
228.76642007967166
211.0677963358612
229.84769014843914
209.3410349215119
231.0588691058947
207.56581857457059
64.6120937498199
257.3859162198787
121.63665297202533
99.87563899485394
229.22373652840906
216.44096295880445
226.17847695386445
215.19246246402327
226.49949045888206
214.3628734662343
227.21389061292575
213.3095134941832
228.10361863586877
211.99986669291684
229.15350865366054
210.399046031147
230.35177652128914
208.545165319214
231.46184456307674
207.4065419667022
232.18844888899184
205.94450307282386
63.627279560794705
257.30342158641724
122.37740448425757
95.92726816351933
232.94454898576078
209.53415298977052
231.61455826820747
206.7562827769143
61.73997938334651
13.192969906231156
256.8538814212079
124.35766552333371
86.16180528546101
239.6202389650134
188.9550119099731
124.42398704070365
244.43180815405503
186.54314132333093
111.18356107310683
208.0034274198115
233.62324642315798
211.08164886260056
228.72645987643045
212.96921612581355
227.86559480070719
212.9723876783537
228.19620470034715
212.07721818235586
229.03340025681246
210.66086549857573
230.14709821497672
208.87631291651633
231.32604487529898
207.32387192905298
232.12751475605182
206.63295580771228
232.6244209252618
205.30721763992915
64.22843359700346
257.40766364602314
121.67963603131648
100.67040932136297
223.12743657489773
18.398663519023103
187.11444748504437
172.50981558239437
245.95838057651417
192.4075362764852
238.9559204686957
197.75500599959923
82.98957386075926
256.9915718806733
119.7189516552462
122.48304835596355
239.92058162477042
248.32437968457816
156.30801226571202
227.20237360366446
214.86286164136254
227.06301727311802
213.63264024138334
227.8405501342204
212.40305521186383
228.83482382002694
210.8939751969301
229.99246820021654
209.09586476582626
231.2055242169008
207.421474045972
67.75006972359552
257.32384279927646
120.60856250036159
108.94978508338681
253.3011103697354
140.1002469972591
238.91553129318345
187.96606016534497
128.8392644650885
242.699822590861
191.47721727838507
99.42233407445019
206.66256691089075
