287.5725833516556
228.64685892361433
150.34694240925717
140.9303697104807
254.86679017086658
66.117947258492
76.69408318544879
253.56988628231625
68.2693459500615
67.38860638796632
252.71279320003714
70.73226810939514
249.11708421913272
75.90294983513377
49.91963620464776
257.91704777009
61.58692403123587
90.49899185000913
224.97599770177612
252.62003756289687
66.92531455389053
250.2003320706208
73.53259374493427
53.478976671288365
256.38081411991334
62.75424874958571
88.78719641235875
250.26182872507798
74.08083048892331
53.023749905281875
257.08515702092427
61.862582075923456
92.47679253325714
246.81743889805057
84.8059698968209
245.76553898982456
83.2752887421575
38.699379574005434
230.5894594290903
154.42867483723785
249.6591876614748
75.70211152208685
51.71309235564513
175.68949724064987
31.79719328729334
266.00896553317216
47.096909343086736
253.48003832480936
67.8100397659291
70.43332551682761
253.99981737343478
67.11696326879064
72.76641928456775
253.6320522171336
67.78874282849574
70.65164440294393
254.1225641193505
66.92747793686976
73.23095687614659
253.28510448162524
68.42277807832397
69.28494096946451
254.96536505549375
66.01239666519359
74.30947694320639
249.5876134858172
81.22839545018724
241.8387999049246
109.40480642575858
257.5013165811197
61.301071491969196
95.68734056121502
228.9660665447973
252.18299004222354
67.95675808049782
69.31343845304946
251.3786162490669
74.65999204224136
247.5647707029202
79.9337335694654
49.239662556352414
217.6422456053333
197.43230729011339
208.65882283679457
268.6541551258524
235.29312645014215
114.67899364827099
235.0879674241187
111.10610017796353
238.29135329209385
100.81173189772016
239.3456169944875
104.73370211284055
238.19954535563738
106.66457044654089
238.81934813468615
100.34490312612252
240.82035184762208
95.39122224118546
243.55873082290782
87.04730954580009
8.665441125103825
217.90439570196395
267.9345884579343
235.43336179645848
114.28020219620157
235.2370733605312
110.73788627602335
238.42310381385323
100.4455514283145
239.33008206047452
105.1673743986612
237.7403719679496
109.32835107053688
237.28887859619863
105.84953916332597
240.10214821971022
95.44639510001434
238.93998626118264
112.18138959421776
206.81764008864047
268.72014940825466
47.104770523852494
175.04974308056626
241.27048128617025
107.29646032488745
234.60847340852342
134.96039628842846
253.77585805188937
67.80182446941399
71.5474925716444
254.6987500019095
66.4024074677036
72.68526332892725
249.37828927797818
82.99207855041459
224.6941214106737
252.50151161040412
67.03619167315264
75.25480177420104
56.56855159212864
219.60670670428226
204.8706946978782
228.26368057819127
133.04822127310763
225.09548849960993
139.7536195511202
218.53677182589308
163.8686736332893
91.02397943691903
257.1088306766833
67.96611421344278
228.0453509459985
252.4355660562578
67.24701764433848
73.54195370013622
253.9193341115024
67.83950293755333
68.12406362654292
251.79450980245747
73.80228913128667
247.74140574311605
79.56758612169506
49.8318251294404
216.1588024229568
200.9954039908189
228.5043169693672
149.52402570157574
123.63727081348043
236.74370321777678
105.90057608824281
234.13305196235888
150.0294028067583
243.59912969306606
110.01615644544654
257.0549057630051
62.474705791399174
105.55091947476467
262.8327724417686
52.75297970968677
148.0204860973099
252.79516869522922
70.33079323923448
66.71032427532919
84.04926849541516
252.31335473460058
72.69234513563424
248.19024252583768
78.6394111706104
52.30973642666504
204.83394085058535
219.32106914676115
212.0870147264941
180.50704575406417
22.298462731814652
267.71391472731193
45.18337127572158
184.20157939261844
236.96019436963252
113.91144377359888
235.00958574711694
115.30792683634354
235.66593736264622
108.56501678621862
238.60943349798617
100.98932087366848
241.94374117440748
90.72598243678658
227.91272963048687
252.22900669748924
239.23227460240014
101.70428691784036
240.6817646854688
94.56484088883735
240.88834378913452
98.12516390676319
241.86741728694324
92.32385086063005
241.4605475718563
95.84089931443305
242.9651081511838
89.00891811231122
239.19066680003743
112.85152365960676
205.571493438787
269.07661982409627
47.424379183015844
169.6968895070313
243.3753167012037
100.42335584589455
238.20043545331282
114.78922248442541
227.46400357606763
182.09066289229668
230.59414614930574
172.05770269402274
236.97680140836746
135.4693776112108
252.06742525338632
72.8339808601886
248.7602912127404
76.60219742990739
48.337607070854574
258.11007856680226
61.2558231431758
92.09475358635245
223.7366928049887
252.5791448477612
67.3419563244388
249.8494140836192
74.11749911476363
53.234104256400315
257.1277692285512
62.111404860675975
90.52145749123883
243.5971324827333
106.82976788601809
257.49725764165487
61.62183956408262
250.90400060511456
72.28299070931098
58.01184422795632
256.49583611407434
63.18568972407229
85.85328934412246
246.4041214433164
91.87806917603302
217.29577803173743
244.62390184058313
111.71408225513733
252.362860309775
78.47809552498802
221.44201823202457
253.41137727873866
65.46435392920102
250.5579564969812
72.92771172281209
54.51347889852332
255.84846720048517
63.676526800009015
85.71202912697481
9.986549696732254
247.52240058962343
80.13259318294149
247.82943686113867
78.08625187159487
44.43743533469387
258.4412456292339
60.2629428418586
98.43436746738735
223.65883196130744
252.2991189899767
67.74922409314604
249.83669252099935
74.16004167147912
52.81204457634885
257.0258080454514
62.04924779247085
91.38883041261579
246.27376424842805
88.3799538956664
243.38712554959056
92.1638324958476
243.6672358836513
87.79570259268803
7.23184694761585
240.24595832815976
103.37308789115923
238.93846933791065
103.59437724885356
240.29686272439722
95.71624599386996
240.94155242975103
97.35806743899593
242.3202951906278
90.82572935035569
240.8937797366234
99.56310251564719
240.97093462075281
95.631070570249
243.42152481805533
87.34468214599474
7.847050464595668
219.90509609419678
245.47406642626447
102.36057399927813
254.62335408914078
71.04964873254357
244.5350173018378
98.70013203717826
259.74644566857023
57.32181320960808
113.98069712427969
241.0564373062225
95.2564307758148
241.38835587612994
96.32360524537216
242.6798316390923
89.981403454658
240.714911432995
100.84136950733955
240.21451942100248
98.582961601438
242.3410182154912
90.05587611338706
235.44573438592488
146.39049721506308
244.8468123677012
104.29750284308102
258.42681808218185
59.70437805711117
101.79245257347065
245.60157619748497
83.1542723174789
247.2041966294928
79.35544181436126
40.96119518337946
258.84119036035554
59.42233722037054
103.35478953822167
222.68184061830107
252.83754570464953
66.51300695867394
250.33822428209533
73.35322532565624
53.5434248863894
256.113591206391
63.18750588281546
87.21070122878882
251.29302303053555
72.41884850818315
54.91913084522821
255.1095113606716
65.45611323104822
250.30657984262507
73.52621251042001
54.39127899383311
256.8087777113542
62.39472217022558
89.93018040398601
247.15600865230954
84.77053473236447
245.3442264944024
84.91016022328404
42.72252116446907
226.49467385614116
157.50040231946332
116.78685666032834
254.48238982308249
73.34607682084606
238.19788770080777
145.56424767884891
241.95213789548143
126.63160743117623
251.24403997708578
79.51105407658906
243.33945190199302
100.32138634005969
213.78199434328417
268.2677694532031
51.90279940297478
119.72651408883394
257.4423569060309
62.43728412104247
250.91814916639123
72.48910064608208
57.25646508633508
256.5157656574156
63.005212686781306
87.03396592609352
247.36116969096474
85.60040983701765
244.0202645308309
90.69437941985962
244.01207283209078
87.0905001485371
10.838497138625826
240.03300036468136
104.06455527024809
238.7959529882355
103.70077415181731
240.35861338528048
95.4008105003013
240.75883826096833
98.55895720653643
241.67260550487845
92.93739744939376
241.52738257036253
95.23504217584559
243.27527705591638
88.09950440804823
4.2673971468320815
234.8192547380022
151.80913496605353
241.9123577966675
121.31063805500162
253.75481060234597
70.73763412279368
248.70337276860664
