288.04838761501173
262.8395614879229
264.52964930203643
264.3306319011747
264.34934108793004
264.34710885257937
264.34700233129934
264.3478005685529
264.3467963243447
264.3468594786982
264.3475203622629
264.3483674882873
264.3469954926877
264.3475136876523
264.347513982033
264.3461810148883
264.3484146643441
264.3468763465189
264.34744154696455
264.3469621486274
264.3478891208124
264.34815595363034
264.34704246134424
264.34807161924255
264.3466455895432
264.34712748139646
264.3467412051741
264.3471050484186
264.3467349093444
264.3473437312987
264.3473869603149
264.3467443709633
264.3475717773945
264.34633284033407
264.34766246085564
264.34780766788754
264.34711557654737
264.3474844324228
264.3476533071189
264.34700499028986
264.3472493151057
264.3474262918644
264.3479254360973
264.3472542162126
264.34760408320653
264.34848213863006
264.3463620303046
264.3475613881528
264.3477790582183
264.34715938135196
264.3482478183141
264.34808431263446
264.34755248636793
264.34777567438505
264.3480189902875
264.3471368204264
264.3473126354802
264.3475810147793
264.347512436485
264.3473689301536
264.34584980030195
264.34815127359616
264.3477811917255
264.3459417995691
264.34764596195964
264.3473918189775
264.3474570934486
264.3474299080044
264.34812278777827
264.3466893418372
264.3475563306856
264.3475880813421
264.3479839686115
264.3473375045651
264.3455875948348
264.3479875310659
264.3468043211251
264.34798369823693
264.34715030255757
264.3475641252735
264.34724188637483
264.3473681184987
264.34755385194876
264.3471989492609
264.34793396516034
264.3472869828838
264.34774452125566
264.34560530109593
264.34676416649745
264.34817011385894
264.34737406072236
264.3468736522482
264.34673644333816
264.3466114677576
264.34747792679264
264.3478746072724
264.3476319865367
264.34670988219295
264.3473863823383
264.34716991803
264.34798501527257
264.34759480568755
264.34688001121685
264.3479785038144
264.34756106835266
264.3471710225858
264.34743406710186
264.347819007613
264.34768488902773
264.34766779587517
264.3466315904516
264.3476882851537
264.34665081451385
264.34728661572444
264.34737622964167
264.3474320936002
264.34803206538345
264.3467117470864
264.34781962841225
264.3471682328818
264.3476190478468
264.3482186183319
264.3470228955266
264.34693315187906
264.34765461850475
264.3472551115192
264.3473485238501
264.34718415431416
264.34590616815694
264.3466657362005
264.34768677204556
264.3472261627903
264.3482994952792
264.34600314695854
264.3482363078656
264.3465831259382
264.34822639440245
264.3466801034083
264.3468847299955
264.3472850851249
264.347302601891
264.34661801370385
264.34619838980143
264.3470491291955
264.34821632718376
264.34731513628503
264.34769395964395
264.34774811411626
264.3474429494818
264.34773242146184
264.3470816087647
264.3483191042178
264.34734938708425
264.34788606336224
264.346875187126
264.3475227722811
264.347084736597
264.3478955824103
264.3470438436634
264.3473926354927
264.3478279609699
264.34832947165705
264.3465502286417
264.3481839730084
264.34789874008857
264.3466373216361
264.347440951271
264.34723308862885
264.3472402533225
264.3480667867552
264.3477645654348
264.34699626451766
264.34620597204776
264.34763900510734
264.3475209717144
264.3468456209084
264.34727153918357
264.3474732864852
264.3475142347743
264.3478337392007
264.34738222375745
264.3467117813707
264.3476291809493
264.347533123786
264.3478424959758
264.3471977745503
264.3474863379233
264.34811145566346
264.3466859038599
264.3476701361651
264.347227105638
264.3481951666472
264.34778390766587
264.3466872131103
264.34707082687237
264.3474891487567
264.34806733197183
