288.2900529701558
235.48953449020553
249.8647774446987
245.22507166098626
246.49245176955242
246.11379143866452
246.2235136150257
246.19088793909123
246.20047921162814
246.1972813391535
246.19825975791218
246.19759077501203
246.19887760962047
246.19769677920522
246.1984837631835
246.19782164861317
246.19860356196205
246.19802627712033
246.19799934087405
246.1979206375945
246.19750657856457
246.19827705756506
246.19844698106135
246.19800189813031
246.19852446423283
246.1982733888508
246.19848124359305
246.19827901578174
246.19838097978572
246.19836876725458
246.19795266697838
246.19789155479702
246.19794070968237
246.19800188202316
246.19800021892115
246.19851654782542
246.19855033442764
246.19840545311854
246.19847691571158
246.1974515405309
246.19885919591252
246.198176565862
246.19827680911476
246.19805876650935
246.1985468653147
246.19812625343548
246.19834764320694
246.1977405995931
246.1973130711849
246.1989029812903
246.19792887865333
246.19794760235163
246.19837405522776
246.1981498214882
246.19849591361708
246.19804217281853
246.19797942382138
246.1984590602151
246.1976892823186
246.19782009083428
246.1986031255292
246.1981911028597
246.19822524354458
246.19809804656688
246.19821839854194
246.19849737478944
246.19786720349657
246.19823439616084
246.19828130859605
246.19809387197893
246.19811969581133
246.19772564338564
246.19870036383873
246.19685289558038
246.19843748968196
246.19828566703654
246.19802366499061
246.19780427107617
246.1980684629525
246.19727521733148
246.19860177865485
246.19815974914673
246.19815995591853
246.1984492177362
246.1977411407206
246.19835995472386
246.19752881819295
246.19781509586755
246.19865898640273
246.19807621436485
246.19794309441932
246.1977746823759
246.19825217183097
246.19806978019187
246.19845961259125
246.19803219267487
246.19810944866185
246.19807288316224
246.1980412923731
246.19859942475887
246.19802402986534
246.1982363497009
246.19768715897953
246.1985705803163
246.198228383706
246.19821614934335
246.19797055419622
246.19832247109298
246.19815928167372
246.19854962418322
246.1975021777689
246.19858187153295
246.19784416814946
246.19773980351601
246.19862688052672
246.19772925759753
246.19857944321848
246.19784670113586
246.1985237031331
246.19787310800893
246.19866836298024
246.19821885725833
246.1983130399385
246.1981015799247
246.19845248338243
246.19781011509622
246.1982903742537
246.19819176832243
246.19799313371914
246.19808498243947
246.19779974227276
246.19839868779673
246.19778929471067
246.198225586013
246.19797041975835
246.1985228736885
246.19635079143336
246.19886218394822
246.1981176295012
246.1979539416934
246.1985032838129
246.19756291172234
246.19803654117277
246.19829402964388
246.19776943556644
246.19828469710046
246.19781194122334
246.19823617864313
246.19839286604838
246.19769267107768
246.197977892145
246.1986080402421
246.19786782827578
246.19851866831596
246.19827060514217
246.19801471328537
246.1985474091416
246.19779456064134
246.19827148126205
246.19811028283584
246.1986874632712
246.19794727745466
246.19837903069856
246.19832435902208
246.1979476581546
246.19796813142602
246.19767140373006
246.19848471670412
246.1982208671543
246.19713517352648
246.19821232142567
246.19782952946844
246.19827528728638
246.19777141005034
246.19814199666143
246.19806436102954
246.197784390577
246.1982074209809
246.1979626541288
246.19763232347032
246.19811861289782
246.19791884048027
246.19826779302093
246.19848312401155
246.19815449762973
246.19781379228516
246.19831670381245
246.198096845721
246.1982216290926
246.1975558806007
246.1987487921724
246.1980299065326
246.1979218425986
246.19844547360844
246.19763603141473
246.1985215430177
246.19765801052563
246.19842326972866
246.19713657123793
246.19877894769888
246.19781048341247
246.19852414086927
246.1980712593795
246.1981889490562
246.1981778243935
246.1977349628578
246.19838233373594
246.197443127734
246.1974648431351
246.19846271930146
246.19836411099823
246.19819101360918
246.19804038001166
246.19807743777346
246.19785782074905
246.1973783254507
246.19805781167815
246.19755015845294
246.19825970495003
246.19773326793802
246.19840999699954
246.19747629362973
246.1986582528043
246.1979715905909
246.19830802279466
246.19824610637443
246.19826677774836
246.19819378387183
246.19778957530798
246.1982323629636
246.1979743938282
246.19838150392752
246.19769843108952
246.1982930380036
246.19828870789206
246.19724625088566
246.1989880350593
246.19772190318326
246.19853030254308
246.19810587498068
246.19795931541012
246.1976971119584
246.19855057177483
246.19831567179062
246.19770939585578
246.19836585287703
246.19816156834713
246.19791515215184
246.19842382615025
246.19838209489535
246.1976416912512
246.19838318527036
246.19789769859926
