287.6451883511938
232.73071721489038
59.06862798827319
230.82202622325508
68.67186410694922
223.3821315411251
251.36723406290548
243.28744527921572
245.10807199142664
244.59944653393813
244.73047595915796
244.6940106053753
244.70512810719492
244.70144944342337
244.70268746655256
244.7016447978449
244.70218333391585
244.70256375853387
244.7021887767096
244.70254636627305
244.70243718579513
244.70253405076255
244.70210226028303
244.7020573107584
244.70239736192707
244.70269032064243
244.70239124685395
244.70238300555684
244.70255030669432
244.70212954334602
244.70236960592774
244.70226067303884
244.7021447125444
244.7026153021252
244.70242259497536
244.7027468401866
244.70174401513032
244.70220199630785
244.70239141315687
244.70289803777086
244.70210623640196
244.70246340345147
244.7019275561379
244.70209599754344
244.70210747256533
244.70140312179865
244.7029329232646
244.70228985105496
244.70255688264297
244.70258620518143
244.702669569946
244.70237446515966
244.70273814956818
244.70189002262487
244.70290398210636
244.7024610515764
244.70269723274396
244.7026481064604
244.70263896449978
244.70242037223215
244.70259395135872
244.70249921475988
244.70217865603263
244.702677770194
244.7017154492496
244.70283190843838
244.70160069875783
244.70266687063486
244.7025590430676
244.70248491719394
244.70241734943556
244.70199871906516
244.7028172391365
244.70180554940816
244.70208627770262
244.7026136381828
244.70167128083995
244.70236183634552
244.70242000245707
244.70248235764666
244.70247356041727
244.70243181898695
244.7021091231327
244.70253825219334
244.70181854331895
244.70211760014718
244.70237616668965
244.70276385609031
244.70242856162804
244.70245585052908
244.70213623484597
244.70230503486528
244.70253181625594
244.70244666616054
244.70194838194584
244.70258363999164
244.7019272081161
244.7025544853459
244.7023372645126
244.70279467391083
244.7023520382645
244.7022061436437
244.7028575562872
244.7023660129562
244.70250991352077
244.7021664367203
244.70203217038943
244.70267534875893
244.70255516721954
244.70241272729618
244.70185027420666
244.70197876758903
244.70218272665807
244.70242205592513
244.70248088246444
244.70205048947537
244.7024271579794
244.7026510730866
244.70252568923024
244.70272034213122
244.7017655488089
244.7025715068812
244.7019994800212
244.70285330559273
244.7023192562192
244.7023389059177
244.7024449414821
244.7025949240051
244.7023768015424
244.7017837637759
244.70201021416142
244.70233142703364
244.70263154575514
244.70258815889247
244.70200911234133
244.70284693222493
244.70215595533227
244.70214151871915
244.70196600009513
244.70267250912002
244.7023948334754
244.7024741451969
244.70231113301998
244.70185191572818
244.70254898902203
244.70246486338874
244.70212660828838
244.70277902219823
244.70248413389345
244.70260392134514
244.7023822341289
244.7025222305747
244.7027750106572
244.70212175761844
244.70281036229426
244.7023468389816
244.70207247340295
244.70298934174934
244.70226982557506
244.7017628671383
244.7026198446256
244.70256891752797
244.7023987153225
244.70281494541268
244.70237598795939
244.70188034468447
244.70292843750212
244.70191568651353
244.7022004408136
244.70247736640886
244.70272457285319
244.70194881105272
244.70192365556431
244.7021323609224
244.70213134790538
244.70284214423737
244.7027929948963
244.70183131709928
244.7030124709563
244.70256273109408
244.70192535938986
244.70267452319968
244.7023925294052
244.70243529723666
244.70287179926527
244.70181931334082
244.70316864164488
244.7022134779254
244.70282747177407
244.70189820008818
244.7025520519819
244.70204229951196
244.7025909434742
244.7024752175348
244.70191131322645
244.70313657543738
244.70175024095806
244.70207631168887
244.70255844011263
244.70212932879804
244.7025207583938
244.70196543792554
244.70277195778908
244.70235436844814
244.70255143324903
244.70274646795588
244.70270463604538
244.70272750483127
244.70242111997504
244.70235906417656
244.7025369174953
244.7014175165823
244.70271189094638
244.70242814984522
244.70266897583497
244.70193613431184
244.70270073754364
244.7019900776213
244.70264164924447
244.7018512226059
244.70270891055407
244.70240877228207
244.70134758659697
244.70194595727662
244.70203766615305
244.70208856472163
244.70266660924244
244.702088022299
244.7020917726768
244.70196723204572
244.7027606172487
244.70247506326996
244.7025755900395
244.7019839348941
244.70248786124284
244.70263961992168
244.70238926974707
244.70248628118134
244.7027099596162
244.70260329810844
244.70169887208613
244.70269630388066
244.70229499411653
244.70241119414277
244.7023566506541
244.70197285660834
244.70189489227778
244.70265443595417
244.70244670800457
244.70248629395792
244.70194212452043
244.701878299471
244.7025748672895
244.70230952104612
244.7019809816411
244.70224119717022
244.70199211785803
244.70258264911536
244.702457142208
244.701911470911
