288.24941831695355
229.36900649172748
248.85477502430138
241.83673754150914
244.04386813843462
243.2917471867279
243.54066063899882
243.45721894875942
243.48479098133566
243.47619105180684
243.47875568605195
243.47785838728032
243.47841938196598
243.47812277748835
243.4781194395391
243.47798649902415
243.47850457794812
243.47772826536766
243.47772179064668
243.4786462938564
243.47818007802834
243.47839149093852
243.47833318573066
243.47816671929286
243.47778214212485
243.47749065533935
243.47863142932874
243.4783824923943
243.4780392490684
243.47824247653807
243.47830353046083
243.47820904916807
243.4782918449273
243.47783983483168
243.47824094853604
243.47812981877905
243.4783834526297
243.47809884041635
243.47745962717818
243.47872553337038
243.4779952243316
243.47836063952127
243.47852926397718
243.47821945100804
243.47822418977012
243.47830333551974
243.47851518729294
243.47790740196433
243.47817970662436
243.47834299586248
243.4781467918583
243.47822374853786
243.47806788116577
243.47804547195847
243.47770739399493
243.4778565844681
243.47833943272053
243.47799372235022
243.47813985934408
243.47724873742845
243.47797531669494
243.47824740485885
243.4778709579623
243.47862989131318
243.4782050634676
243.47820218681954
243.47810728166223
243.47853442768246
243.47762670287193
243.47837209946374
243.47809295631305
243.47811830434148
243.47857056519206
243.47796159119753
243.47854871357777
243.47857398600172
243.4781303765958
243.47828956558442
243.47837956417425
243.4782357422664
243.4778491174984
243.47861879614356
243.47825253667907
243.47761837786675
243.4787441698536
243.4776860170423
243.47862655505742
243.47827262957435
243.47826845909003
243.4783127253395
243.4779519724325
243.4786077015233
243.47826450398134
243.47820468800637
243.47819437846192
243.4781893182444
243.4777162291939
243.47836801560334
243.47840991574049
243.47821435844526
243.47769531146332
243.47810897773888
243.4779968245639
243.47817041469534
243.47844592184265
243.47827228611277
243.47828862280585
243.47767679755634
243.4784857714476
243.47826296323183
243.47836530650966
243.47845077073725
243.47832658338302
243.4783326654433
243.47802958388638
243.47803004594607
243.47785226242559
243.47818336744967
243.47844235940283
243.47822984056984
243.47772369924496
243.4786787355988
243.4780861252002
243.47812146200158
243.47782122829085
243.47828154579474
243.47805844440882
243.47778228508105
243.47817886524717
243.47827457986568
243.47716606765607
243.47885938324907
243.4782400876138
243.4783611580351
243.47828627552371
243.47801004770008
243.47820028189017
243.47819948475808
243.47848454862833
243.47797525516216
243.47850017451856
243.4776259025457
243.4779079738073
243.47842028870946
243.47815654159058
243.47815449355403
243.47847750307847
243.47759146385943
243.47782445164194
243.47867610224785
243.47812524646724
243.47725171359343
243.4788485464087
243.47740476508625
243.4783780847647
243.47840988836106
243.4774899880358
243.47883221753
243.47810569009744
243.47780618404795
243.4782161736366
243.47807023729547
243.47712009568932
243.47840460229781
243.47849449166824
243.47799214079714
243.47854729817482
243.4783464179418
243.4783325630342
243.47833778211498
243.4782738978829
243.47828264899726
243.47842185811896
243.47831155297172
243.47818220574118
243.47870572761167
243.4781952410849
243.47801432971028
243.47846195178863
243.47844219954277
243.47757923277095
243.47840093879495
243.47839180071605
243.47816436069843
243.47817657292762
243.4778891918977
243.47804210771574
243.47824002240668
243.47836780155194
243.47846145417134
243.47805610731302
243.47823601293203
243.47815236759197
243.47852619565674
243.47807764430763
243.4780184342526
243.47842759182095
243.47843783417193
243.47834616618638
243.4777830351086
243.47855658040498
243.47809069984942
243.47811887878925
243.47856441421027
243.47832446635584
243.4775018516666
243.47874638185021
243.4779847007303
243.47836365444527
243.47826917280327
243.47796214891423
243.47818644472864
243.47831154656888
243.4781461584207
243.478689270647
243.47740864829393
243.47849534881243
243.4773458730633
243.4787015717011
243.47752862375637
243.4785905808385
243.47791430044163
243.4785927314224
243.47814151285274
243.47829899642966
243.47823456124752
243.47781895837397
243.47817576456873
243.47843401339196
243.47791491862154
243.47807155686314
243.47849741607206
243.47770156350452
243.4787227328634
243.4781874721957
243.47838679484266
243.477923107057
243.4782059489662
243.47834765150037
243.47824303589005
243.47828701398976
243.47819828313368
243.47801178703958
243.47826874887687
243.47781273584405
243.4783745027089
243.47834146552486
243.4769838120992
243.4788513811509
243.4775532902422
243.47845255074208
243.47801467595855
243.47820104114362
243.4785288697749
243.47779998720216
243.47851999300474
243.4779819529358
243.4784295517602
243.47800506396743
243.47728568817547
243.47868091204145
