287.30842399787963
209.5079440992447
71.28644716318342
214.7430755889594
224.59929623047628
210.5118588463606
73.32103016266251
202.93694927744832
229.78725776841497
21.403997690686992
238.11599592736638
167.52422971585975
224.3175946191077
206.25197468336364
79.72304023577271
144.9803436475836
246.7169582307747
122.7271574597462
247.91914554917003
121.46268363444779
224.22319452042393
201.26973662251658
111.52366971469291
242.13947125833056
254.3054300098638
103.26975678761391
235.43910755354864
173.45202318733664
219.71562280201124
211.5636614529567
66.41229618502803
202.20430780696734
238.19405405102225
151.3737098027832
89.1757522313892
241.48066932907568
205.41820870465017
213.85598242457127
230.4192795202307
172.19768362688228
16.899617644492537
240.97998629031645
203.03412715826926
209.61155572252756
252.53506633484358
104.09180902505432
47.208684706882195
240.58360005172108
161.2833666647566
229.78291500499108
194.897070830948
132.91710276860795
244.70335503887145
146.18147337525988
96.43725937554518
67.38219965009739
254.1388524614722
254.05380292558584
100.52302447508737
54.898060251263814
234.91448654858686
198.2864168667311
231.71460936687072
199.69874596503723
96.32050708991846
62.96398903440968
253.43883055823608
254.03406583636024
101.0634972115513
54.10216257954744
238.273816549794
172.7061239827417
218.11893100938687
218.33711259303163
218.14850847017806
216.79505108856392
219.2257175775194
215.46532355283125
220.5329506813141
213.82740787331204
68.3691714390443
212.19650638871826
221.53460595498836
46.71620790153975
229.56217336469126
202.1131646196336
90.67141979524604
86.6595130332098
252.51474975630845
257.26164471939774
235.15458084829515
162.1895363588992
50.196148318580526
261.9450331867811
85.62013428268256
242.65530607776964
145.24118679755702
110.81000077283534
252.95930942680934
113.277176198284
228.02213936585395
203.93402952630277
83.89998001919957
150.09624179868115
253.9930672087794
119.63256327739873
247.57826386187298
133.93395727508323
158.43512986375936
70.0906294406559
236.020817214634
211.26719683469855
209.35699253492203
83.18687563690764
237.7823872316585
213.5179964322415
202.28846155351857
222.08913694593502
222.48760421972474
191.22872665159957
254.50514200459293
109.1559655027304
250.44937503986148
120.3529625237752
219.91699818251072
218.91433112965024
215.28124833000402
60.23062972526532
224.96543191084857
202.71197378748548
98.94783631563769
253.1443576003221
114.32228932724684
222.79224030013575
44.158888456870045
232.47716583855072
185.14205550240877
192.37839301816712
131.50192695913574
266.3540775404326
75.06990403247619
162.0571711655648
238.06596777964296
154.45264689936448
75.0116294781692
257.2323030827829
107.2832317983848
250.4983472232634
123.61341637943406
199.45138967270032
238.04720025173447
167.21264744726068
221.0563207322266
50.28760735219112
230.11267329642578
187.64348641342076
190.0150284494448
236.26589519293339
192.76052289240033
130.28319624416326
266.0764481225924
76.23920294128766
158.86076657745434
255.43457741149905
97.85137480706908
238.63670475278195
157.99798340939742
59.926245806178486
251.53457672031072
116.79051096767944
224.32390280137042
212.10864099014725
223.46106975151633
210.44448016655224
70.18481440912728
215.35513571315096
218.46338413362537
52.246785273368005
222.22688858373294
43.43520259991783
251.6178403118538
111.71448706770025
230.51066078449367
190.77681190745352
166.55249339272996
194.47139266433805
189.0378860566052
225.7152589761463
223.30486348797422
191.72374423655128
255.84064641407167
97.53482247106876
63.71151530462521
234.51469107648882
185.18338513121125
195.12008661300933
235.97721404911863
186.11567702043976
156.95741880834976
69.26538258651999
243.4528182008071
204.25953221751115
213.73084342643415
230.90914006478852
172.59105996144353
15.545190777986136
255.02844166072464
110.85738495286205
249.38679218653124
128.45990031132533
171.7703576051208
231.45177067505574
168.2034549481541
26.258551948529202
262.0188801179538
90.97276838790276
220.8888595752578
227.4908930798847
180.70520321218646
6.281783073682163
256.98242070044216
95.17985214748478
70.37926261263055
229.3860357651356
203.83128350500192
87.47763072198723
103.75440864570555
44.453058984770905
266.91090606957005
73.80802178692102
189.89173772499635
265.38411822540365
77.0662360879578
152.30571455813333
257.59527682926273
91.35195733240107
86.12987656288169
246.50901531361887
143.50416890123597
238.4279919611654
174.59004616217135
209.21085784948082
72.55763174079038
172.79569946775882
219.10234155234502
223.94242716082226
172.9402698749691
227.83077750973462
178.0968410167916
12.587693613902957
243.50489806500264
193.27017303486355
221.12409035649034
225.9554658265697
189.8123380778634
255.87192410984426
100.69941936386749
236.1188077866609
175.6049390779226
214.35161878134386
221.44810797856917
215.06924288282607
219.93669352936558
215.67866290951497
219.69102791648766
215.50381156818185
220.1756163744867
214.55679886626604
221.3018330939085
212.90642703785852
67.40732412850775
216.99590145690308
215.8444200429076
57.722575440624496
249.78238594382128
117.6956020812213
226.28306980320485
200.9575032045832
104.37980215376592
207.0257557345758
109.6879411439877
256.32521032776276
122.19229036502657
235.07401269252296
9.229441570001654
255.01986184433918
99.93594742847199
57.46997693351295
237.6889410605363
169.80749079214002
39.51936272386229
239.2492266241752
155.89329866819025
67.36011014011456
260.27912331480184
90.42819406570925
240.80744415230583
154.3947260369896
68.74416496456251
219.30286778610025
49.8818241363042
232.63826629461255
191.505306193867
139.56711289360828
175.73853932243946
245.65231321178726
157.65665646064735
222.51727138648857
44.709838881884934
249.30749303702032
132.93104156621848
239.98077651989297
181.30238999547146
153.6555029186129
255.09350039446144
103.2074444135651
233.1589053084317
194.91669452769565
110.15949015476508
17.850772963050986
265.8719373603235
77.4710268334602
244.95014122262364
138.2718960098573
157.4221278106852
234.43853709967516
192.65138097411545
126.65107851865469
248.48698453315592
125.52732722098881
209.004724630664
73.95349388450268
247.05537035693123
133.75323117732478
163.68526238086633
45.22440144322172
258.0482066514087
234.81754623705638
163.13964463974116
47.998660172190284
261.7794471178495
86.9354464742355
241.86462811785168
151.28597884144983
78.06943612496252
198.02804462240601
134.54128872689034
166.87840571520792
238.09758906820207
145.16810682562937
242.19947603336186
143.11518231495575
133.47080420867132
233.31724335190665
15.377584229776403
238.38945629252703
173.30980534591072
202.2588859732641
108.81289756830665
253.55177011278283
102.12832439994963
51.2629403842875
239.01621017607977
172.6603674730868
214.088248751621
60.57458558505459
226.6507800261752
203.27090036007576
90.50901011421229
242.30284086997563
149.061209497464
88.38478945943643
245.59431002080964
138.16842690073827
159.3636961250013
233.28783859545365
196.27207247912884
107.9596454561106
21.5651579068508
254.23860237479676
235.8840020248026
158.31433915659727
61.70605696483108
258.1324514809239
105.50506333068188
250.1922477221524
128.95106420795491
244.40893601578136
146.74527624742768
97.42220866134448
58.32060329176602
253.8585530520213
238.37435883043509
151.7147048847546
85.50598013251147
251.72166121390183
236.65415401263454
160.38408550817985
54.29732792644063
249.18970612544217
144.1188299395144
209.1175557722454
103.72960405466438
257.6235313234938
114.4664126777352
