288.1589275868498
212.94063645815572
249.7350460727156
233.88274022957148
240.44418125661605
237.63255655489593
238.80815834771602
238.31014234859913
238.51963140979205
238.4315657467423
238.46868314619633
238.45313336051413
238.45973060442793
238.45604632773484
238.45847199444415
238.45713557348517
238.45777417392128
238.45690342130365
238.45792482687648
238.45732448009312
238.45763022346546
238.45759663607987
238.45763570831696
238.4576074344568
238.4572431612014
238.45814138697642
238.4573144351889
238.4576862866088
238.45756528659695
238.45786142451107
238.45759558233112
238.45749409347263
238.4579615502007
238.45709791843547
238.45809461834506
238.45741192698915
238.45675696426952
238.45838272838955
238.45729563205168
238.4572747209677
238.45761390427106
238.45772850217145
238.4576932900345
238.45658658878892
238.45852717391608
238.4570798079876
238.45803821910886
238.4572021252352
238.45786483212214
238.45741908674972
238.45782927459368
238.4575122024362
238.4576590510187
238.45764235800743
238.45734295758666
238.45769412922164
238.45714556533494
238.45805154923073
238.45697643418316
238.45818232970487
238.4562895689087
238.45813559990347
238.4568965524486
238.45788939472186
238.45741580237154
238.45773192990964
238.45756856908338
238.45742917811367
238.45784747782454
238.45755575237854
238.45741315546547
238.457817362716
238.45748128435662
238.45767918029378
238.45709260657532
238.45806267549415
238.45772055160342
238.4574893416393
238.45758000598653
238.45720086755682
238.4580475565599
238.45762720041603
238.45771313130172
238.45652245933525
238.45832080323453
238.4570909908507
238.45759274133889
238.45792008173157
238.4574202530821
238.45774166800766
238.45766016591733
238.4577717257198
238.45728589820646
238.45782205036085
238.45724345142662
238.45790652050346
238.45758092190226
238.45783303261123
238.45770297724812
238.4576241787945
238.45778918904398
238.45752862485824
238.45757710413454
238.45745425733185
238.45774918859388
238.4574407521577
238.45785729745694
238.45691616537806
238.45810057616472
238.4576226518766
238.45744514749094
238.4577270735099
238.45755031677982
238.45781139695464
238.45753709368728
238.45769529342942
238.45738536344288
238.45765642332117
238.45749827617692
238.4572299458814
238.45765860641404
238.4574061447056
238.45806857888238
238.45758656763792
238.4578047420291
238.45692166405206
238.457847498481
238.45766515216383
238.45716439015814
238.45804345278157
238.45697100539837
238.45823995681712
238.45702795110992
238.45794814347755
238.45746765551303
238.4578553273459
238.4574509767699
238.4578387806614
238.45758485997794
238.4579647841456
238.4576178431671
238.45764052279264
238.45749336358858
238.4578860108959
238.45755764051864
238.45768182967004
238.45758771144756
238.45763521825575
238.45660565196886
238.45836853775108
238.45745432541298
238.45772881439188
238.45778117070586
238.45686605772062
238.45813918070053
238.45703556028457
238.4578067902985
238.4574089178859
238.45754819765716
238.45726745908905
238.457633948281
238.4577172440986
238.45741408086178
238.45776493028825
238.45749794382573
238.45699632589822
238.4581695572415
238.457568465652
238.45770659334812
238.45738261027873
238.45743091338227
238.45791685272707
238.45768852781475
238.4577315485658
238.45755279504374
238.4576721069825
238.45777145408647
238.45772398320696
238.45749152140343
238.45766892964457
238.45760323167633
238.4574251403683
238.45727170885948
238.45774977086694
238.45770891886787
238.45752426951367
238.45769425478647
238.45781986255315
238.45750570691598
238.4577264333202
238.45758094763733
238.45783417399798
238.4577246431436
238.45730301795993
238.4574064539047
238.45762133786047
238.45778296030767
238.45750512968516
238.4578100927174
238.4573457750812
238.4578155758354
238.45748130884022
238.4578979465441
238.45764186160523
238.45742872908886
238.45731658571458
238.45804164541187
238.45761162696
238.45777694483695
238.45769629139977
238.45783185813343
238.45748690237815
238.4576830174774
238.45761526792194
238.4577840397833
238.45726680620282
238.4578920953063
238.45750244178635
238.4577393518557
238.45762840991665
238.45779161299288
238.45770231616916
238.45747376783402
238.45792300709581
238.45738630309643
238.45801371613925
238.4572800334572
238.45775496622082
238.45770211286435
238.45731869671727
238.45793771538592
238.45745606759738
238.45784009045747
238.4576862306276
238.4572181659023
238.4580040529836
238.45763782864378
238.4577077482536
238.45756816001085
238.45805151369132
238.45770032827568
238.4573784077511
238.45793956736452
238.45764901659277
238.45740761057823
238.4577011968504
238.45768960264104
238.45744404851575
238.45794521835342
238.45766388259653
238.45781013811938
238.4577262367966
238.45770553560578
238.45768581095035
238.45771842441172
238.45740295317955
238.45719439718232
238.4577159449691
238.4578155828931
238.45733872927667
238.45670230232645
238.4582674044359
238.4574473774992
238.45763887923385
238.45777851167077
238.45745825651102
238.45730557624483
238.45793617292657
238.4578234893852
238.45780610307702
238.45767092217284
238.45764749094087
238.45753664414224
238.45774899098615
238.4574914885161
238.45741629968688
