287.8339002164448
255.33292949719907
121.1231815737923
96.80438592204143
232.92311231326903
204.64824694266576
234.6817478790872
196.72049140636864
238.39424811065646
187.24814873658443
243.06485331561908
171.27577043438305
249.48628276851105
144.03333653963136
257.2383288253541
113.41085331153954
155.5215308274819
257.0400028153135
115.64299521890734
134.7227121174883
59.3067930181287
251.63480758684727
133.59054512461626
56.2950827739196
248.6655986287542
149.91195213455921
255.80760099525833
118.90168538153739
109.1787160431204
215.0537898647699
229.7809987618075
212.39628032445762
227.0441766255135
212.86865086658145
226.84426972619985
212.52157070664362
227.29218195759495
211.6928093961942
228.02351327548786
210.54619483830174
228.94754839864436
209.09053184690129
230.0621762772971
207.2476107079474
231.40900830347528
204.85134386361096
233.06936824297372
201.595803346303
235.18229442266966
196.87318077798773
237.99155863508713
189.3917408797006
241.92223663283585
176.2489557925528
247.61118874251042
152.54892418194504
255.126991821493
121.11011770528603
97.05614937557039
232.49473945282807
205.98564205741422
233.70147794877266
199.26881049262374
236.87922618115044
191.83754378466256
240.80059672294374
179.91268478265556
246.20067868384285
158.50632400655013
253.51056460013206
127.30344360759045
73.67626634549742
244.5329044649152
163.9389974450787
252.4095051514123
130.20483057096135
65.19416725841802
246.73400506350663
155.94253181376553
254.47261228252682
122.98823264514431
88.75961328131962
237.6029960725573
193.7373087402375
240.4181587144849
180.98988658475355
245.83607097098138
159.7773037884872
253.1662130695986
128.57030067962478
70.43802498407604
245.50094108952908
159.44264407491573
253.70713707731193
125.15806542260907
80.3250567802097
241.3942910171172
181.6082559030765
245.74897283177415
160.83585167054116
252.83177491764582
130.09221795507256
67.73634625288832
246.19335591825075
155.50507341499542
254.82559661645428
120.78362555378772
101.21908889713086
221.31009982423348
227.64836732433105
208.55902904830873
231.91435764935886
201.83468244298638
235.48398729334076
195.0120669470234
239.198950814407
185.0565897658198
244.02502626032583
167.59482612938882
250.72406492859227
138.77369344614272
258.39861660535826
109.54247762787418
187.20579823657317
245.8548875194101
164.0484137817184
251.87518170503608
134.59882025678962
259.2247883118034
107.0712183554424
199.75795108994498
239.3394057647747
187.81985346533475
242.7807808278667
173.27199834631756
248.71345236514026
147.78851804366423
256.32540581013745
116.72040234618908
125.56219577665615
80.32475535530102
246.09441188624623
162.4349176291944
252.8645560002842
129.482413120204
67.86791172057565
246.17530750222795
156.93411205334996
254.3418917850795
122.96032366604777
89.33965291420463
236.7244964609563
197.99425456661993
237.7859187237118
190.50903247934912
241.36546741834172
178.44386745517113
246.74135902123817
156.4437702750729
254.07229858111532
125.18245742808358
80.06861399512854
242.23409126573824
174.2024726203672
249.07217265576037
144.0045897519085
257.3682679623671
112.54313881717826
165.644769408289
253.84093913033576
129.81806075721397
260.14443316114193
104.61987214368128
207.62782181105285
234.32294127103523
200.05744160329778
236.3592560597608
193.77063885873213
239.73323965576128
183.84105295953486
244.50752393067523
165.8948667740624
251.256331549288
136.63190547261183
258.8365948572173
108.17999212677387
194.90996399844153
242.03256279262132
179.19504362616863
246.50539197077887
157.98588000781456
253.61814056540607
127.10687383563345
74.40168767916475
244.3405502918904
164.39419252043444
252.31303827890224
130.42708644724917
64.55090935728367
246.87382102091215
155.50237120798556
254.57157747728343
122.68486919112911
90.05992539704312
236.88564373381087
195.8195929162248
239.35772213659948
184.50308821322687
244.33690887593548
166.10459967609495
251.22877764575242
136.5398059211293
258.863562338207
108.07248444635479
195.5004392587507
241.701880947483
180.4257664466786
245.99912905690144
160.2146133944625
252.97128659247392
129.71775618477113
68.77963115837338
245.93298184601736
156.46338396996725
254.59442655821476
121.55385366450355
96.98692646641575
228.85129413403774
217.20500638799422
222.877805352422
218.58916794085962
221.48308173280384
219.25005236563447
221.10302720461186
219.43694917879475
221.02492427666584
219.44931354837172
221.05095759241522
219.3971552997973
221.11729373819253
219.31694246898405
221.20342131740472
219.22031625552336
221.30278657651797
219.11073641697294
221.41391755270888
218.9883556402492
221.5370850727195
218.85221349881613
221.67382786581584
218.7007274168718
221.82456007237488
218.53224020650669
221.9916984065203
218.34444471317693
222.17642283590976
218.1354445945035
222.38068965826824
217.90233280674147
222.6073128439166
217.64148035908875
222.85832749893598
217.34958344175539
223.13664995609724
217.02217749890406
223.44532601821993
216.65444680667133
223.78846878571494
216.23937210309668
224.17063459502242
215.7697933235031
224.59719034949376
215.2359171033604
225.07437601155834
214.62533596077992
225.61054118580068
213.9224058931577
226.21564793963626
213.10630877989752
226.90293237495644
212.14802421645436
227.68966995025403
211.0072981754056
228.59908358345274
209.6248789828678
229.6644192776439
207.9104934657953
230.93368016098975
205.71735903123044
232.48113847478817
202.7889734505734
234.4261430122424
198.643242282109
236.97169428614143
192.28118899496621
240.47284672038222
181.46736779819184
245.51425323222065
161.70134094142122
252.55655824799032
131.23539422756585
66.36690478726814
246.41812922758982
153.91155597387115
255.27581483018002
119.02275875206396
112.90069848675921
140.14254711463582
30.136578175312025
270.2255032134126
87.10044462917722
265.94730640288617
90.27397644962184
227.51904725871282
214.45394106884487
225.48977530492994
214.79953295092855
225.24127125818632
214.6255708305107
225.5307255511725
214.1027238470415
226.03448752642726
213.3793793462246
226.6656910986785
212.4923178240424
227.4062270893337
211.42705961958563
228.26648128859233
210.1401060657081
229.2714667965338
208.55604593538737
230.46214904487715
206.55259091188782
231.90158905995486
203.92069760804588
233.69011776895786
200.27888280316256
235.9947174872068
194.86080905763083
239.10719375658664
185.98717152909376
243.53065107254952
169.9835465397191
249.88905603183957
142.5398075345147
257.5644650973845
112.3490253566415
165.012608197605
254.32111046486534
126.19323312876804
77.21240972912346
243.539997486645
167.94580965995556
251.2484414048231
134.6108963667648
56.91522372084728
248.46875083558552
