288.0222821523944
228.64939149426016
247.88840332907375
241.2778257916093
243.1776295009356
242.58385426050836
242.75862431369796
242.70729676972041
242.72294399295106
242.7166379276655
242.72037312803332
242.71856974464117
242.71911556408304
242.71876262695605
242.71957511140772
242.7186720403315
242.7191027693416
242.71958398123115
242.71932912838747
242.71941779837016
242.71908839197204
242.71960883793963
242.7185186286315
242.71964120609118
242.7192369040149
242.7184074366378
242.71974456764656
242.718406445465
242.71959209489978
242.7187600158195
242.7189972562428
242.71873462863914
242.71913459389725
242.71901423315285
242.71950731389006
242.71885545854093
242.71909817560845
242.71805932028838
242.7195487167064
242.71889025632663
242.71962338066078
242.71859019764815
242.719683729405
242.71900955901947
242.71959441808576
242.71905282708394
242.71861905538753
242.71959551422697
242.71896405296138
242.7191835790254
242.7191890174945
242.71930094461277
242.71903698738242
242.71909345602762
242.7199666387387
242.7185736546162
242.719346405971
242.71924381372082
242.71940413339325
242.71913177954775
242.71893842811915
242.71871681349148
242.71949314438098
242.71824656885292
242.71930831676582
242.71873018296174
242.71886874226038
242.71859388607845
242.71940619263114
242.71909707437226
242.71826796220194
242.71949144623431
242.71875192204243
242.7191414679146
242.7195521715512
242.7193359083467
242.7190084539434
242.7183748359239
242.71850292890304
242.71952863507977
242.71905646830783
242.71887074419283
242.71872514357165
242.71908561095552
242.7189330807305
242.7177124687405
242.7187011386195
242.7191593744792
242.71867430430575
242.71908659938344
242.71852064427367
242.71959854889428
242.71763506226853
242.719683135183
242.71819772038725
242.71964627896523
242.71920124570897
242.71919771517423
242.7193107697385
242.71875462485332
242.71856028142793
242.7192338156092
242.71976413763332
242.71864155321964
242.71934129644796
242.71951650872506
242.71968819302856
242.71914559321885
242.71912058036833
242.71905975803384
242.71779934214283
242.71939735915657
242.7193915816315
242.7188834638946
242.71953910291631
242.71904233560053
242.71973571921262
242.71910611232306
242.7183309664324
242.71938008283905
242.7188247247759
242.71964423888858
242.71831580025173
242.7193256509927
242.71882661686686
242.71934972858435
242.7192959221211
242.71887736623466
242.71840381356014
242.71929391131562
242.7186467241845
242.719284608429
242.71940239742253
242.7188193470938
242.71902421484265
242.7186636218903
242.71920005347783
242.71931027765822
242.71740242149826
242.71840386265103
242.71978811134613
242.71690393133758
242.71981745362427
242.71864956032368
242.7191612004899
242.71863772314828
242.71955950425763
242.71912390838406
242.71950020093936
242.7192656743864
242.71889093237405
242.71927987684467
242.71927793072973
242.7190406862137
242.7196498504636
242.71854140019423
242.71988296024938
242.71748505308642
242.72003069045604
242.71921713741904
242.71933287647698
242.7192492312388
242.71923270899424
242.718433791415
242.71965225700842
242.71919151851762
242.71934400348255
242.71932391395967
242.71902598486486
242.71932536916574
242.71932174992253
242.7194922854469
242.71890481217997
242.71942874634988
242.71822383649123
242.71965691096557
242.71887541865
242.71873858543404
242.71872552094283
242.7193604024651
242.71899219669285
242.71905959921423
242.71917316272447
242.71933519511367
242.71919431438437
242.7191686925653
242.71953775906877
242.71830107500136
242.71914409435703
242.7191646984138
242.7191151824518
242.71932647924405
242.71967830960057
242.71793958795024
242.71924713459157
242.7184939634899
242.7197079576872
242.71905432097265
242.71931032249995
242.7187596083968
242.7187021211139
242.7196325383702
242.718763916826
242.7196805341664
242.71882972678577
242.71930162266653
242.71804850189073
242.7188006153592
242.71873422527278
242.71902940797736
242.71861433709273
242.71961032816034
242.71914358017966
242.7193465353339
242.71834974914964
242.71973758972308
242.71897207159782
242.718771984888
242.7190112886601
242.7174597959238
242.71986537333578
242.7187151159742
242.7193777478533
242.7195940065867
242.71887537071598
242.7190435277589
242.71866055668215
242.7187779044034
242.71860078527243
242.71892056037905
242.71884602682258
242.71830787000363
242.71885924244998
242.72008173642098
242.71904689837538
242.71908755281765
242.71869406336918
242.71991658383922
242.71768049044476
242.71862023399444
242.71976046841883
242.71937104118115
242.7191482846829
242.71861184039153
242.71955311132479
242.71946862214827
242.71826360760315
242.7197058244783
242.7193169490638
242.71871354490577
242.71935155187384
242.71937089903804
242.7190406813752
242.7191964785743
242.71864776065922
242.7194545916136
242.7176123749232
242.71933085635828
242.7191722416028
242.71752874086087
242.7196711028082
242.71899981534807
242.71859471689095
