287.3399731240982
101.62031826980223
110.62124782518254
252.28716808645027
20.133212017438836
257.57544939836134
201.93744889376148
186.86289681056905
43.643045695911496
48.66414813129359
247.88642181188152
211.70079017780245
147.73486698301576
171.25190602806606
87.08528242793818
249.52223346235814
215.5083723780076
115.3679860539778
48.02015469669368
258.73367043068356
201.93569417740036
183.1393148086254
42.77017525600604
241.54412063545078
220.22186704636079
99.5209688636096
109.23170344319169
231.3517053698679
235.82555555993258
221.58417587014992
97.39388399221116
116.30724861886301
242.65113012849542
219.94653625381306
100.95212854448073
102.25731331718453
259.35827206457725
203.49939996630565
170.41259579857797
81.87163440513905
258.20080454484196
243.9149641798249
217.19763892515948
111.05751836814488
59.05479447065227
240.64168784072717
54.12690983963148
234.71337893029704
223.89856699202755
89.18451242060473
191.59875698584437
211.12010269070925
243.68829860152437
215.44744592901225
124.26276360301381
232.5558264903466
70.23418341935212
226.47960121560027
80.36769118912525
221.47575707654323
97.44550865381825
129.78121727255166
244.17753417280437
51.22497990578813
262.37320645283035
198.87435666348756
187.47336318262023
19.14721305234343
259.2201317332201
201.2590014991256
184.717140401106
39.82844797282087
242.06677354538624
57.322755067656544
199.46685525542125
250.36570200826827
203.7293083769473
194.63623636919147
191.93234752370336
13.459326878761203
254.0937704804528
3.1677711534539412
258.38672262079126
198.82582390481184
200.619879286347
200.978071501042
195.10347316483603
216.81841497822825
108.32008800070616
71.6977781997266
260.80287903530916
243.99849379776424
216.9658269676911
112.41748736906084
55.71474193343238
243.04820559892323
219.63335106163504
101.11998762234361
103.0929013226305
258.2208179153349
205.9759372158842
164.11025226278434
108.87855756438512
255.0341047200418
14.980402406668873
242.7391396590865
218.28047893758412
106.59267983438986
73.30590264850616
254.99562787178365
206.7327964841752
162.28196399969238
118.76769626964597
252.6043061977507
37.11196005827878
238.34435604215105
221.38581590235844
96.11480604244571
137.21342512353294
250.48232003399244
41.522315970418276
56.19666872433663
223.17835049083806
256.2618250764717
199.7896548808858
198.91495788488828
203.35815053519764
191.20377913156335
219.63360630187162
102.75508526321937
96.7723266016219
258.5877826052056
152.21916727747885
245.24388072650618
230.06854632325485
222.73296030653728
102.06650693327538
238.31876253161317
57.567277324036695
226.64437795412232
89.73984873427253
257.53759449363133
206.23845162460202
154.80492444621632
175.44899954010907
60.93834717385471
241.75871167697915
218.2456786595576
114.9463788439316
237.14215140234592
62.2767101249774
214.5026879522993
257.31785057878733
198.28960636717238
203.64162578502146
184.71008688689471
227.88692603343225
79.81363802559645
219.71661327236507
99.50058677494235
127.17293271114613
236.47146118085948
235.01838149892137
64.08203074922494
197.84256060115877
223.18186445173342
230.76614454455557
72.98696202688734
225.11432844682713
85.33205588081182
213.53852215552615
121.01829758815438
23.986404655021033
267.07390331550414
193.40396528520796
200.74621505683172
244.80780970307387
52.03509162455157
251.39782984097837
208.25145593002526
160.21456896916789
114.92165930683404
242.11693419183575
219.69879365107772
102.97820685603801
87.72347846633784
251.96315813352703
210.57962215261068
141.61119067072286
220.07583128894476
100.99384153613937
100.80469343614823
256.44229856961465
6.009676693625806
243.61128571124573
217.88663602788438
107.71251465273235
69.5946699594133
255.45529782359517
206.73678226539778
159.85342982132715
141.82556075722823
236.60693046591769
233.65797952430148
222.54094439350592
96.58292421214719
112.35547185525502
53.070673403621186
262.69016053623636
244.1045154929161
217.05681573410402
111.49961267130129
57.84277690899762
240.60306732000026
53.30139544825215
235.098450289639
223.69170463176852
89.6351637884145
189.70934658142505
212.89276527221227
243.05254640856583
216.00458830767457
121.37087226786389
234.47798627713928
69.28502616665355
212.53336762150138
257.96012815819995
195.62040193747816
211.38774187163654
135.30287753460289
250.93424078540556
210.30510099997628
145.52270869863423
211.9979641603859
125.69036352365947
18.096133301994996
268.0840523704974
187.16115554030694
217.48793361432035
131.36908104585746
249.73167405094136
44.92608006278169
43.23991521169228
245.07051673025126
215.09018788821413
123.67446818926692
233.790548490113
225.54653510490607
84.46804948403587
210.28078777546034
144.35362971494033
262.0046162680228
193.75818947991502
211.42685006636748
150.89014481416962
170.88521723575104
79.31473279056809
260.4021064441913
158.54424499586457
258.25622649617435
203.55565814502916
163.7841313615354
122.20925638680637
252.5531275372632
39.37688508876454
58.25243887628312
241.27732586552156
218.61270321753545
109.35022190611926
69.27016682102112
239.14644580802997
221.33109534536197
100.1997525854531
96.46712892512733
184.94241236825474
193.3654098798579
254.36723322792386
205.6017936897697
169.80010751041118
76.03214870995726
252.10426251444733
211.60350583512627
131.68007708691584
251.0840847461077
210.03038136661053
147.48746560789004
206.7184446878964
151.16220214606437
260.68932834749285
197.8945207245124
198.11048723156273
212.72293367807288
119.77620243311685
25.2111849552457
267.1323922264128
191.58958101758617
207.12116363781388
166.7806501348823
98.85225793239078
247.20025071025884
214.3157431569416
129.29169687710237
229.39991892283433
75.87450104992604
225.10249732248485
91.00364189446555
166.85637454118114
238.82579193921993
58.42899121448863
233.21564363619837
71.80778487680072
214.66196745274647
241.55268261078163
215.89967764425091
126.04324714362156
228.2187343823898
80.12374985773931
210.18261746445205
183.95004109857837
197.2159992868983
225.84373258012056
228.0461483150866
81.65828342977329
182.41906214941991
236.6095435191819
219.8309005585179
111.92253819092002
235.89166499194107
62.00046054593986
230.78504516715475
72.36509504586866
226.7088563809084
229.27114425081527
76.23257467587246
218.53807172563393
114.08195029676426
239.4998264789465
221.44056979774905
96.24459465278778
136.96289216715377
250.392609665083
41.14183188910829
65.91553176462185
227.53515665659506
91.1048840489675
258.0169978177728
204.51616528177692
165.20491560245864
110.04909661273996
246.59872806447675
46.62055176042486
251.81622723197506
37.89749803567247
237.87523917591898
221.12932618350897
97.56028821338259
121.19144204299664
220.51806638900598
241.86087187047815
217.34316081443103
111.86781529792643
57.13296947312483
243.08095525718818
218.94687279967184
104.92255977522291
80.00128058018163
253.21497989422642
210.2347148861736
139.88939374631445
185.37240461701003
255.20258520673087
198.79999196394056
206.29658908328565
154.87786131576286
246.59331191521778
212.97015235242725
136.3720172693138
222.5999284533027
92.87464710176573
183.9618212907808
196.606707045823
228.57248103551683
228.69348515405727
76.80097682354972
222.2616828608734
92.77119597545243
182.48495217511663
193.96129186599865
254.05320395893068
203.46857937367167
188.37547811430704
220.66389493193128
101.6685608861444
96.51651473081438
248.59137373117846
45.74036537835491
43.085718366870424
245.47167252800136
214.47638818065752
127.56966624056804
230.8630279613426
74.02000090143702
223.29540077196725
89.90918837259233
198.69384295170312
178.7318405979022
238.6950091363251
220.7441061026475
100.47680811227474
98.20436072399025
249.72922106705664
