287.223553314931
215.17077068037838
113.36764871986418
181.13158100216037
73.19080952023296
98.13138226682713
261.2977992425556
139.3748436928331
200.0008708015505
244.73941675470542
175.75804099509833
88.17983541044805
250.77417380484985
171.67447673137121
98.07042839928863
257.5442686968895
147.9137544640771
179.23748538877135
97.80298218791268
233.96308442682675
257.9582137773323
144.78136677529346
243.9764581763493
195.27087209674028
190.93951466094495
46.129695219380665
235.28602409381983
221.22022470387674
216.47712826516
117.43854083657516
219.99252213549062
264.94067953482227
120.2124065389471
235.4378104043226
55.59418030129564
164.9571075431977
187.8785560089309
238.6745741274608
52.86015907703586
254.17674375939714
162.45126879422787
236.15470386416746
56.38287821069571
190.82883625549584
203.4141516438831
6.83982066354838
260.40978253672074
132.33300548568695
230.60136552021504
65.35732995138824
137.72206504069436
216.54506792168468
265.0820805663825
123.58377971679329
218.46716586151706
140.2475435473625
253.68545972986612
3.5686484913221648
230.93325460670894
64.72853345282238
137.63919368249663
249.96708838556697
180.29147296547671
222.5088192940675
86.84489203559497
231.99913953860414
66.12419033790502
117.05409629719361
253.21346993756742
231.75188206516395
64.2812627973799
137.06017272863028
248.14580040184956
38.25889191769238
219.8479827279516
89.56945617985184
40.557017435203306
253.72790353831806
154.48149677542096
202.41050509458
174.06097803898228
110.2034331455252
250.25923801650788
13.271546252206463
249.23712816599073
175.66618493319402
228.1794883737275
70.34109759522835
103.36683663310396
248.375860113385
186.20581031710026
210.91255071985506
234.0136514560363
206.53275302272232
158.8017982193196
166.5627657270088
261.58008961485393
136.88558672816362
246.37476802036326
191.23478441163752
200.4423360380497
8.703084896122164
252.11357547227817
158.69701591984267
188.56799705210506
211.48906273126704
234.69540157877782
205.53168088385792
165.228968258416
123.9103067336182
256.3623242117319
137.0698604379213
53.855891331346356
248.97150907547257
173.54799420740892
90.37281858699134
47.57107301715223
237.80130361044576
204.2915206085163
181.1743342506088
218.42297292940202
117.18782833184014
249.21878301093602
19.07780552902841
226.46256070489108
75.82934551576909
217.25338520664445
145.29149243184656
253.44160169960378
176.4532323255262
221.4949280993642
101.13722726913329
254.4185037173338
169.054068382673
229.62325067153142
69.10068459136528
238.44599016588472
204.02579302141385
153.33516856736242
255.19647633376007
146.54147303589707
220.49954512458498
90.40724596142536
19.5299614750038
263.11346755787963
124.7741609820223
235.52012383698457
59.09777418727026
172.13325600443204
224.23352206636628
248.7021120009813
162.09207534902816
180.86248537679785
193.18680456742732
35.93233060132479
257.50844227652124
248.74628046379803
183.5592596084971
204.21313110940537
8.733712742650823
258.8372895284483
146.09344342806435
243.16154979002022
47.91769332221156
207.31619234416576
135.5374827966225
236.21446805617597
198.2307646997142
20.4860609557727
232.3196345811375
61.443017380312085
164.78393694058468
238.73043877231248
51.89017192751635
205.9385847359663
148.75119159874157
15.53015007693466
261.0093422492864
142.72192501665268
243.36488804670807
44.02601992252312
214.35906717127364
111.0788024489957
209.28043905457162
233.64491853083018
60.01671520280797
160.67756322564674
207.06313292375125
233.33160765575303
61.29326911503449
241.50364807506412
193.55366785737715
207.79176616204495
139.65599066007417
47.622453643911285
259.79681454680394
136.24164669665333
227.35566897490935
72.0319361610018
94.41317619295296
237.46221913862973
203.82273560956673
179.25599069001328
224.4190681415348
81.95921395875484
234.53525058014202
210.14183493512246
125.86358365774504
100.11045751425263
256.47296235343674
232.26736222679756
211.04078068296803
127.30498068809538
236.28763203749259
204.8442826176033
166.2817894167165
123.28437339458469
135.94798663747497
229.3108294470876
246.97198143850983
15.527122286730446
264.30146981441794
124.19660539378674
228.23291244178836
224.94316161369352
214.2005710779922
126.07528946480306
210.2327143478833
241.00209941760113
181.5834150685696
70.15372313422995
251.88556026812148
7.872882910465705
231.16651732552418
213.31224360594206
112.837257153471
197.70967225447384
167.28658139779145
184.3279900352427
242.5298810840177
44.883975849021226
244.62898838906403
186.9394009099633
217.7412886541788
97.35252336251142
13.366062896704534
244.69933580764337
187.95761986658908
217.32695649568632
97.97953557006258
1.4226497972049401
244.9661454864472
190.87986221697065
205.8522313372232
181.30706082050165
201.71306558909419
210.9982604867546
115.7047582728992
244.61476213030983
185.0231811567428
221.68889073641185
83.82884363459016
53.58490763854934
249.74365973824024
179.61474582763185
221.18536731772474
95.56575848857028
246.21232919077738
190.099473546652
202.96662926701538
231.7013335978554
61.93873135521426
253.77318865338748
156.38059382725623
178.8689656783099
85.12221034467802
256.3406664986396
231.64233127702028
62.09556121302012
158.17736746530863
242.68871582715656
198.31616301671602
183.75982534301875
63.52366559919028
254.83321686577983
162.31570630217902
235.80181866286148
56.107223699145834
191.63128627212427
213.8670749857265
129.32406425535737
226.0834979753272
227.0967168568459
212.05453041678993
137.59585222923488
246.49914941073803
190.62838677233958
202.98049775981053
235.16704237507656
58.8232696394698
173.76786131903646
216.23757002195634
156.88390900669037
249.77676287719805
20.47393867041683
227.16658676070801
72.88240602969017
238.20717519702157
201.14593487835373
182.04960231730365
225.80516705467016
77.133150901529
69.28395116380125
253.9019170220563
232.48995237510826
64.32199919394043
128.53701488608203
249.55257715380867
18.574891200245474
228.52850250709162
68.86453008593526
109.40793682371441
259.6381048558251
126.36085383046884
91.32828337482351
250.85857243687497
179.28031502093654
221.0048985300091
97.7981332612253
243.59566992957843
42.47975617123302
213.35071161088126
127.74561321291549
216.6683925112302
151.1968479691859
251.19544314590166
15.018805872357916
229.38643536504242
67.22251427377341
116.54413807108358
189.84186035761377
225.05456426451565
79.77647483117471
63.48456646884733
257.86120214275434
150.10102566813293
173.0547639763099
134.87346090555366
256.4687984383636
231.61405050719623
63.69521694195282
145.43344966198492
246.20270371263905
41.68963059344969
217.02178247565462
98.13701199217758
3.1909805897739716
257.2343191845721
140.4124337968242
226.38051649619592
218.82840493056574
95.1318264365691
228.23524385975907
216.47278754862782
105.0876424889866
214.72899885344668
111.34778280225873
212.6504116858414
230.59804066637298
66.90619975801383
240.10586123155372
196.99059499471332
198.8455335824401
190.0076508045895
49.66099492389185
221.09753175986407
89.01844614556467
31.847065509515232
255.03595171461347
158.46556940927985
238.67239940621948
204.60477266646922
153.6134003017214
241.43126108571596
198.03805759720854
187.5055711697496
53.04948260280071
246.94101439784572
178.3687861264625
74.97413409237924
84.54884301079437
244.92139248058083
183.089318358936
63.4138055297517
243.90191126721038
190.21626143692993
213.10557249965495
116.4444011648302
179.98657981331053
201.87008773896378
244.17566754270229
189.9181571976951
199.18453110559494
13.811348695715424
260.0116798724048
135.3600083613419
226.7854369819106
74.15577591513284
238.4674288344686
199.95619356322277
190.01484287300264
213.1413346643967
125.39183058893832
237.47050789312925
204.0593466347782
