287.547353711814
223.03667680965862
154.13885887760523
89.52035800323586
248.27778635330787
67.68716077246359
60.79341424824929
252.7732103562762
58.17963154734207
250.56564560888
63.647620679205374
71.74676401610259
246.0791573648462
78.91864892691183
260.8482826783252
46.29332252848417
162.76780807485602
62.62765892390598
255.229865013378
57.97569081342317
90.19689650940472
263.08519688923843
45.42542888384105
169.63244773109636
242.92051831233402
79.57326913322049
246.5381663648368
69.70291871545669
56.553423987829774
254.6767796280692
55.27923869175902
111.2756874372717
240.11592980211117
83.11604993935634
13.617040128407098
217.09824585091428
267.2245398617624
232.02472101831427
105.37804981469526
238.32126821117345
85.54989513706096
7.002504062749722
261.225758477558
234.29926803673698
98.3837140585274
240.95098670381958
79.97806250431859
20.246679707772273
260.3459710746811
51.25144585344242
121.51225473418162
257.0252260819634
52.005259581956125
127.38223882175589
231.19981348222063
106.8397192850025
235.67090674833344
102.56847936978556
259.3758095071844
50.87477333809147
132.45041776309154
254.86144245406285
55.50564593899435
109.5046123842294
242.10550885990597
78.82925983170207
21.45589457276219
259.956119354385
48.71989092680087
151.40573019586736
250.44700519671642
63.055015917860146
78.99016604330609
251.97530560810083
62.596815323828196
73.13622231011868
233.66230901246854
250.05404902686496
237.1868070946657
90.04320226554773
243.5663023449706
74.85903255663652
44.6370877529298
257.04292565134165
52.67091783469732
126.42627401313803
257.3874880646654
53.021274370345054
123.2136445983815
257.7427517315591
51.85146582089146
132.50496329536327
256.28004757749295
54.66029887556215
113.5300642063703
259.73638126745936
49.650757430998055
144.80386708636797
252.23356545677234
59.95068787692071
90.37763771614482
248.90147811034694
66.73615252141826
62.71935020748788
251.37084208550004
61.425980347088625
249.35994396684328
64.21428220078087
74.04206878582772
252.10528193266873
60.28554498713129
87.64797010651091
245.82715435174032
73.52211335550601
246.8541418424611
68.66641060811162
62.215450627929386
255.39096781495027
235.9254127996719
93.95383479585144
242.30838877397036
77.28595048942589
31.78200763915811
259.1754581419191
51.21472910016746
129.46156392677585
255.64781316559674
54.27114133486975
116.34422097242714
238.06121477242777
87.71492199009299
217.39655605692678
267.2531260587384
231.93078386411435
105.76106405246173
238.13407868565628
85.97941280604937
5.754661010156269
261.268492872292
234.27633105746645
98.43571037588481
240.93979044109437
79.99974685695634
20.161290888809162
260.34819331901963
51.21429000105127
121.90201137613622
256.9440552314045
52.129631150590285
126.63342092221137
231.86185513791133
105.06422662275145
230.74688246913865
145.68073625328543
234.47143264125043
149.36381821635587
241.99027051985468
94.75892827732605
258.8803327261048
49.0692304526965
144.2034671151123
194.4389139293853
210.90160101067886
254.72806287899584
55.76032097227289
108.35481847741903
260.2904675149548
48.666558909390005
151.9089020018946
250.24044137078454
63.434758835297544
77.94067127345625
252.45862241975556
63.81484202411957
64.46143758348626
235.99498561419023
249.54223284138425
237.28855627898156
89.8553160059455
243.61366081344022
74.75761493948085
44.892805679548474
257.0058697534769
52.72712942332146
126.07853968475683
257.46526975304005
52.92875952175382
123.69472162782768
257.6157311480565
51.98033762200066
131.7809870365454
179.56732293133973
22.14058584916347
260.11401168345037
234.97188558061316
95.96326612718258
241.91650105599547
78.03829691762803
25.85536885423062
259.64503030857304
50.19246753343032
137.83523173609865
253.70405192827457
57.42819604706892
100.74748453681968
245.70588669404242
72.40830822596035
48.053623425774276
255.53780246341194
53.40735551776015
117.12744971867505
238.8539962639261
84.63378465503774
10.918053583838628
260.75696852241526
48.59155376088893
148.80186113846867
250.4146273610968
63.35320831642457
80.42677049522172
15.914987095842662
264.18883822110365
233.5665306357696
100.47347399545106
240.31166965065495
81.28661628818372
16.698639117123093
260.6151634638154
51.64329592001013
115.58705755358096
258.17355146353657
50.27289121898502
138.03759637223266
216.89136356332165
160.74183421055932
86.23320662532933
256.3471416855173
55.75168576603028
230.62048730943206
250.52772490669304
63.01233361494087
71.50589719443087
265.2026781333552
43.9305289439435
172.9619706509693
240.55651836119796
87.74382586911088
243.64817726837646
75.00182232699444
47.893524479579355
173.4787973712373
29.245166174099722
267.75067705416586
38.37441195479914
199.39730213613075
225.63212726255006
130.53303758529364
222.4934756432922
132.5567469422822
223.7022492344404
127.57859820151498
228.74675123856287
112.46729308713111
236.67473618260556
89.6714526971191
239.74248297073063
86.31162255829258
244.14633720910206
73.83674561842781
49.390083133512235
257.27223318765755
235.30810852544528
95.84861597279087
241.64192409032694
78.59729422316013
25.366202995326603
259.9476894438558
51.518981593741046
121.20123723684083
257.1599848291662
51.82938705251581
129.00235300106579
229.36366004221782
112.95928754562192
236.30263858476974
90.85943431028136
240.90687021675694
81.1042711161208
45.274489314935636
219.98755749351403
162.17265012364805
76.77381144419633
259.96531740262435
47.282470604281116
252.00784005523747
59.93962229227327
89.57290246142657
246.9383862251343
69.18375350807764
67.16593373352953
66.25474258876784
268.4485540657988
232.38469180229004
105.25351009718725
238.18415437292424
86.07029926721589
4.678487309647608
213.5078715330892
245.22899917056202
82.55313279679103
257.5056053426815
50.80844814168813
251.48080691843643
61.209791394358035
83.25517949344066
246.7270097253786
71.60779868881218
247.08572714174807
68.22400101588573
63.84629345567373
102.66032234355225
264.65140591924137
45.522844359162264
157.92032112368906
245.56330597867782
76.31024158590299
246.26690068321477
69.92994999155053
59.41625420465425
124.4881298498658
262.39091248088516
233.7710782117938
100.05089860467706
240.39432706146908
81.10781724585104
17.173670658827177
260.59371764722164
51.74745178275043
114.64747492973402
258.3617357312178
50.00402833834232
139.90686992720293
211.99899482510227
178.52220079295512
20.13600143705844
267.59046058940294
39.184516290028114
196.6601322597271
226.79272396124725
133.2042567305616
215.46051504618663
172.4866832777334
29.71526508188981
267.76287681702524
40.456752392754424
189.94944062607829
230.49892480112612
126.21897002690821
205.2180444378464
256.3581633585709
235.3882792796794
95.12930505884287
242.02643952255312
77.82516831810062
27.207618823013036
259.568539379281
50.50469317228999
134.8618936482235
254.38473979389528
56.29319137315906
105.89713364915224
243.61215354049637
75.92441897605022
35.10590340135968
258.39332464559993
50.02637095269165
143.3794969093433
143.48317971215874
211.42440106412687
164.97882388866856
72.06122213840717
260.84404573628854
45.923892264283495
252.33347729862726
59.50152903076378
91.29416468649288
245.86232452651893
71.90296884956479
248.18826770351734
67.13166222017026
62.42082917779044
252.49397402998875
58.6457356394385
250.51236325070204
63.84280059959565
70.74906271850341
245.75550994998775
80.85617423936492
260.1311059502041
46.92014773239498
151.3515393374837
139.71071773735457
239.08318177203182
132.01237568508077
249.71725227273419
67.38685992780665
247.93318768843892
66.78728903840238
67.89225367922336
78.9321680728026
15.537516175681958
255.9509491517383
56.2603621930175
262.79421124509827
43.03709499434626
169.46738144791743
45.24280312006886
266.41912452565157
39.79569700140564
194.5900460103294
229.7702010606008
114.51733153082023
234.80116632243153
95.60604968263942
216.66661704756552
242.21377590224438
95.9212434424553
254.6991079700383
56.664418016705895
249.41893281399098
63.90508560385206
78.84454631250992
19.866050453929347
263.72482358361594
233.79348602995742
99.70016306117759
240.59379278990673
80.70315462925646
18.12704107481113
260.4892091217189
51.20253230779781
121.11340065019613
257.0788151856541
51.91358773074171
127.71971654599474
230.99774883930513
107.31333335513773
234.32144328238792
113.21381555462722
255.59301029997005
53.959585206917836
114.37798393238336
240.16055838143802
81.41909672309703
16.76019099795667
260.6497433697514
49.386944891899475
140.6802942728391
252.5924874721677
