288.01356589910097
126.93079378820954
172.89898371154322
258.97448284501036
208.00099224736437
243.47753869832673
222.48011601952476
235.8170121025587
227.7782273442699
232.73026990951848
229.73031117998244
231.5608666198982
230.45032854287774
231.1259303784882
230.7156144545943
230.96521518125974
230.81349150263668
230.9055044298657
230.849560916271
230.8835927453365
230.8631934633031
230.87544624528255
230.86779270000352
230.8729104756394
230.86962020052215
230.87155688958228
230.87029519310636
230.87106327360198
230.87053810908947
230.87120200989193
230.87072725874532
230.87102111768945
230.87076325888847
230.87089552471662
230.8705115594039
230.87135603999923
230.87064381642267
230.87099565030258
230.87079083267236
230.87054528386216
230.87128292197485
230.87007631633242
230.87138599670652
230.87050010879648
230.87078498323353
230.87096732171267
230.8706223414847
230.870957379655
230.87076655767305
230.8710037367091
230.87071089757956
230.87102484583738
230.87054895391339
230.8708855689838
230.87069856757807
230.8710945914354
230.8697370737318
230.87212379990524
230.8699093652831
230.8710365379702
230.87072972295573
230.87089837020903
230.87001659765883
230.8705415123295
230.87120282871183
230.87062402681113
230.87110276259045
230.87092010476772
230.87089219559857
230.8702974049702
230.87135884171585
230.87044472157504
230.87133365857517
230.8704919244483
230.87075167975854
230.8707576600209
230.870643375496
230.87105060601607
230.87062266473367
230.87050947150783
230.87124393283375
230.87061606710995
230.8709025621356
230.87074177190516
230.87082506269508
230.8709888225021
230.87079240686217
230.87091614001838
230.8706019412857
230.87116391098607
230.8706142446572
230.87081269037662
230.8710814347105
230.87082460589954
230.87091375097953
230.8705921726687
230.87117508448137
230.87054282118697
230.8707187985492
230.87094035364134
230.8707925295239
230.8707398699553
230.87086104554328
230.87095838272944
230.87072273176454
230.87100997898233
230.87090740893473
230.8709415149715
230.87081942207442
230.87082627994823
230.8709961296554
230.8706733202198
230.8703911505654
230.87147598002048
230.8703625214548
230.8712149148123
230.8704559953767
230.87006157850556
230.87125169528736
230.87064704670775
230.87076349669223
230.8708806196155
230.87061226421793
230.8711711280921
230.87065750839974
230.8709262711127
230.8704498912557
230.86974367728544
230.87194797286065
230.87000436631934
230.87075560448284
230.8710854092642
230.87057756594731
230.87101189253008
230.87028035747062
230.87121314441174
230.87043868137698
230.8710986091828
230.8708034728552
230.87029358974542
230.871258201616
230.8706241613545
230.87107174073753
230.87081227079761
230.870745629436
230.8694643133058
230.87189426170517
230.87031917695276
230.87086965459457
230.87047171407903
230.87100659698626
230.871080833851
230.87076497913222
230.8694096414547
230.8722227061371
230.86957321820228
230.87174552154465
230.87036099860416
230.87108212821477
230.8708255941674
230.87086156894657
230.87031820128323
230.87148715392686
230.87027950869378
230.87115035114402
230.87063969518204
230.87121027868852
230.8703479120668
230.8711363107359
230.8706069494874
230.8711129513831
230.87054545736464
230.87111313191417
230.87075891972927
230.87039635003748
230.8710856737307
230.87056578033662
230.87096484206268
230.8708306225817
230.87094801850617
230.8708735124237
230.87086213632574
230.87082573175576
230.87091667543427
230.8707593795407
230.87102246082213
230.87046392525372
230.87128381781804
230.87064145530894
230.87112647573667
230.87079693669511
230.8708124483528
230.87070431505708
230.87110677910823
230.87051633276133
230.8713270522494
230.8706137616973
230.87105205519765
230.8708420668263
230.87086749965965
230.87059441619203
230.87095370530733
230.87061513967637
230.8709821543016
230.87077624131052
230.8698083725467
230.87180094448559
230.8695068500092
230.87201768510567
230.86964745879231
230.87160564705846
230.8704280317179
230.87102453688567
230.8706635471317
230.8711115062324
230.87058182283363
230.87120180838974
230.87061584006005
230.87106491923623
230.87032019082108
230.87144110785448
230.8704283223051
230.8711650898622
230.87053067916713
230.87116026518925
230.87032150104642
230.871224006798
230.87059541286726
230.87094443308888
230.87057668734633
230.87123396684183
230.87015003013948
230.8716537260625
230.8698936090077
230.87172720012313
230.87014149376773
230.8707445464097
230.87115890234418
230.87066041788785
230.87106947154098
230.87081563538231
230.87085567157192
230.8707821637363
230.87081111797306
230.87091345559747
230.87052018668328
230.87132051332446
230.87052913595107
230.871404098958
230.8704790132033
230.87114896453568
230.87068357874523
230.87120486395725
230.87051614603843
230.87118143957923
230.86955534543085
230.87213465425884
230.86959402849607
230.87170798952866
230.86993392415752
230.87112872961734
230.8706814400939
230.8709127560869
230.87067220256722
230.8708340105659
230.8698075901193
230.87215673229366
230.86993869679281
230.87129118778103
230.87079275012366
230.87078007563832
230.87035159576044
230.8712810282159
230.87073368229903
230.87100674893009
230.8704375562811
230.87093826681667
230.87099234039488
230.870770702968
230.87086998634913
230.8704108720267
230.871144609162
230.8706742359209
230.8709785494284
230.87083276794874
230.8708860364568
230.87087267558672
230.87082495926006
230.87073684032657
230.87099805579055
230.87088023827528
230.87003195675788
230.87147357690264
230.8703094953671
230.87059751884954
230.87108365072345
230.87077050212247
230.87077932312968
