287.19741651952603
125.05654692043925
55.32323182451353
262.57839394713415
57.93468404806822
238.2933002282855
114.40883935371562
92.4935337001632
256.8665679673363
68.95143111455036
234.21417170730092
131.11014861959666
42.13004711982467
249.04078186006473
83.64617814798476
28.76981509201778
226.80853089007542
202.49006263818
196.94557806575722
171.27165157303352
242.1243611303462
112.46529798728534
235.78767501202037
125.45142693155776
53.011125397002616
245.5412953125633
95.27372059394929
199.25596699299604
129.12251020921576
254.08619578914204
78.27451987684162
204.0313166062715
232.50916770189724
119.31723294794119
234.8014255819835
123.8204796325972
57.91814680571497
255.44402873659055
71.0282517875512
233.58939140048642
131.6129347884471
29.893708470486672
250.7621803324182
80.59549095530565
228.61008778410178
153.86692852344095
145.27460032019735
249.23617548141738
97.29313204366008
252.20229165343517
79.48012262076554
226.8210432173073
178.09627279325105
198.48562573222625
131.6338979620832
253.40918607107596
79.63238704297146
204.8543442630944
232.83356704071957
226.35369577118945
182.04208120452313
165.91678620052153
248.2811614105085
83.85050456572571
223.94432835275074
190.79560845911328
130.91449857136467
26.073425954913546
262.8599402978052
58.03939533202356
251.56548740634025
78.48538559950248
229.84203468347187
146.87799567881302
236.76287379195492
126.48075115257234
224.80660121795154
187.99371486152813
153.010390224008
249.47487624458518
85.52449465560494
253.16066951506582
78.4055736135997
246.94907022281404
89.60020037933646
220.47277267276877
189.7540260308415
182.91994338782024
233.72544607685995
3.7791597683353757
225.13250431667984
189.14120357296997
232.3621184733638
154.96831232583645
232.00768264617727
152.86891414515776
117.3408429918345
86.62284270081727
262.58586544450736
59.51546571233848
235.30792655930054
144.86872022918396
231.43634242772896
7.6630298357777065
246.81577317748815
89.0548083748472
221.5346789550822
183.21515210384314
15.183528996902169
249.31069107572694
84.07018871189211
225.40091057400423
173.9860455463422
49.86552180883518
244.94793597369426
93.69780564565372
217.36407610779133
191.0513929662702
3.0235277555948414
244.84342691687198
225.5805207969097
155.69338242831873
251.02155505358314
79.22793827118221
43.441985319361265
249.09418502709013
83.99281051940125
226.3469389077145
163.27945190369064
85.96120978042381
248.87595111182964
256.62701594483224
69.27924987558072
65.64705489784319
254.88092809396403
71.86819370988087
64.95286493209278
103.08005308501015
226.69269617118334
163.73499702980553
257.7692456467739
65.4544555399516
233.50998465110752
148.5298844678764
233.1590696964122
161.8316508057178
200.2887921439542
236.52261247508432
110.7288106656415
236.96197307511466
123.67395868462336
226.0642618906495
187.31730465906003
234.16642883721943
144.0531091133962
161.44444333956199
260.47790545146563
67.93943047875655
60.374846525723115
255.37035326893238
71.00908055215405
233.4805585316426
132.21119345066109
27.134095588575292
251.3394314422476
79.19510820066353
229.74556595471222
147.10191661291174
235.3473807827686
142.9366376251055
229.2234088525729
16.381242083516554
253.74113267550274
75.99411244228395
244.885497651303
103.61363269748836
250.8741151660288
81.88251598755596
225.8524432268241
178.05814912145433
209.23362628345058
218.34312291504466
203.04147684366035
87.82906826726685
3.713501540958532
241.48836265256978
117.05474250522093
245.49679277338146
104.63624740581872
250.69131595014187
82.51930400198762
225.14523494887544
182.58926915709162
192.16381860911497
157.448916565525
231.0889463813146
173.2408671882804
180.91579714687396
256.05020718317246
67.97025070759992
74.70218262866547
239.90099726276094
112.371960868928
101.92671520957083
243.02331837452948
113.03580469430744
248.8575742403118
87.48027015614934
218.55170421066578
208.36774787966715
214.7259696291876
59.623529914613755
115.54018313172855
242.6016899661845
99.04442958918662
236.2352093332156
223.02686775040638
38.934254497653455
253.81851963596273
72.70197338647267
232.92045280445018
131.3555268081036
27.251824339822633
259.6547040668811
63.209072595942416
91.5578967917827
230.97843335613288
150.33535891608335
237.4341097099532
119.2884323199105
71.40526962894364
241.97140271729586
102.71625140725519
190.79350284799875
229.18902156269905
18.911046941546374
245.83438911029953
93.64544117295009
207.50006089662202
77.43271562529117
233.88714274251106
136.4540583359485
218.7550137324506
185.4736727526397
13.539508762769401
257.07951909830444
67.56694958230219
233.25863746418327
144.85313634135673
157.82318884666165
266.21605338618247
52.888983719087264
151.49959039302485
239.44511129399325
115.87243329762714
83.39813726312423
223.3833330455236
211.48579762652662
185.26425839531294
242.6532353214934
98.98308733791782
253.6482751055737
73.79552321245137
58.219777035774314
246.3000353709067
90.18983743004355
221.9174476948101
175.75182524004776
46.32523277420114
260.42025669130817
62.173419051323435
235.30409663349565
136.09418452857062
188.35127547073353
204.87251065534656
205.5054983862792
256.12506951485557
68.1698835898278
233.80410875027883
135.91635465988657
216.4029543089564
202.03872231870628
103.1254420523037
252.26425064657815
79.22881643203436
227.8015573623561
169.4508305962081
222.31285956820648
186.64522839835263
190.6960651937843
231.65410875034286
167.46325994790823
202.10952158726286
129.82032453798456
248.47224104726047
245.8400979439757
89.98468143827631
221.76145411102334
175.77429955436673
46.24766399260261
260.41446704478585
62.18367053309339
235.29793442353548
136.1326576874999
188.12096887621738
205.64444217586424
205.1866420956503
256.79472332115984
66.84768863060162
235.29001330159372
123.57198718521977
57.93333765522402
254.77773963980144
72.69478934693325
232.1236731553654
142.78208714947687
203.1047814466292
221.22492934453476
47.52362308345619
241.60098973003915
102.59290896597668
186.79740354593378
234.10760205698898
6.350236597354524
225.56729972884932
184.51671321096364
160.02876547243795
260.0174159609596
63.17385489103617
88.80632809094095
248.87248752736195
86.66271137160948
222.33131611612043
191.96997070238285
145.13136906361615
191.8685286692198
150.85044830197876
240.55946265356033
106.26872354000807
160.7451203349774
247.49597701277526
98.07530579336162
239.77072697064432
120.02727344195591
224.45345515605004
40.8376293846668
242.51865911383356
99.93757461472705
198.49232552143803
226.9478441531246
40.71681750085554
201.67253092321334
96.15271153129288
219.06163824466057
197.1255832437455
231.16368466059794
142.58848574625154
207.652153664254
207.4879264752235
246.49006134732917
87.79535506565298
12.343333723663818
238.10275044607988
133.84427569589752
235.39750809282123
246.50833906627668
89.53236607807048
220.31589296426682
191.29619193928374
172.24499308534723
240.43106183910277
128.4127317067323
242.5589195360226
113.71476323212846
215.74475017320947
65.1123514551582
261.8857582490891
60.03851369963377
236.21571486629546
131.53900325977884
211.04717686248478
71.68530333180388
256.35425229936664
70.94388154480839
221.69233562344743
209.88049740435963
189.77795330437948
196.8659656439122
211.05877749274077
256.0923566576821
68.17249095061561
75.03821201864048
240.74596428492805
105.91055890088319
167.08263730013277
242.69452288323373
127.46938776093884
233.11399434726627
187.43842128972756
220.40897887673054
213.22888883676205
205.3426859408646
83.11492641200311
230.42041993200837
144.38986947965168
252.2415673666983
76.52392616408179
231.30792223956087
139.1622661161091
7.760157768498175
252.49961442312633
76.36951404435968
231.3753041997843
138.74162588517356
8.8197314459685
252.42172051816306
76.55447823564464
231.22783261557925
139.7601930895762
5.979700266441796
252.62021481197735
76.1283145530615
55.43320484479773
174.35506142870872
48.50050458482292
255.65794326578907
244.77369373895635
90.93895830285328
