288.0288826328682
234.8820137557401
248.97321248650405
244.65394143618482
245.7208583287238
245.42970537885276
245.5055324935288
245.4860342309271
245.49119863717488
245.4896079715886
245.49013437684062
245.4899170344206
245.4889410425376
245.48988341695622
245.49021962151255
245.48957236267688
245.48989595594412
245.48877685408206
245.49065578181126
245.48921852881904
245.49028892665774
245.4901722847535
245.48908132699034
245.4909901403862
245.4896819902333
245.48988558570818
245.48984048679267
245.49035229705441
245.49001026524456
245.49041848772868
245.4897483375371
245.48999821923462
245.48977743444448
245.49004490674452
245.48848461419766
245.4904855649911
245.48941235482744
245.48944624750948
245.4903288211699
245.49002635569377
245.48985101754442
245.48987691917137
245.48915375260913
245.48979719728595
245.49047508220247
245.49002467924947
245.49021516022185
245.48889434629018
245.48962312710864
245.49004532115578
245.49020847360225
245.48975951323155
245.49013284561806
245.48974544576777
245.48943147212412
245.490569910442
245.4892029203511
245.48947422883066
245.48935451038415
245.49036138685915
245.4897121658687
245.48993437021272
245.48978074181287
245.48972597777538
245.48989776438975
245.4900748821674
245.48892975946728
245.49048223045247
245.48907006582522
245.49006799429117
245.49024037898926
245.490159541896
245.4895055254092
245.4902560354676
245.48995812025532
245.4901753171289
245.48970690990973
245.48928266022995
245.48988595635092
245.48993570885068
245.4905360901721
245.4899418557252
245.48976637419037
245.4895416929321
245.49015422161756
245.4897751151293
245.48993407811213
245.490366193495
245.48981693900714
245.48944265121827
245.49024316110444
245.48936705351662
245.4898914604346
245.49013566151552
245.48950181640976
245.48972801410855
245.4904328588891
245.48971562704537
245.49000717424497
245.48997144584428
245.48989081672335
245.49023115841555
245.48946563513164
245.49006695637217
245.4902217802737
245.49011948763655
245.48845843617164
245.49074815530184
245.48995189782
245.48880377317255
245.49059043688612
245.49001418396074
245.49009000619117
245.49005521801155
245.48944973538164
245.4897861264035
245.49034590380325
245.48958615643642
245.48991207977087
245.48937240890518
245.48996032697323
245.4892684160004
245.49008594171755
245.4898219688912
245.4901832278556
245.48959194745112
245.49018329832325
245.49000682280894
245.48963602372532
245.48918344915
245.49026356469403
245.49032147964317
245.4898177484938
245.4889239909171
245.49000544042792
245.49017797069973
245.4901239266983
245.4899554043659
245.48916097144684
245.48975589063048
245.48982406825962
245.49007756464562
245.4902538664537
245.48944553789624
245.4889850134714
245.49014611200982
245.48992693123728
245.4898963980595
245.48935901472578
245.49030581038824
245.4898867441516
245.48953472683206
245.49039729331707
245.48999140693195
245.48970817704685
245.4905028185094
245.48952154885046
245.489622352492
245.4890734017099
245.49053400953562
245.48998968214437
245.4892869579926
245.49029404771136
245.48998118827876
245.48983844020404
245.4903061968289
245.48986342031276
245.49052558332187
245.48953112419986
245.49042484955862
245.48785138579842
245.49075651810563
245.4891712559329
245.49028742531664
245.48924294825702
245.489420429265
245.48988576688862
245.49022776872152
245.4903380500764
245.4901366228296
245.48978133191122
245.49006432386523
245.48981135807117
245.49010524977348
245.4894392550923
245.49030122117256
245.48947824868083
245.48981442750664
245.48996543922112
245.49010013473162
245.48947071698785
245.48986694159976
245.48987882971414
245.48923748053494
245.48932860694185
245.48945685981016
245.49007793290366
245.4898861925467
245.4902615782048
245.4900313837279
245.48961210444395
245.48899605761108
245.4900542109972
245.48939915880328
245.49044926343777
245.4888043768733
245.49071522604208
245.48894362538704
245.49046885991993
245.4898474001384
245.48862659810402
245.49092715224833
245.48976521292934
245.4901618254662
245.49002373410622
245.48925817363488
245.48976113201934
245.49040596184204
245.48970670958806
245.49013166548684
245.49011352055822
245.48985571815865
245.4898581848829
245.49041147346725
245.48971604608232
245.49005253665382
245.49026418982248
245.4895060876588
245.48989800472918
245.49029767364846
245.49011207689182
245.48965946513636
245.48842674809566
245.4906800999015
245.48872402576671
245.4900475309405
245.48820607764355
245.48988813090546
245.4899956327281
245.48982106891344
245.49008282681461
245.48909692231973
245.49052226476488
245.4900194434449
245.48948630673112
245.48890087916516
245.49023351578217
245.4899374055385
245.49007079284638
245.48816936089133
245.4901474811195
245.48970343288966
245.48978490871377
245.4901104962628
245.48991391452728
