287.933626788085
267.2354415203114
268.17536064845467
268.1027109415818
268.10657432152357
268.1059167597118
268.10629065344983
268.1068177885031
268.10653982690656
268.1063017327406
268.105552570456
268.10708199932924
268.10768931650546
268.10716356191097
268.1069577103317
268.10579568272806
268.1069681721092
268.10735225312783
268.10573601400574
268.1061642631448
268.1077241195035
268.10695486356417
268.1067726244037
268.10742621608006
268.1068142751392
268.1067602872263
268.10667907036077
268.10674639468743
268.1058664336342
268.1063413877091
268.10722111490395
268.1063583554751
268.10637710472656
268.10652024506635
268.10724437422687
268.10663156506416
268.10616966407906
268.10709060810404
268.10713515579846
268.10679274249924
268.10683656633046
268.1059767418592
268.10718788302256
268.1070280763415
268.10655327450877
268.1060786568887
268.10706618714903
268.1067093087586
268.1064153866173
268.10698774677076
268.10641262959325
268.1077279975434
268.10685211551026
268.1072136525909
268.1062818764585
268.1068846019698
268.10704476835235
268.1062436368411
268.10719700601476
268.1059118389494
268.1073560904988
268.1071859225267
268.10685018770164
268.1067104396061
268.1058480300708
268.10678935005126
268.10602518011
268.107132541787
268.1069116737126
268.1069070584708
268.10691653715185
268.1066109608655
268.10681015496084
268.1070539430293
268.10757151366124
268.10683223284286
268.1066001629806
268.10652218884206
268.10681070121063
268.1070634917123
268.10696315996756
268.106671732181
268.1071905751742
268.10623497368215
268.10683417749533
268.10692411634955
268.1065934813305
268.10682802207157
268.1072633222284
268.1062517581522
268.1071426972485
268.10670579920406
268.10691231246165
268.10652899863635
268.10654800912744
268.10705345741735
268.1067762980965
268.1065479607205
268.10636951823835
268.1069402811263
268.1071047409496
268.1067599215603
268.1067516092007
268.1062979310882
268.10678476747125
268.10724064859096
268.1069153862918
268.1054760792613
268.10691699339804
268.10640162711206
268.10648777661845
268.10712501646776
268.10674644492246
268.10757106791425
268.1064933239977
268.10654945782153
268.10680714633054
268.10660028325947
268.10697034154873
268.1065875023851
268.1072955441414
268.10595553091844
268.1072203406511
268.1068910223985
268.1062574692478
268.10661719183554
268.10596545292356
268.1069876708207
268.1068880945677
268.1072463797027
268.1056879598327
268.10718453329173
268.1067280468851
268.10619075599243
268.1058254512609
268.1064972861641
268.10573318960087
268.10545011251816
268.1069624260708
268.106586953465
268.10659052101255
268.106659896308
268.10692801677214
268.1072241386719
268.10736233819625
268.10639034023916
268.10676346861874
268.10632017561875
268.1070796997665
268.10719481848355
268.1056304488302
268.10598144173855
268.10729136448936
268.1068764718657
268.10680333357595
268.10651155938103
268.1062300596386
268.1067221254052
268.105653336097
268.1074294561404
268.1068636909622
268.1070584629051
268.10675779741723
268.10694891630556
268.1074125659652
268.10703037572966
268.10672767656797
268.10663546051364
268.10704533693206
268.10593900714593
268.10712241890724
268.10621203763003
268.1062328374246
268.1067987613642
268.10719170801167
268.10728941830166
268.1067991108721
268.10624566150364
268.10602778181783
268.1059068447212
268.1074327355309
268.1064381414326
268.1064846978552
268.10614684270695
