288.0000645860996
196.14659512404455
251.7794321770292
227.7714731123324
238.42939128281841
233.67339424472607
235.7331420100686
234.82580552774834
235.22056163906473
235.04816839951854
235.12358630908193
235.09102728572725
235.10520650460876
235.09800447624457
235.1020462319375
235.10016232495218
235.10115958390634
235.10037423893482
235.0997626944627
235.1011253368797
235.10036389465768
235.1010923571721
235.10071387441258
235.10063596798864
235.10009713065665
235.10036334705728
235.10016704418922
235.1005909630403
235.10091926095447
235.10041159549837
235.10100340796816
235.0991072398101
235.10064263753702
235.10083837668208
235.1010408563161
235.1006364784862
235.100491553967
235.10016310662104
235.1007125821816
235.10015137820847
235.10085384148988
235.10052336735316
235.1005863410628
235.10008297133754
235.10056776637612
235.10114019055072
235.10008892118276
235.101004232376
235.09996862814296
235.09945576605605
235.1010243799392
235.10047750544618
235.09993327429765
235.10112645143454
235.1000344374479
235.10109599449424
235.10062605475832
235.09864654717603
235.101772719554
235.09996466869052
235.10092460403757
235.10048845965866
235.10007410463368
235.10053531563244
235.10084424137676
235.10037920420655
235.10011390216823
235.10060573257215
235.09986525191925
235.1012743009269
235.10045387376886
235.1006925121801
235.1012510866858
235.1002451634413
235.10085610794704
235.10037336122696
235.10082831896943
235.10084069578807
235.10015427309554
235.10114229597093
235.1005426705633
235.10089920241808
235.1006849279438
235.1000152207671
235.1010319074485
235.1005399569549
235.10077445819843
235.1001053590444
235.10016385988274
235.10024306766718
235.10079018074248
235.1000402197169
235.1001170624004
235.10113209201518
235.10029030965234
235.10031998722843
235.10060513859935
235.10049909195368
235.09954708647274
235.10106516553788
235.10076497912814
235.10044410534465
235.10049063825136
235.10008042803383
235.10120513674337
235.10077160279616
235.10081566757435
235.09959723275097
235.10069980605476
235.10074190376326
235.10081591234484
235.10059218997048
235.10067332589097
235.10040797575493
235.10081079825613
235.1006971489478
235.10061044047325
235.10068900149054
235.10041109183658
235.1007829116279
235.10038546573196
235.1001098325578
235.10076058920095
235.1007145880285
235.1009916250332
235.10041426022508
235.1004785608675
235.100895646734
235.10028735479136
235.10077509730763
235.10043353250512
235.10051031168405
235.10114855061693
235.1005358941693
235.10062239902618
235.10034998180345
235.10082397487713
235.1003264166793
235.10108509070415
235.10054238602606
235.10073675230524
235.10032366935047
235.10063145779714
235.09993525769096
235.10043259846861
235.1004831882601
235.10066518971144
235.1006659231207
235.10088090664067
235.10088846670988
235.1009149345773
235.09994268706214
235.10042817590147
235.1007526895046
235.09980069437006
235.10056469746633
235.09991283468844
235.10110926866037
235.0993418396465
235.10125207650708
235.09945307471935
235.09955754967086
235.10065182961262
235.1009038601478
235.1005865332845
235.10105613626365
235.10064975217392
235.10037885417114
235.10083958640462
235.1004311442739
235.0991076064456
235.1015887386675
235.10065254798974
235.10082095571124
235.10052012866072
235.10064142510964
235.100609790381
235.10075298963784
235.10059664119035
235.10010720999708
235.10059681114944
235.09999161720043
235.10103633082326
235.10043481580942
235.10045597632416
235.1001709493503
235.10021659824997
235.10099841706688
235.10081796183658
235.10072323327768
235.10091505970922
235.10086151771247
235.1002650688024
235.10106002056273
235.10044253659726
235.1000328347145
235.10040088363166
235.10015465540346
235.10024219506886
235.10010610001336
235.1010311824939
235.09985984797822
235.10080835557892
235.1008990246628
235.10033377833315
235.10046812993824
235.10012755624484
235.10086504036735
235.10081994389475
235.10055678334902
235.10035362598137
235.1004697624885
235.10064325734857
235.1009093692992
235.10067766308202
235.09928579739062
235.10118219882133
235.10019853099948
235.1008370408381
235.1007770482247
235.1006308053038
235.10033940078574
235.10007398793823
235.10121184885793
235.10023183215526
235.10112024085538
235.10055326434667
235.1008842419833
235.10046223786776
235.10067973878176
235.10088010996697
235.10096582912956
235.10035895829787
235.1002069716924
235.10058451541408
235.10085360551602
235.09940356873267
235.10100460928516
235.10067912538943
235.10005105219898
235.101083882706
235.10023603437003
235.10112155954994
235.10055725481652
235.10068519985361
235.1003094369371
235.1007763085945
235.09984343707038
235.10074568771233
235.10089987960237
235.10072175893583
235.1008201030054
235.09965389690478
235.1003438034677
235.10041598400858
235.10071750439238
235.1004671604751
235.10088343806274
235.100661477627
235.10001725850452
235.09940482214733
235.10160657159577
235.10013222516864
235.1009377448936
235.10042858749512
235.10058913656394
235.10091929507325
235.10036360719823
235.1004390688904
235.10051306142122
235.1001702843496
235.10094560327707
235.10077945313242
235.10110876776162
235.10024444101145
235.10097559033602
235.10059578613436
235.1009939025098
235.1003419743647
235.100910557725
235.10043636597402
235.10080369860225
235.09982564143138
235.10055210489372
235.10062259812548
