288.2620780583404
256.8128691332
259.9893080603397
259.4590051835189
259.53106679558573
259.5204999632356
259.52205395080864
259.52167408573496
259.52196852130464
259.5217515042277
259.52204633635483
259.52096817573783
259.5224448617437
259.5219400453052
259.5212725567462
259.52048626004216
259.5223242243155
259.5223130788672
259.5220306300871
259.52158988111296
259.52137462122846
259.5220275152751
259.5212328506277
259.52129273369064
259.5217323941306
259.5219618273386
259.52089507454
259.52221801316045
259.521817186529
259.5212829260672
259.52165822501775
259.5212461176052
259.5214312715234
259.5212703125653
259.5217149914952
259.52149509371884
259.52172625576713
259.5220291097103
259.52056026169885
259.5218376490229
259.52098286177716
259.522182942128
259.52076575331375
259.52170320822916
259.52233481357325
259.521196793914
259.5215266088999
259.5225760070134
259.5212324980748
259.5216938998965
259.52204858162804
259.52167021617424
259.5216518918096
259.5220150432797
259.52175111812176
259.52160769695547
259.52145514844597
259.5222584436415
259.52191872012554
259.52244077742944
259.5212409261476
259.5204071079279
259.5222033229911
259.5215236146141
259.5213030995619
259.521971719696
259.5215544082166
259.5226013980755
259.5214554715567
259.52147922912263
259.52194991909346
259.5214703609672
259.52129135780706
259.5219186053655
259.5216620681167
259.5219642731972
259.52145467964874
259.52076809254504
259.52182336891565
259.5213989719632
259.5213916810244
259.5216460810698
259.52223922837584
259.52147990734375
259.5207210593944
259.52224999765895
259.52171526756865
259.5221523393775
259.52087959799974
259.5221320756609
259.52183800745115
259.5215080460621
259.521447349769
259.5218300569977
259.5222015553518
259.5217239327976
259.5221321503486
259.52087912157003
259.52136375369446
259.52229132489447
259.521953604788
259.52206401716103
259.5220031771314
259.5220630847907
259.5210521295885
259.52210570301395
259.52105760530685
259.52228859759634
259.5217653777072
259.5217552454342
259.5208277943675
259.52183409709687
259.52148147708067
259.5219566305459
259.5214631781055
259.5211544774138
259.5205567580124
259.52126764369314
259.5216918134611
259.5223063530866
259.5214209611149
259.5218925215304
259.5220906994291
259.5209396582213
259.5219146790914
259.5215065487064
259.5206649681786
259.5215139149004
259.5218176484923
259.5221479275351
259.5218414260671
259.521713318878
259.5219753900892
259.5209466197193
259.5218357595804
259.5215494768854
259.52196352632745
259.5220777926588
259.5213293582274
259.52244726052595
259.5214369569876
259.52219667517056
259.52113735076273
259.5211257889896
259.521676883116
259.5208232971054
259.5220934107929
259.52180773197324
259.52156864151766
259.52273134642746
259.52147530911316
259.522030275577
259.5216828123812
259.5216549169563
259.5222530132887
259.5216574272199
259.5216558583488
259.5216988735192
259.522255895994
259.52139880914183
259.52202908109757
259.5213679891458
259.5219744997157
259.5214095425763
259.5219674483378
259.5216978504177
259.5213979923574
259.52237673017953
259.5211285610858
259.52233954390977
259.5211837137904
259.52188736553944
259.5215915099543
259.52118350198725
259.5218353122327
259.52216653242067
259.5216514357453
259.52160711486067
259.5208689614228
259.5210885990382
259.5212810490484
259.5224619454966
259.5219288786175
259.52153272561554
259.5201822255767
259.52185997094784
259.5217813848867
259.5209793124668
259.5225384026853
259.52033098897664
259.5221048395906
259.52179769371287
259.5221932243003
259.5216014471371
259.5219024166581
259.520599127427
259.5223128363141
259.52117661427474
259.52180615723773
259.52180150449567
259.52177519144607
259.52244717261055
259.52186181135767
259.521926475747
259.5203493748122
259.52200959030597
259.52121149572486
259.52087729751656
259.5216584271402
259.5215013514389
259.5212566965056
259.5219648031198
