287.9722005613524
78.48623402733239
269.0824809098906
143.6073659027752
258.46169167335734
185.63768924248438
246.56755805099783
207.78056124100522
236.7946337872927
217.68730563409736
231.19450638589933
222.11618801319446
228.41212274830605
224.1363585605095
227.08316869485134
225.0727376512532
226.45315644404764
225.50920026237327
226.15683940555755
225.71368969862942
226.01793367645132
225.80880879001234
225.95272616726834
225.8533761515473
225.92212781795843
225.87458040150887
225.90726620325404
225.88451711765447
225.8988164318871
225.89102122335316
225.89641470441347
225.89274251813913
225.89408254048067
225.89407690863118
225.89425795116767
225.89174345006177
225.89560722289207
225.8928962332302
225.89450366871824
225.89401651569824
225.89361169246695
225.8940936773779
225.89451839731373
225.89361030077453
225.89340355997592
225.89447177554757
225.8933735915416
225.89404779191318
225.89416296306808
225.89316994011278
225.89492125727884
225.89326300011453
225.89400802308592
225.89352920552483
225.89381369215334
225.89357075958105
225.89486546986518
225.89344631075073
225.89524452844853
225.89366140062702
225.89452203958717
225.89345583168688
225.8941811117329
225.8928936166776
225.89499188913032
225.89250107918997
225.89534769501188
225.89334111832795
225.8932452617555
225.89409064866777
225.89437272209034
225.89373553777477
225.89389237570504
225.89447907736394
225.89392677626893
225.89399123009935
225.8929117243315
225.89506668176182
225.89185696998538
225.89454248914262
225.893928170226
225.8945576757469
225.89316121588854
225.89547000056336
225.89222481336765
225.8951723279497
225.89331508567557
225.8945993969246
225.894197475096
225.89357439272862
225.89450472772296
225.8927656763517
225.89451612861012
225.89407236499756
225.893729151554
225.89341992481786
225.8934273893683
225.894773338081
225.89337121202334
225.89491132530384
225.8937529526993
225.89466327407717
225.89404646718322
225.89363364448218
225.89442770059395
225.89396818610112
225.89324882166693
225.89438288597012
225.89318365595682
225.8948822428065
225.89275208179606
225.895075625318
225.8928051358671
225.89328980079154
225.89492581049126
225.8937631455192
225.89462298202125
225.8924446996607
225.89532644991414
225.8935234344899
225.89406509494438
225.89417814935587
225.8941288344722
225.89425033470616
225.8937475040948
225.89318905933033
225.89449102984508
225.89303924464184
225.8952253016614
225.893174741439
225.8945770245191
225.8929393741564
225.8953178707161
225.893780884413
225.89458282021224
225.8942086066163
225.89442057076667
225.8939520794229
225.89399024598242
225.8936434499701
225.89475395456975
225.8925597566922
225.8950528616042
225.89308798138518
225.89488718891516
225.89368227477098
225.89404532331537
225.8941714751927
225.89455939384789
225.89398347754468
225.8939650929824
225.89463547017658
225.89417367173155
225.8924560179803
225.89504829946964
225.8933042060453
225.8940479626035
225.89437576176715
225.8923535015565
225.89484067926242
225.892712675035
225.89497243528604
225.89356229398254
225.8945218731751
225.89416277318378
225.89319634529238
225.89452360418363
225.89361167149036
225.89427761105617
225.89404483263934
225.8932643913795
225.89460675845476
225.89419249253115
225.8939673865534
225.89436108634254
225.89352131415217
225.8941404932557
225.8939802793393
225.89455311709753
225.8935371326952
225.89437498930056
225.89384592689748
225.8928878281513
225.89510793911177
225.89345452165435
225.89390486518823
225.89449859307206
225.89340333513974
225.89411068831396
225.8941759762456
225.89350778407243
225.89467949667596
225.8937072716144
225.89428375854186
225.89427859118587
225.89307168713276
225.89496218948625
225.8931654742628
225.89480528586864
225.8933294394592
225.8940860389921
225.89415865414776
225.89388348376815
225.89361512534379
225.89369025286578
225.8942078576656
225.8941638598626
225.89367366710212
225.89469209119852
225.89419704426837
225.89427160998457
225.89416069230356
225.89499758360034
225.89405824808637
225.893684401075
225.89331918908283
225.89366939026513
225.89337478787638
225.89284587901784
225.894820697853
225.89180903155648
225.89430842253205
225.89281033775478
225.89479065222258
225.89290820648603
225.89464100790792
225.89384364770376
225.89431228599278
225.8935477379855
225.89488544561027
225.89323317132948
225.8940842126467
225.89422176171502
225.893340392533
225.89350291799929
225.8948081536364
225.89246421189455
225.8950898671319
225.89322067738976
225.8949803624564
225.8927021160198
225.89403231123288
225.89433278117212
225.89295266718545
225.89483121738886
225.89374828137807
225.8945020535466
225.8938597774395
225.8938389239047
225.8946203165542
225.8935365278885
225.89410696862615
225.89355467593123
225.89399100291485
225.89411009645846
225.89298614821746
225.89391409610107
225.89394080573402
225.8937160459318
225.89404952341283
225.89275431119313
225.8945342712832
225.89388504788803
225.8936194565904
225.89484001434175
225.89367112645414
225.8944821380428
225.8933653250424
225.89424945584324
225.89424703455006
225.89258111761592
225.89566631425987
225.89350730497972
225.89473001404258
225.89389457898505
225.89338076859713
225.89463770236762
225.8935031931178
225.8939362570236
225.89401121932315
225.8938504094258
225.89422955056943
225.89349272058462
225.8941494296596
225.8936389475857
225.89280193767627
225.894854043363
225.8935742450849
225.89419116106
225.89417213201523
225.89355026480916
225.89414506050525
225.89445821284608
225.8941843197681
225.89356634955038
225.89337323221844
225.8945269598189
225.89411879710678
225.89414841217513
225.8937530067633
225.8938577252411
225.89359822635015
225.89389515834046
225.89418245504203
225.8936169133667
225.89385183801642
225.89398268063087
225.89406974943995
225.89398888940923
225.89335976430448
225.8948187334463
