287.7743879839401
252.1349857216734
96.91233058982584
216.01912821296082
217.92680525122455
216.0669899205957
215.55638938910988
217.60401777042534
213.67251145753835
219.5123458438361
211.01274547434377
222.27103387441866
206.32635544719597
226.64868619181198
196.54473814876746
234.01015880791692
170.9677293456798
246.91069030510334
113.70259086291117
112.8055487140773
128.64634413469594
59.42704803735978
250.17357469858325
113.74752036155314
260.8194260195951
76.48319066585009
233.22264316906967
174.44891587245456
245.55142878099377
119.11491417452817
84.23260126407058
238.25923519963908
151.43501282189573
254.19693976439157
89.93837641831306
225.43556810761038
197.96086848377854
234.4657165812623
164.79309876137086
249.61388601925682
103.05869245600661
200.69749615404908
232.56672467692442
187.02775492004912
238.7555432725403
154.5874345213615
252.0158892118343
97.95594822414205
211.899884128934
224.34879373738113
203.518733664092
229.17105387378615
189.24419112122087
238.44352050993075
150.5140161195195
253.62224895661348
92.21200140851943
222.5532729282677
206.46013873859192
227.81257291679685
191.74464979845106
237.35758713007453
154.08506003072762
252.7342801786217
94.39785506227417
220.09852015049546
211.07940688050076
223.85465884319638
201.8432714637711
230.74481880620806
182.42986299343465
242.1523286595293
132.35736517400073
258.0489581401089
81.2168907360865
231.30806981473506
178.71941574930315
244.32131568261684
121.88971545382446
74.72190495868563
241.43826194429857
141.75812999476693
255.90908516521085
86.69097333265745
227.46248477950212
193.8849832163978
236.46160806950866
157.9057715190611
251.6487902960398
97.40250976921743
215.51999146839808
218.2551765034077
215.9440423774031
215.50905300444356
217.80521574433442
213.2592189250936
220.05053292711455
210.06257598834418
223.26470023466754
204.30563218880343
228.36750451027183
191.63574446911662
237.06827371149848
157.0310535686076
251.7243667933035
97.62281665483533
214.57352647007065
219.94973511115313
213.14832716529054
219.27748311033793
212.44933179950385
220.24298514196926
210.50697360834238
222.47906761335616
206.34189774311017
226.49270749796415
197.2577064260331
233.47068339369434
173.5386297297482
245.85715399491164
117.84056313701149
89.47909119139513
235.00004840962356
169.10182275145053
248.75412314548157
105.60825525539985
188.88112628119416
239.75627225814242
159.32564789012395
250.03761636860145
106.63820842617133
156.60340155616723
272.5660764824497
55.22992592507944
241.4453444162791
135.030365607141
257.42624546878505
82.6319608080812
230.46689295030228
182.08661039898288
242.83181850996334
127.94803689337277
58.613998547218216
246.94083752862934
113.33183775112411
119.39608438421419
262.82984757261147
72.13230135819322
235.79717214895936
159.70679634812404
251.1610389446505
98.68952186437673
213.16098273367243
221.15538609407668
212.04294446569838
220.1798881962095
211.41163026764843
221.1968320212909
209.10320046848938
223.79012245018384
203.84328737005126
228.55354556656675
191.57305464674573
237.01686095522018
157.70759163820185
251.4796105084315
98.4508479809956
212.71026176484156
222.34948565806553
209.23605290697742
223.50565904384712
205.03150490623375
227.42321266999352
195.2363155580024
234.7006774216643
168.65599705121713
247.71928404780192
110.99534759965172
133.11411781542847
260.5863294203664
76.28388521227316
234.13740374679764
166.10357022563403
249.2260136062614
104.257894429109
195.32819865585043
236.21805789121572
173.61566854997363
244.97749429137184
125.9885503105179
258.9892639958998
79.57185812960961
232.05003753153142
176.65323452477605
245.0468413503113
119.58780668491818
83.14774567440327
237.48562460453104
163.2966196858324
249.8074553185652
104.68133919844695
184.48345154486742
244.23186636333412
125.43711919455382
65.24439401346899
245.5594066429112
117.96891245984443
92.22673989125906
206.13638157134847
238.28991513934307
130.80270624723926
49.87584370592231
268.894901276828
61.38577097852249
239.09912070690189
150.30035281789606
253.29161649925663
93.96840673587576
219.56030673263012
213.4288425355262
220.5600410343468
209.44902403366723
223.89010254780442
203.02598269609007
229.38722075409896
188.44950468741445
238.86967789330083
148.49657189955906
254.17078816610592
90.73640783962037
224.11281787667394
202.78631611664605
230.70378384716605
181.94499737273145
242.5225935650451
130.20465069391503
57.97226941306144
246.85544964244036
111.68891720963438
141.23043399875314
256.50060456733627
91.02958443686657
199.01987735211878
239.77801486891985
127.00335561649263
61.45956803827721
267.86407175901695
63.42669020914764
238.25441797885287
155.41701315321552
251.69742030878842
99.06364046417002
208.55473746049393
228.02754249096324
193.65976591786603
236.20050325979537
160.33160815064912
250.7721153129387
100.30838172210497
208.52114755524963
226.5911125002749
201.40353140090883
230.08343295147642
188.4968595879909
238.50229143488104
152.01994922214362
253.059935982732
94.09072414820548
219.9650430160691
212.05092132647405
222.46249990888464
205.41393456656078
227.72315166753833
192.96749569832173
236.38711226377927
159.69941300609207
250.93438728949695
99.89512899321562
209.51134943644865
225.67385596268286
203.24510950486
228.69452799305145
192.64898565318435
236.13967895583482
162.99736948951613
249.6563642348483
104.53826047606708
187.89197728672298
241.97948321141303
138.51250063818588
256.657550409509
84.70844772156852
228.99895337455382
188.2698199061997
239.68681504901906
142.36728592263535
255.91825017939846
85.99676472632564
228.32066838278843
189.6650531879859
239.14370852900902
143.99839680719015
255.58466008049436
86.70658074354287
227.85072321289044
191.0688520740805
238.4218937491387
147.1595619405125
254.8030169927806
88.60920906420506
226.36573773948476
195.74126712381258
235.71612001553876
159.70406023443502
251.23126527515706
98.28517970284156
214.21067364676856
219.6731860536529
214.37687501576147
217.32338681287365
215.64184867266158
216.1397242677922
216.66128312476212
215.10822597095103
217.72440253377135
213.79983089855523
219.18001490387542
211.71567562874407
221.44833257322898
207.96443523993366
225.1406084739865
200.3897343420831
231.3275845915923
181.84094420018664
242.2199282195361
133.04715578598552
257.85781092985417
81.70021929607901
231.01553113268164
179.97185049134714
243.7699253467872
124.12630761419132
67.72278764126531
244.27508414219483
125.91805226336874
68.35015446846955
244.62321781285573
119.04526658462419
90.77536479699484
265.86382364522433
66.90370861529664
237.3785156256199
156.35622486089414
251.76562355353963
97.91764841489203
213.38141827995423
221.85175120586064
209.63124904995493
223.29379909209092
205.18846823675267
227.37563563000003
195.1691116449947
234.78300421888707
168.11609518727346
247.93776312736736
110.148327223651
141.07524323543475
258.7476946914394
80.36176610150142
231.98468656787009
176.2627318197774
245.356835614788
117.92817842916702
