287.64327572852767
237.04916078320105
61.20975131564262
231.52007465768008
70.55489123209054
227.61606992921065
78.5068187186364
223.00937459210058
90.10876050912634
201.6115810970773
164.01931853959695
267.8361407524376
242.23205611941557
247.89018204254626
246.4622322181708
246.7640075557274
246.69467936977162
246.71030408241768
246.70621112442313
246.70683186440965
246.7073872632609
246.70668993235267
246.70776879529149
246.70716837697273
246.70730514103525
246.7065764784311
246.70731817346496
246.70656139957464
246.70746794140723
246.7067286551337
246.70732185113957
246.7073787913796
246.70713729948875
246.7070832844438
246.70724199698998
246.70672847957212
246.70774729658842
246.70712306805763
246.70734985334457
246.70657205842872
246.70684015071856
246.7076790704523
246.70634208524643
246.70750591246906
246.70733033470606
246.7071826739375
246.70727114822876
246.70710666141167
246.7071346192315
246.70734295842703
246.70753740504006
246.70735205028177
246.7067230427092
246.70672362087134
246.70680326344882
246.70679166473565
246.707431027633
246.70669982938125
246.7073278090611
246.70721051851433
246.70735912244345
246.70734507702582
246.70746938182128
246.7071182212203
246.7066219033004
246.70701959272265
246.70682163989477
246.70746287781367
246.70735694729228
246.7069834458489
246.70682330381896
246.7074109764908
246.7069435505582
246.70726949463278
246.70728204038096
246.70662046218058
246.70732137517916
246.70731636469282
246.7063638596701
246.70760924299248
246.70711618920177
246.70719152368474
246.70728821804732
246.70728810250512
246.706866915938
246.70728700148902
246.70723225440088
246.70725200935703
246.70718162256526
246.70662649009319
246.70650334473612
246.70677441634325
246.707354557715
246.70755123812705
246.70752828706463
246.70644081147475
246.70754093123105
246.7073352758598
246.70725340187346
246.7072871628261
246.706747838085
246.70745570700092
246.70714227750432
246.70741777946387
246.70657809281693
246.70745963326044
246.7071456412814
246.70675310372462
246.70685966806923
246.7075705541647
246.70718565253628
246.70669664668821
246.7076027608491
246.70718961488456
246.70668032573303
246.7068083842605
246.70737624420872
246.7072677174001
246.70668519668834
246.7073317773611
246.70724426474044
246.70753263022198
246.70752131251356
246.70663541737304
246.70727607403387
246.7066525486007
246.7073569313725
246.70713437790255
246.70723178641492
246.70721758581203
246.70739509342093
246.70736531249713
246.70710365496052
246.7072808551966
246.707342528156
246.7065522624398
246.70675863735232
246.70721851260896
246.70716712081776
246.706648336949
246.70693466358352
246.70732640841015
246.70733070140705
246.70670603014878
246.70720634769532
246.70731451829488
246.7069226140593
246.70770268247725
246.7072179119059
246.70668956446025
246.7077745685965
246.7066305541739
246.7071290848544
246.70747216061136
246.70684606155555
246.7068184628297
246.70681857825548
246.70723554486176
246.70759603162878
246.70659054265707
246.70751492038835
246.70669516357884
246.70721548503207
246.7073533441071
246.706734633859
246.70647440454923
246.70688661435997
246.70728565606987
246.70729261121596
246.70720705251733
246.70722112833755
246.70662408781936
246.70710983680328
246.70762724908127
246.7071892844251
246.7074136075098
246.70733144845872
246.70745382014138
246.70726837455004
246.70716246057418
246.70727098273346
246.70693781750742
246.70670919351687
246.70686354211648
246.70753507007612
246.70717231443268
246.7073065549921
246.70733203704003
246.70700437806954
246.70725408887665
246.70657605599263
246.70755342618213
246.70707712258445
246.70672863235814
246.7073161311564
246.70645618379058
246.70704361634853
246.70676474660286
246.7076998148841
246.70707644817594
246.70671057945583
246.7074778558308
246.70740206332994
246.7064421762625
246.7069831967674
246.70705895913125
246.70762163533072
246.70661763995304
246.7075092253508
246.70758046538685
246.7075098606001
246.7066754319676
246.70715594112698
246.7074526848155
246.7071695497434
246.70733353307878
246.70748181978706
246.70737314490543
246.70695338683436
246.70727381609322
246.7073167252238
246.7071853994712
246.7075957437628
246.70715059187205
246.70761854786542
246.7065925973293
246.7075545124535
246.70719656086294
246.70721216776292
246.70695552663528
246.70678766847413
246.70681813191914
246.70749503692787
246.70717332529603
246.7066886807297
246.70675260781718
246.70745526505925
246.70708785740135
246.70730328121863
246.70714365586173
246.70681614572823
246.70683528504742
246.7075512598094
246.70709009423445
246.70731176287518
246.7066817671148
246.7072820309986
246.7072798354493
246.7073457181541
246.70717004552716
246.70654328161618
246.70622768439353
246.7075681064016
246.70718400775513
246.70743835825124
246.70668684069824
246.70755001276848
