287.7977220960644
253.47758793859805
105.49135849230254
195.2682799281447
239.02956233977875
171.7408638184629
247.46359925911133
129.08144646350593
259.2271393478986
88.76796262094558
227.4971096706263
202.8342038281894
232.28733372259467
189.42284659694542
239.97401730081674
160.05749984758768
251.74742307853376
110.55036947242843
157.22190619295452
255.0101952523928
102.57735057187347
204.04482996833121
234.32995324795502
184.19461180853796
242.81373538630032
146.64949814587362
255.53050078226352
98.35726038971461
216.9461691045226
220.54401276395038
216.35699824434414
219.12349752829687
216.70664075391323
218.8888679974243
216.70729805880728
219.02481525766416
216.42819819514625
219.40392506631724
215.89715287449872
220.02238527718146
215.06553998010168
220.93406620359747
213.81124510734844
222.2409898701735
211.9104768265006
224.10194862983917
208.94780865703615
226.76487789433486
204.05188587828525
230.66161591478703
195.01014516023133
236.6562228908424
175.10546596361564
246.36921369305674
131.88048454701675
258.7537341299558
89.80382146748343
226.72214337821424
204.46919576871733
231.18512340552843
192.5828492383589
238.27670682952157
167.48280697701193
249.3117574764765
119.44324510424849
91.37602604598578
234.36803103903367
188.42320370701054
241.27143696786152
153.72009008029636
253.70612376107965
103.83624734009936
203.35243888467085
233.414735141876
192.3680340587125
237.8544480316159
172.59203659341802
247.1399180988119
129.6648382688145
259.1356044865206
88.95007345622071
227.3616397474616
203.1303579082669
232.08814390387488
190.0190552040549
239.66008844505996
161.46157705437508
251.30871758050853
112.08518273410664
142.73034251536228
258.88979693817964
90.64011366648992
225.99881407187786
206.72460278979634
229.35003840678473
197.8802601296229
235.04490430216538
180.76487030545468
244.03821079100453
141.95518703647758
256.5963646713644
95.46774810355055
221.02463608938706
214.99908904062613
222.4067451098672
211.1437588223962
225.13142818270353
206.79684936780177
228.66079239786995
199.7540987891516
233.7240210807213
185.68272109508325
241.70552931068232
152.88850341130455
253.78802014340545
103.93783536028059
202.11437107119127
234.5757263019841
187.92908590802836
240.36982712736062
161.07325589144602
251.22004260518588
113.22536840679822
128.75165958770958
61.300214679096825
250.66047506733594
115.97881528035941
112.93597265037533
139.03862709434907
22.51290981623606
273.690330380603
60.26413075572782
241.0365047076266
156.01042777117982
252.83618036768166
107.23945833719335
183.37672130326973
245.53898402040068
140.02459798338532
257.01490344702324
94.70679633368127
221.6948889195628
214.27889893269457
222.90711009467486
210.55274118355737
225.5837737844122
206.06942662018264
229.20417828885547
198.53321842363948
234.50903574399126
183.03615689391881
242.9613741739886
147.11845424624335
255.31813680164487
99.21495190580026
215.1509269120288
222.86505349426443
213.07298853302927
222.7182545211399
211.69250788305362
224.13476338173496
209.1130332203611
226.54906411965203
204.59764001193253
230.22306095621025
196.23440496800322
235.90484271287278
178.0916971158731
245.13303936400916
137.3439019500729
257.62402327763994
92.69111937814887
224.14141791110887
209.67662901502626
227.21925797499716
202.35277495506307
232.15315307209676
190.13873454090208
239.50796837403323
162.49864217149297
250.94724409146147
113.48827483336936
129.65219866764528
261.794437721197
83.01219196085731
231.72556231240014
190.78738999523193
239.64606649242342
160.51687946665334
251.70229032797215
110.3941979047595
160.32513318442943
253.840430643133
107.5144213317908
165.95367908973276
253.83773369260598
101.44913600004656
213.9245503209604
222.4374481680643
215.86343892446894
218.6948091730228
217.97700406196236
216.90729162872594
219.37045042320824
215.56228042556904
220.59685804091714
214.1141365167059
222.01267061989347
212.1751896273854
223.88345621525514
209.2749169868548
226.49709795363015
204.56452345808793
230.284411441884
195.99084018558642
236.06856592158874
177.39869481582718
245.43152349888987
135.98088517361612
257.92153301158396
91.89695824311639
224.92311749697546
208.15225467133132
228.45900238161266
199.5618940855711
234.05596320494078
183.9436574437641
242.62423131785908
148.21965536743664
255.06736869508313
99.88072889953037
213.92634223468485
224.16657720959483
211.2385144643049
224.45451120341022
208.9687447236065
226.56936603334907
204.73487586287956
230.0732447594055
196.7255544179934
235.58298832652508
179.386899043413
244.56915656897763
139.92307944745698
257.043564314532
94.27854457136709
222.4219178698113
212.77460488918587
224.5048520138953
207.67310767422896
228.11400625354145
200.76076215722424
233.10473226808244
187.53619533490564
240.80687656802183
156.89740656962385
252.65143756428733
107.63144276170351
181.58041513898934
246.1857351308572
138.08174676234194
257.38758051952755
93.82821811345639
222.60780848001014
212.91225905148895
224.12966119976772
208.61022666598728
227.24042002086935
202.82703222431883
231.62219912349246
192.17537114972947
238.31861964575364
168.0840840182209
249.027849772654
120.84778316244774
85.1062962080614
238.57089181998163
167.9976550838619
249.88357284360973
116.05249858881871
114.54288517544046
264.00127966541913
78.62342256518605
233.85512362631562
184.71706402875134
242.43476614388055
148.8340646586439
254.93537645033211
100.21654995105928
213.29746739742404
224.7941490736266
210.33115961306612
225.2636240151187
207.61253903599572
227.6988720743975
202.4577077160502
231.7379492779728
192.2421429821843
238.216758588198
168.824916850921
248.73587376555952
122.12101030547637
80.40506200581149
240.92954948889383
155.57354099790973
253.71397415170213
103.11469743393536
207.23248950601555
229.85784144308127
202.3791894735623
231.29012457579665
195.3485151243076
236.12602435349254
178.57138422272692
244.78178971991292
139.6816278839833
257.05232492490904
94.36249504018633
222.24445751974417
213.17768885169062
224.07237345502654
208.49781015198096
227.4087746402074
202.34767216685577
231.9941106490296
191.00325179409992
238.97898705961416
165.14885238045827
250.04788679839112
116.90131908857438
104.54020520714403
217.44827062130207
224.6708284488559
211.1406904644682
224.8552831211855
208.21303852951678
227.2643448610761
203.27379911426397
231.17484292160952
193.76497716692393
237.3606801260321
172.36458824313013
247.4300004419929
127.42780994447821
67.22706996496709
245.4517340948223
132.55362513437285
51.60571035426983
248.7106299243169
124.16026516507554
77.75240757054416
242.32067021052353
143.93120107715367
14.899407575940131
253.91184422145307
105.72361772814475
183.02626423569745
247.15077556717733
124.2315012387262
75.41858732840046
