287.6427049931648
235.69469425638835
60.363371154478955
231.32213090346818
68.23211923619806
227.95606630894372
74.77831519571737
224.73449004285817
81.91407398356137
218.70862445956504
98.20521862392843
127.1408314772184
235.5981936296198
78.66553278631818
243.83042225618237
49.2222326130568
259.18588820362766
243.3350072219382
51.143278732853105
232.62933301328667
67.57885595932476
227.2101677705159
76.6038144367003
223.0919192725496
85.9632428503237
211.1745142110949
122.64111881405734
22.836465666444383
266.7218960080136
242.68656246260161
247.06449687215263
245.83196826206859
246.1090817199365
246.03915092589523
246.0565517714731
246.05273345112982
246.05277226930048
246.05188505104707
246.0532268483894
246.05260990387796
246.0535451640044
246.05309796037
246.05280778294946
246.0529147563666
246.0531567886719
246.05289030671702
246.05323378985122
246.05326982377665
246.05341380015125
246.05314832844488
246.05349493668837
246.05312505638176
246.05305962877173
246.0531429827679
246.0532990370375
246.05258863362906
246.05345953286087
246.0524740701585
246.05283358600718
246.05328111788913
246.05318222254573
246.05318222774804
246.05338716036567
246.05236148813492
246.05285056232606
246.053329513692
246.05322626007182
246.0526223249799
246.05262103881614
246.05333104216697
246.05330545000106
246.05342517495228
246.05272198937382
246.0533146335256
246.0530911022288
246.05331218656283
246.05333740086644
246.0531691907927
246.05272080143914
246.05278696346795
246.05347011537378
246.0532196168424
246.0531294847351
246.0531796935611
246.05335199441834
246.0532244380338
246.0526754702878
246.05299765679592
246.05328710258618
246.053529413668
246.05313484251383
246.05354266389259
246.05339696448573
246.0532733532782
246.05261957800394
246.0531828943458
246.05322656448698
246.0532422301767
246.05327828767622
246.0526882338454
246.05349492714595
246.0534157266011
246.05251916784619
246.0535900913601
246.0533563620993
246.05292356637074
246.05322886253998
246.05313426275097
246.0533872750093
246.0532341696089
246.05235369461298
246.05314267661015
246.05289172517223
246.05361981204624
246.05328261230898
246.05315468405752
246.0525728371067
246.05293062805868
246.05257549788803
246.0534264278831
246.05268589476327
246.053509627498
246.0532727372629
246.0534402681442
246.05313404789922
246.0527712639523
246.05329344394704
246.05301316239638
246.05342021552497
246.0535377387787
246.05268977040396
246.05281076743995
246.05345478894742
246.0531837656963
246.05349684394605
246.05304423759662
246.05325564047234
246.05267522205395
246.0528100474403
246.05366478546057
246.05306989448582
246.05324725204264
246.05325803253072
246.05332438926416
246.0530782092901
246.05326339041494
246.05320185423625
246.05327418578963
246.05293675902794
246.0532054125506
246.05325099324546
246.05277795200527
246.0527903124821
246.05284084757295
246.05275947088376
246.05338578319788
246.0527347850366
246.0533863165183
246.05229296782636
246.0529721396524
246.05327433635102
246.05299903229024
246.05351553080982
246.05323657759436
246.0528821322805
246.0532277653474
246.05315903484006
246.05270406933414
246.05349702395324
246.05323614410736
246.05257223625813
246.05280268313072
246.0533582637945
246.05292669982737
246.05331283434498
246.052594591034
246.05338823596685
246.05333547758346
246.05236583399528
246.0534919243073
246.0522236477118
246.0529325225507
246.0526440605754
246.05332239947165
246.05330708510883
246.05333287130634
246.05221151691512
246.05262315439177
246.05290383813553
246.05349541253236
246.05312621063786
246.05315040342975
246.05325011860987
246.05243726730987
246.0529757674958
246.05283166359004
246.05339260422625
246.05356903754
246.05334917436994
246.05309072614182
246.0534319034632
246.05317873117747
246.05340556876035
246.05315724477987
246.05271405277017
246.05321414986975
246.05331540523912
246.052787571316
246.0535192999523
246.05316809774376
246.05307825210912
246.05351618220448
246.0532967212057
246.0532954121154
246.0532663470367
246.0533391107747
246.05346904059115
246.0533203957748
246.05303557912703
246.05322368266934
246.05277535463392
246.05264073697617
246.0536432476365
246.05308859443176
246.05317964445567
246.05314276972786
246.05276391703228
246.05319292891363
246.05342822361854
246.0526765117247
246.0538624868641
246.05351254735433
246.05247642155155
246.05354988353793
246.0530358251126
246.05323058870272
246.05271972138144
246.05243011872517
246.05282773177896
246.0534032551368
246.05315262754448
246.05270900123287
246.05326620106644
246.05318797918153
246.05325312237255
246.05238873895723
246.0532144909812
246.05277903118986
246.05348147512996
246.0524474587728
246.05300236975017
246.05354869940493
246.05299030496099
246.05325818277197
246.05316810180375
246.05342799598293
246.05339661265316
246.05313991101866
246.05307395021373
246.05322009128577
246.05313141651277
246.05266208703688
246.05378526390996
246.0526516095415
246.0534695136157
246.05311448141583
