288.0176650582313
224.80169752508107
247.62737448663597
239.33054163457587
241.91237744952764
241.0464980456277
241.3214733592581
241.2337638047652
241.2616452978641
241.25295352039893
241.2553242486929
241.25463334686629
241.2537832471662
241.254873787032
241.2552145364043
241.25459951845642
241.25494847654954
241.25479880937291
241.25506377654892
241.2550608845595
241.2550074865785
241.2552758358488
241.2536144586902
241.25560819981547
241.25347874328327
241.2554177338625
241.25483168204846
241.25520671046797
241.25437945889644
241.254832430006
241.25548353111844
241.25498102749407
241.2541217780199
241.25467357914386
241.25415743596204
241.25564533224497
241.2556248683377
241.25426474084998
241.25500789589023
241.25497375160194
241.25487216305555
241.2553898179449
241.2545595803531
241.25454242964952
241.25494623496706
241.25442746428234
241.25464682082747
241.25485904573725
241.25468340054795
241.2550265450809
241.2550669493321
241.2551784165007
241.25535722875793
241.25438219172065
241.25507494786507
241.25487494891422
241.2545029989742
241.25487956475627
241.25383462762693
241.25518944985743
241.25381939253566
241.2554740344458
241.2550392244375
241.25485563638722
241.25513422358927
241.25432029268995
241.25598814929253
241.2541518443686
241.2549119274954
241.25442758200006
241.25510382765788
241.25502684549792
241.25458028897265
241.2547629192086
241.25373954053794
241.25380549382317
241.25596429301004
241.25426201282244
241.25421837479735
241.25326423249862
241.25517779916117
241.25459642702117
241.25558016511786
241.25477527143084
241.25474642473637
241.25481837298867
241.25372837735995
241.2554389540128
241.25506702641724
241.25342670143436
241.25498341601633
241.2548375125698
241.25533891485975
241.25405270692136
241.25465948336205
241.25487564536888
241.25489237588044
241.25459354101622
241.25498472914478
241.25473736125423
241.25515650009038
241.25352615503652
241.25534212670755
241.25451975786564
241.25465386851283
241.2547286709232
241.25457014029234
241.2555067537469
241.2550718324419
241.2545204797425
241.25511174674466
241.25505986678763
241.25456156182918
241.25422176966822
241.25510133835633
241.25507832381118
241.25486972015642
241.25494936935138
241.25429330298357
241.25514657221356
241.25441136819427
241.25541539092956
241.2551364033061
241.25418664155586
241.2545733866791
241.25466770730418
241.2551084108636
241.2546071890756
241.2549780676709
241.2543938890085
241.25522703422757
241.2544752647227
241.25500081483187
241.25475634116447
241.254954631906
241.255054679772
241.25478920472233
241.25497944792005
241.25403654255933
241.25475295270007
241.25502985108324
241.25536082817416
241.25450805125
241.2545348281492
241.2546804916201
241.25446425578411
241.2552567381572
241.25507796962484
241.25458386215905
241.25489311693673
241.2548487810418
241.25442264650337
241.2542688998583
241.25545334428898
241.255025510618
241.25436488813284
241.25426415901893
241.2549254647456
241.25482162996195
241.25457201499376
241.25528539162042
241.254453527843
241.2551368426066
241.25530622329825
241.25481491018581
241.25519601530686
241.25468411678594
241.25522515127523
241.254382875406
241.25413698254852
241.25514941685833
241.25487356600206
241.25500898634346
241.25480647617223
241.2551139346615
241.2536148636791
241.25603038848203
241.2540099822072
241.25455125015287
241.2544004709198
241.25444813353533
241.25500241902773
241.253785171255
241.254758884912
241.25426664396946
241.25549026424414
241.25488836875593
241.25458490008896
241.25471247141832
241.25524284606217
241.25508392344636
241.25477278260223
241.25500810652738
241.25386873561365
241.25563765071274
241.2545096771937
241.2546724697313
241.25400897831423
241.2555716275965
241.254059929488
241.25558403412288
241.25459824755671
241.25515043042833
241.25511052682123
241.25399798568105
241.25491246330785
241.25341272520018
241.255703783434
241.253771208314
241.25464517190994
241.25529844158154
241.2540234575863
241.25488119234797
241.25494998306385
241.25466454777052
241.25427062755625
241.25489773531444
241.25497448371607
241.25406173277588
241.25560198169842
241.2550133469049
241.25520559045253
241.2545038786484
241.2551206851058
241.2543371033098
241.25472534772416
241.2544008695986
241.25441791882622
241.2551630843518
241.25502505438635
241.2550099617074
241.2551246760995
241.25431635866698
241.2546875343687
241.2543474497361
241.25548372835328
241.25490360011463
241.2541977053188
241.25553769507678
241.2548675773578
241.25406883534743
241.25589986270643
241.25431964793825
241.25505244550004
241.25495944052818
241.25442223189748
241.25513637403492
241.25411995817558
241.25532639454468
241.25483727407118
241.25469739502296
241.2553741500742
241.25450132836704
241.25517570448574
241.2549565340887
241.25407534846454
241.25519916215853
241.25411257146334
241.25517463996948
241.25486296885356
241.25499386625597
241.25455563006108
241.25460789742647
241.25462971715024
241.25461964342685
241.25380644689722
241.2547609017347
