287.4615849860951
81.59371099997924
257.74869038995735
151.87532524593462
235.29442258241124
210.934720700262
61.247702344245454
46.544880522402536
99.95538884662642
242.0582340702631
196.06445071952157
129.03456346860412
214.96569112638463
231.09011332112595
263.9183227548074
129.60528638833694
81.45952060081436
243.775593131827
195.51722890416295
113.68928184694323
250.7847910129749
182.5994671556473
178.27128917100526
210.81563781052137
234.49828520238225
215.65436083492023
230.21537641242685
218.36315754868974
228.50145365834214
219.7848616276642
227.49835210927085
220.7122255965951
226.7822186625417
221.39541071296844
226.22835582988773
221.9245192788385
225.78795479863948
222.3415052266846
225.43490778194428
222.67328892893784
225.15046284028358
222.93757868625653
224.92204196323473
223.14832489688342
224.7385139350299
223.31664738568543
224.59129892732926
223.4512169647278
224.4726241756398
223.55931556748328
224.37735807648278
223.64528114555287
224.3011774708466
223.71429465802248
224.2403662331326
223.76925752289753
224.19149928106344
223.81309587922442
224.1525868952449
223.84844536377568
224.12064888605164
223.87705753510818
224.09514499197758
223.9002586131828
224.07421610070014
223.91857584458558
224.05822311086013
223.93304343843556
224.04526128248472
223.9447358159632
224.03477988347004
223.95407479517598
224.02635754954827
223.96174269364928
224.01939401070558
223.9677987344694
224.01394399705896
223.97283497737953
224.00966194420107
223.97663594434198
224.0061476778501
223.98000217865774
224.00329627210886
223.98237609208445
224.00089551866404
223.98482846099796
223.99876766790476
223.9862954855671
223.99745564542172
223.98761260355604
223.99610214338827
223.98909171511332
223.99504252795668
223.98989607458498
223.9943027906338
223.99022315668117
223.99444202083396
223.99032177157642
223.99391852811823
223.99072358465128
223.99353555564448
223.99100155294218
223.99352701948374
223.9913271414698
223.99300525584476
223.99149407485675
223.99302692767378
223.99159626848996
223.99259829465154
223.99246359386598
223.99195027074893
223.99229897726036
223.99219310404442
223.9921654833306
223.9925754581418
223.991843271986
223.99247312760417
223.99192570811283
223.99324189339677
223.99103538650525
223.9933306519597
223.9914506321511
223.99293100106297
223.99161160895164
223.9926161630574
223.99200340094103
223.99238332513778
223.9921251992855
223.99236347561964
223.99210301580752
223.99249623172363
223.99209685352253
223.99226594673382
223.99226214873488
223.99214353278512
223.99228914004198
223.992313763134
223.9920132139814
223.99251394005114
223.9919097571037
223.99249286564736
223.99276209000527
223.99178562907764
223.9927206453358
223.99184136853
223.9926808193777
223.99145667648554
223.9930953530711
223.991508302468
223.99270419222012
223.9918930124186
223.9925544585567
223.99198810152302
223.99228362354916
223.99200188568648
223.99239753978327
223.992165343363
223.99235707485786
223.9920772327314
223.99252544260526
223.99230058801186
223.99208625851315
223.99233110938803
223.9921151874296
223.99256101871288
223.99209134806006
223.99225933669368
223.99191181951755
223.99251429942524
223.9917379720937
223.99290191383625
223.9918049492917
223.99272462188674
223.991870860169
223.99259560935752
223.99183462507062
223.99268053600827
223.99184380919178
223.99244280213316
223.99179677102802
223.99289129131648
223.99156118677638
223.9929465713867
223.99187544705637
223.99222558439214
223.99268772211508
223.99173902002076
223.9926442097203
223.99198469056137
223.99266705851915
223.99169983930915
223.992770944933
223.99181896025402
223.9929142099063
223.99168587327586
223.99252900973806
223.99198975487525
223.9924087808613
223.992170397054
223.99270019016694
223.9917587553282
223.99284967279527
223.9916836842749
223.9927340577051
223.99156025413686
223.99311705223954
223.99130602045625
223.99295676617476
223.9913356424222
223.9933202035827
223.99130953066924
223.9930615789126
223.99145852334914
223.99282157054404
223.99191656579205
223.99228059536836
223.99292674972094
223.99154472524242
223.99283440815634
223.99178193087573
223.99261419159302
223.9917348162562
223.99272250886133
223.99251265914063
223.99204189279408
223.9925304511271
223.9919607109332
223.99238552524184
223.99207791200024
223.9922304993088
223.99218817826477
223.9920841010753
223.99218461984128
223.99213767451874
223.992801574248
223.99162193137454
223.9926892927906
223.99190634184924
223.99253522705112
223.99189778146683
223.992757232234
223.99158678045205
223.99270601943135
223.99237864013412
223.99194536893629
223.9928597970138
223.99218821738032
223.99230617066496
223.99204819989973
223.992434912725
223.99193924064457
223.9926018179831
223.99188968022645
223.99264770321315
223.99191464975593
223.9925026907149
223.99195690876513
223.99229916508193
223.99205971830816
223.99256613680336
223.99179134712904
223.99234067708312
223.9923584239732
223.9921832558175
223.99255346760037
223.99192015777226
223.99257162914728
223.99203146944637
223.99229273693345
223.9922610779613
223.99231695037452
223.9922376110626
223.99211489004665
223.99229799238674
223.99196720439068
223.99275854074222
223.991876663742
223.99246511948877
223.99204857376753
223.99288455415808
223.9916662760952
223.992633273534
223.9916501275875
223.99253768319613
223.99195499969937
223.99235486719408
223.99180429281841
223.9927146941045
223.9915764096222
223.9928982309939
223.9916400997172
223.99278614470677
223.9919407418929
223.99247728072805
223.99181050475454
223.99239591164223
223.99197063541214
223.99244715481473
223.99200760104577
223.99218925759487
223.99311592191225
223.99126997223357
223.9928993958165
223.99159239103028
223.99282518793189
223.99161356277182
223.9933915917063
223.99118467967492
223.99333949045104
223.99123254326696
223.99276003347768
223.99164399324218
223.99268726439914
223.99224164850602
223.99224865227006
223.99193965928862
223.99296855744615
223.99172862191335
223.99246340645186
223.99189212096098
223.9925893576583
