287.4010911697185
209.766584047099
219.8650139147843
192.32062873077496
58.89189405314096
241.349325339909
103.21163331060552
185.93712352969646
234.10861804137312
169.0232645941337
241.14891196714825
121.49090194950213
236.40631436473768
148.14356933490535
249.27987095872322
87.7782539620207
208.54443141242882
7.034354491403974
261.7905438280641
59.06866097260627
237.88839095256026
113.84592303784484
96.44883132218638
245.59861144069873
119.17838947638211
254.40447187610425
77.08578623949325
200.91031979163836
235.41034373407638
114.61687603884548
97.3840450308453
262.31154680789314
58.574722797595314
238.2119886726805
114.57839733499713
91.49707255943395
251.4932007405896
83.7868844274144
251.61264035146087
78.10142021196953
230.24895737758197
144.98405971616558
252.87904084193542
74.83550536300027
232.601826459344
131.07830690941046
27.858286251057507
262.6277785759903
57.66584411315671
238.6097335920258
111.08948691632759
117.95437523261899
258.24617421050243
67.28723156527667
233.86217400108944
141.6981510039932
228.77323872336456
166.9319814532446
166.3319401709614
204.66842299154268
212.23944147309885
5.899235602655608
261.3035204135631
59.91938048046177
45.90665416974298
48.34924090129243
253.16213594093642
74.31719224835433
232.963042124793
130.55049885273002
30.14595770013875
262.6268414414699
57.78600595208263
238.57741353263555
110.9680445928243
119.26061651631244
257.84724997129524
68.35091082190775
232.89195719540658
150.31702147004034
207.66550089585144
11.633770446140261
260.87146491622116
60.03842815216194
237.75657840926942
114.49257946273428
94.11079493370926
236.385050668232
246.09454964358883
87.2758390782401
222.12141588887607
194.07506954978817
231.5120651708312
150.45164265628046
222.5865500668806
185.77977807652132
77.7498175404653
223.01082701910855
261.22706531280346
60.971532438717986
8.079225667846913
189.01349220971315
258.8829135437045
62.10012131121766
237.44460341034574
113.62530406921724
101.6498201140821
261.05100527709146
61.25300621416318
236.90992055756578
122.36733022398403
61.37277962749431
245.4076638225015
91.33017494947126
221.74129100466598
174.49194361137415
160.1779883649906
247.22275138811528
95.84252868746626
169.02880000625737
261.64189410445397
57.97962346587519
238.53417733429887
111.32646567743723
115.33597265180288
259.03683565945903
65.25957960333108
235.30166502382053
130.34486832955736
237.74492246674708
114.19385781697929
98.86072091173992
261.6446567501407
60.03244262380031
237.45684255020024
119.3047941590994
69.56839527803822
241.84718566753872
104.8679382411865
167.90543304275707
246.07943970259657
99.44817705093737
248.31693137687398
85.34746849689691
225.6005661392628
166.00393425371294
201.31504445765313
211.79178655884607
10.129263784088835
260.28213572342065
61.08011595522839
237.3211985542148
116.56766444085952
82.72304993741272
253.1060621594006
79.64411375758209
252.43540434377064
76.2926227932112
231.24695837451873
140.10723110786785
2.811088166941772
252.97830904360308
74.85606969433866
232.5047049281784
132.31311874275707
23.9961510195717
229.74876518374367
202.3894418664422
187.32213881320058
259.1702825009779
62.631963281848584
237.10050651999336
114.94930690883484
93.16209728705144
228.23077969109
215.32070698936877
169.98236778742285
261.06691917204444
59.37964831806312
238.12460161755007
112.22504416145966
109.9216218237998
259.81569357462286
63.739590065517405
235.88081814231555
127.71900487547828
239.01112138147437
109.8199698181852
130.669257663365
254.93036121228943
76.49270622476615
202.5289438204054
234.89694281013362
113.25598422899202
111.70854664556828
257.02179145623086
73.32508946728922
253.33446403985
75.0684786205311
231.4635125485147
142.22829687273043
192.53315339196706
241.1026221460852
97.37953912984085
213.22022765756265
196.19495358271524
55.44817611337203
264.9178200243914
53.84518191409734
239.5465229219917
109.9586181574341
121.78120712810778
216.71623748430284
227.659527435193
143.01934430428082
9.28127964414307
252.96950535809447
74.78073990408302
232.70641218021046
130.38192515043193
30.301209230579843
262.1031063181799
58.39302539265191
238.31229015434656
112.85853098287043
103.86788895012432
224.93720436815784
219.9504607920171
162.06683243576117
261.43387961392
58.8217791148636
238.00623415409063
114.75079828567686
90.5445771896193
251.8942640664245
82.20914292590169
191.76693421376694
258.36483749103354
64.39907977069379
194.80513993990462
258.0126008085863
64.08713763819105
26.249461307677848
137.7504562169779
24.774907132836233
270.3269329606046
45.73131914096302
241.93627919410937
101.34725123125827
194.8138861280604
228.66063069408847
189.09650696957397
230.31505927416583
176.06285449785355
239.2557513840511
123.55497603858385
238.8509622814163
118.9673884116346
242.40844272023242
100.09671651409735
201.29413140576798
222.1120538351097
192.12291550568625
57.37868056656589
241.87127923931985
102.56945742436801
186.60455675018602
235.83359938071226
151.29442828747415
177.99104195796826
260.95884167544136
59.733844077956746
238.08274369592255
111.54437170182064
115.6887890048747
258.36845015373547
67.28748061222723
233.3715027352955
147.67479290074698
215.40485796608846
248.70872352724837
82.81933129423123
228.3217247191642
152.5232070962229
251.5424759451853
77.57552263388061
230.83441630394373
141.92251556071278
252.999245443978
74.73676720604999
232.61277858629182
131.43522531383496
26.675843648670707
262.87602264144516
57.4009462788963
238.68589031448937
110.60720488517836
122.06716422991303
257.23377678735415
69.86374894890469
231.4695632759831
162.41983677636017
245.99866648809984
94.4301017773978
207.83985426255094
224.05150545859942
176.4837896740355
131.09958544185793
254.79610586128547
74.77548678910534
229.24348616509815
171.67808409595455
242.74650924022717
104.0493100862368
153.24362122522143
227.99817739582795
157.69802684946626
251.22242993599502
77.73974089586409
231.31463274413545
136.2928335669567
15.127042794338195
249.2098912014917
90.77294353749312
244.97880170191638
112.44135375983024
256.8231345921231
69.34765723069722
233.2972161869693
140.44719591994362
231.42079299787292
142.80352191143902
189.52499251108384
259.2037463017332
62.50493976811413
17.188131594346487
180.56076672936615
260.6915055702266
59.3242650822649
238.2274909857515
111.74103286550962
113.32082445897686
259.1206507612951
65.30696221766993
235.02295783974114
133.46005770325428
235.55054551798094
125.02694850062835
54.01760834350716
243.2198187541071
112.29106971580768
228.81131605016708
246.93243964195426
85.07157455313427
227.0895637373469
154.90254111141257
250.63113052165136
79.85038260873989
228.732042093965
157.5031627122662
216.54428957904747
193.2859960631904
60.72372587380232
245.2457583812211
241.10006522311596
97.7244903271785
211.3175592940097
197.14349534465873
53.64850183890667
264.79722257611866
54.078659154241905
239.40083340651472
111.04823666952143
111.47441212649574
243.59149487809918
121.38326855826017
255.17423475321266
73.44139133342833
230.2426942277525
163.90505168781965
158.649364880941
261.7121087819105
58.374633473868016
237.13238795861253
124.8002780990646
239.32654709834605
112.09407261504384
104.87955064976995
247.99490159450215
95.19508854215383
248.0447559250897
88.9060098472255
215.75239285972202
214.57738581148442
200.81289956932596
42.31881981881452
243.95233801816357
95.99817779002478
212.24395929905586
207.8074261182337
11.375425187739893
248.67951460192853
84.11965012208384
226.9454754034814
158.1032303832617
196.69355351870763
51.119552336094785
245.80115116953675
240.99204586110136
97.52662300915108
211.30992675642483
199.8381049373711
45.14142741645628
239.89321687904885
173.99530267057708
214.29619967233157
229.79573484681896
128.45908674347447
36.108846296876436
267.9813189245615
48.88903784654394
241.01449239253998
