288.20256022001547
258.90599788894895
261.50042863664953
261.1092149847916
261.1576452113263
261.1512693076652
261.15232147689176
261.15200153758406
261.1522536106745
261.15208843756136
261.15197142418947
261.15151328675165
261.1523551075279
261.15226218676617
261.15192262008713
261.15251101530885
261.15203149825265
261.152537422513
261.15200013415415
261.1523689955775
261.1513059818117
261.15197054875534
261.15267784430216
261.15211013079534
261.15227968438194
261.1524329537624
261.151735481928
261.1527958789302
261.1520399457422
261.1525450718873
261.1519703830618
261.15182098707373
261.15242503012996
261.15238145819785
261.1520264667779
261.15253827313063
261.1516709809366
261.15236018925134
261.15207140079656
261.15067032214574
261.1524646446305
261.15127905488407
261.1520305355625
261.1521238886198
261.15231969429806
261.15145551052046
261.15305063174674
261.15212732686996
261.1515939556739
261.15206848720845
261.15224087695606
261.1507878791199
261.1523697736229
261.1521436185285
261.1526721129849
261.1516127705909
261.15197964504114
261.1522167061448
261.15227120928466
261.15182526487115
261.1516644090116
261.15197660358535
261.15201255013017
261.15251048786376
261.1521318170635
261.1516111752826
261.15198932090425
261.1516939981011
261.1527451965594
261.1522491002397
261.15205700383376
261.1517433627305
261.15235913985816
261.1524298157019
261.15147960693866
261.1525651055781
261.1518046876081
261.15218148483837
261.1521510624225
261.15185422198556
261.15180733049783
261.1527486165651
261.1518295611968
261.15212099513155
261.1521798117683
261.15262112893106
261.1515784624644
261.1522227469686
261.1524867792032
261.15226033090585
261.1519873734578
261.15218599818036
261.1524977446388
261.15275216482405
261.1514211572212
261.1523551650971
261.1519511091974
261.1524148992976
261.1524179106418
261.15119358283846
261.1522764026886
261.15057159683784
261.15264362218295
261.15182961380197
261.1520718690008
261.15172140539653
261.151870648966
261.1527588172903
261.15075064470875
261.1529053600243
261.15336976414255
261.15229880997504
261.15205300024536
261.1524166040326
261.1521387481771
261.15158115002123
261.1521741058823
261.1520628748549
261.1521185368256
261.1516489922142
261.1519338327489
261.1524509905503
261.15107318949595
261.15195185068296
261.1525854534484
261.1520910409163
261.1516405155926
261.15277637856343
261.15261199505767
261.1517903993008
261.1521720385135
261.1521975858632
261.15217532192037
261.15201121351856
261.1517653734845
261.15237476116454
261.15239636873594
261.15258967285627
261.1522829986934
261.1520288680622
261.15151534820325
261.1528572322859
261.1517560028733
261.15242703486
261.15163626945287
261.15194442153734
261.15229920907586
261.15230737924867
261.1516916416149
261.1516579769668
261.1515639056597
261.15267105911335
261.1514638694498
261.1525085034664
261.15230079628236
261.1527233855595
261.1512169961352
261.15278362840763
261.15068382756726
261.15179145889124
261.1514683972928
261.1524508171424
261.1516975396371
261.1521329522657
261.1515516744257
261.15165655940655
261.15230302349664
261.15218935813755
261.15219311855617
261.1516822003032
261.1526723913994
261.1526024249906
261.1522316593182
261.15282941865735
261.1523767889157
261.15152644040063
261.15108379002777
261.15295717270055
261.1521485303674
261.15182403962535
261.15295208548196
261.1516002617718
261.1529075316648
261.1520212975447
261.1521948959853
261.1508148774883
261.15290503774304
261.1517672327609
261.15250217344146
261.15224483949714
261.15234448322735
261.15244919723773
261.15268284578633
261.1524712067039
261.15233840359724
261.1526848668582
261.1525844840071
261.15156358545937
261.15268192057556
261.15234220202547
261.15183572802925
261.1519052635558
261.15183611866087
261.15156357082014
261.15231653040973
261.1524536951474
261.1516523577011
