288.31957564117386
240.3795370413087
251.28335931882782
248.12287333283325
248.88236483852302
248.6788863009815
248.73249037606502
248.71890024439563
248.72204404514468
248.72158946026957
248.7199200892519
248.72151219523676
248.72124744156645
248.72117227799026
248.72121066389718
248.72083884153017
248.7210714438088
248.72126627391935
248.72134111998184
248.7212650108595
248.72162166072303
248.72034870955395
248.7217235534008
248.72111159321867
248.72157731457446
248.72125908472117
248.7207961612985
248.72068928092267
248.72162963451228
248.72154933310958
248.721974373002
248.72144876204948
248.72007697449772
248.72220454979652
248.72126849052074
248.72210379266835
248.7206798998668
248.72147429604047
248.72110875516591
248.72168201705063
248.72128596186667
248.7216294774953
248.7209005818695
248.7216313716599
248.7213125662529
248.721253395026
248.720976083634
248.72147903006044
248.7214515610831
248.7210414582769
248.72154700810643
248.72092764860645
248.72173671513883
248.72157746076118
248.72095445451123
248.72144523412862
248.72164233114745
248.72094167173782
248.72097721683895
248.72162885376383
248.72081751154474
248.7218308094234
248.721651337386
248.7208772995764
248.721601739162
248.7215131439516
248.72122129521813
248.7218089039925
248.72161380377293
248.72116676417136
248.72121443629658
248.72143318214876
248.72145447280855
248.7214236707623
248.7213986058814
248.7218977929624
248.72090545518586
248.72113840221573
248.72168224140842
248.72099314487787
248.7213478725207
248.7214420299715
248.72132736411004
248.7216579227461
248.72170559704682
248.72157039291778
248.7214405568011
248.72040987791115
248.72144961766753
248.72098680254567
248.72153977958078
248.72098337274656
248.72136022002815
248.72128301201883
248.72100560268154
248.72166086220386
248.72176426166698
248.72158040769136
248.7217494809811
248.72003297448828
248.7212740690593
248.72143098335073
248.72158131053584
248.7208458114619
248.72161779859744
248.72152614704828
248.72106984463608
248.72131082697888
248.7203153176306
248.72185208305746
248.7213403153437
248.72065086718794
248.72185593667382
248.7210301925661
248.72077103488846
248.72202606396604
248.72117278714722
248.72183953846252
248.72067528235493
248.72185940183408
248.7209276918511
248.7211925816955
248.72042791098647
248.72208452486666
248.7211723446453
248.72148061137705
248.72172778357344
248.72145185598492
248.7215093733903
248.72183537934325
248.721154058112
248.7212762262934
248.72181075486878
248.7210756429995
248.72130381963507
248.7213445838861
248.72127970930887
248.7217342325457
248.72122328337718
248.7212239128421
248.720899066735
248.72185287480534
248.72143937930377
248.72171947955212
248.7212454418186
248.72170378152805
248.7208861876352
248.7214960489655
248.72038117820193
248.72214342263032
248.72145481691405
248.72153316515323
248.72158514262264
248.72109323126642
248.72107463169232
248.72079935774673
248.72169561685587
248.72092506198533
248.72190195915027
248.72126189606206
248.72138634097792
248.72066876304598
248.72184412949719
248.7215496426361
248.72120034488034
248.7218000433495
248.720871292433
248.72157718207745
248.7213670797064
248.72156868458842
248.7211417677172
248.72139891723054
248.72111365640012
248.72107404854614
248.72118284596945
248.72200280299876
248.7210552310862
248.72148338810075
248.72168644388148
248.72129917009443
248.7214289909607
248.72142349553178
248.72143262432655
248.721457609543
248.72162945631135
248.72034504558542
248.72208903098362
248.72144518168352
248.7213644782023
248.7216935162287
248.721354950947
248.72119975075475
248.72154307783057
248.7210497821361
248.721476068662
248.72014274676621
248.72179033828434
248.72146251836966
248.72185772833473
248.7213111919118
248.72086138972372
248.72122691056575
248.72146768611856
248.7215126993542
248.72110190460808
248.72180244322226
248.72159063623985
248.72170041564095
248.72164238255937
248.72087575095065
248.72134351513523
248.72077824182634
248.72161204642907
248.72149149877077
248.72168634211994
248.7212788106408
248.7213723975001
248.72162790290895
248.72154714239878
248.7206867255445
248.72199931724754
248.7213387025986
248.72163448276115
248.72130512881267
248.72172617321485
248.72086848049366
248.72172453827807
248.72060873218288
248.72173809092783
248.7213913414016
248.72125513174979
248.72152971355536
248.72093528589176
248.72093506676902
248.72186102157866
248.7206928148953
248.72187528046197
248.7217277361342
248.72046323317045
248.7201992048067
248.7216215833323
248.72139115279424
248.72134498495143
248.72063760533638
248.7216969555011
248.72097067095456
