288.3423275325393
247.94751994074136
254.55388442826768
253.0013945936871
253.29850087278896
253.23482006534687
253.24746272127322
253.24531723069094
253.24491726743054
253.24607346307675
253.24581626890267
253.245112271602
253.2442176603081
253.24606323541138
253.24572631455703
253.24507489796542
253.24556458524967
253.24604633088165
253.24556504554494
253.24543666815407
253.24571377755456
253.24540616544436
253.24581279310223
253.24558079031522
253.24393700364635
253.2462778131012
253.2446270694254
253.24538503693475
253.24545886889064
253.24481451336942
253.24588839102944
253.24585071422007
253.24553292132077
253.24498504118856
253.24534517422762
253.2450141455538
253.24547830180563
253.2446174511333
253.24539670393642
253.24544713577052
253.24583281245214
253.24583817637176
253.2456855793571
253.24555444239013
253.2451375080309
253.24619257286395
253.24595578240405
253.2452653912187
253.2446142333829
253.2452845926855
253.2457493087386
253.24522048936342
253.24563569729798
253.24617638025666
253.2456473014754
253.24529022974457
253.24563703574313
253.2451221480187
253.2455071268996
253.24520584972197
253.2458260822168
253.24578076151738
253.24523466251412
253.24530959978802
253.24496156101668
253.24467178772102
253.24544110809438
253.24521256209482
253.2457208097985
253.24560603622376
253.24461242928737
253.24613909394247
253.24530443028561
253.24543011739297
253.24563490890796
253.24570730354753
253.24593393511896
253.24485807534802
253.24630588823493
253.24588717503502
253.2450455957005
253.2459985288806
253.24547960640484
253.24517572727927
253.24548058387154
253.24594236785197
253.2451664875116
253.24575123108662
253.24551516657084
253.24543137307046
253.24503754577745
253.2459124694069
253.24454517081904
253.24541738288826
253.24558644943318
253.24531631887658
253.24574521938484
253.24487649476941
253.2455836388326
253.2460177694229
253.2452822732448
253.2453075659214
253.24503073067171
253.2460861090658
253.2447823708644
253.24483021660853
253.2461493695737
253.24523485218378
253.24496829442796
253.24599864007905
253.2454502681503
253.2454472059253
253.2452257290497
253.24547391798842
253.24597368696413
253.24491663002118
253.24547225180868
253.24564113791712
253.24556690947793
253.245904843694
253.24434129033034
253.2458673857618
253.24584845879144
253.24500020605046
253.2463223251616
253.24462481856608
253.24492236255173
253.2452871580026
253.2451193082161
253.24527418737853
253.24570813693572
253.24504520268238
253.24617487106298
253.24497546532075
253.24559373548254
253.2459350732388
253.2455589001329
253.24588570084597
253.2454131738923
253.2457459802099
253.2454879728175
253.24556604494137
253.2456921619596
253.24542584897426
253.24479281374806
253.24529212177004
253.24521164932958
253.2453444048515
253.2455686077301
253.24550017262663
253.24593472380366
253.24529781260935
253.24468077102938
253.24499985214788
253.24586803623242
253.24591576129023
253.24549006286543
253.24537325275014
253.2443819561886
253.24621510082216
253.24580211668217
253.24571967188967
253.24566401292395
253.24567147243943
253.24587956549658
253.2457778804528
253.24576007849828
253.24595905475144
253.24478594864195
253.2458597674413
253.24576114870433
253.24559589251294
253.24570635599957
253.24518178806466
253.24552502347797
253.24475598645222
253.24548268865328
253.24539049009036
253.24512887916353
253.24575963936513
253.2454646012775
253.24469684294309
253.2463402289577
253.2453551820945
253.2456942536519
253.24523418754688
253.24594144168077
253.24530545182643
253.24539658043068
253.2447578068968
253.2453197221039
253.2459945626033
253.24570763180964
253.24537115631392
253.24529067978438
253.2452489210409
253.24579763729707
253.24532587191788
253.24563144946296
253.24583426280878
253.24551640618301
253.24555632100964
253.24571138207102
253.24534989651875
253.24564733532316
253.24464248251752
253.24523375142599
253.24488826243032
253.24578414366988
253.24553098148317
253.24508160242112
253.24555311718723
253.244380235672
253.24602084688377
253.24591298864107
253.24559261559625
253.2456128513004
253.24571204101085
253.2454958520102
253.24609284121834
253.24570815847255
253.24582248483784
253.24571539301542
253.24513549525
253.2459174178366
253.2454926179489
253.24511593961506
253.24535015091533
253.24605200429505
253.2452675497334
253.24518921642448
253.24452067664242
