287.9643028287967
63.125450929154
269.68320119057944
104.29847687088386
264.2194336227533
128.17183253366375
259.82082209697296
149.61502593120804
255.08273216234056
169.82157480373962
249.5261154358568
187.34129858915549
243.30517846158546
200.42960581488842
237.35883307561744
209.05541658568927
232.6017604892595
214.4155510943774
229.2327273767578
217.69724989280712
226.98818446967562
219.71070494212108
225.53416981801274
220.9550846987986
224.60378681556085
221.72487839525093
224.01572319329898
222.20535406501403
223.6440817418952
222.506939097324
223.40963633468164
222.6950215226716
223.2619236795199
222.81268050186736
223.16871715070192
222.88658671555459
223.11025688857626
222.93376355687178
223.07333584590197
222.96289969809004
223.04951985734078
222.98112826861325
223.03523913406934
222.9930239712503
223.02659450969804
222.99855968154952
223.0219954872682
223.00281763076237
223.0185994312833
223.00567229845365
223.0163801479339
223.00791573113565
223.0143526459833
223.0084431345931
223.01430649149552
223.0092503964952
223.01544062564426
223.00935972441948
223.01353717449456
223.01031774020157
223.0129363322303
223.0103816927367
223.01271360367537
223.01119806900897
223.01224479815573
223.0115623347083
223.0109964116964
223.01252269950783
223.0106919068894
223.0114837107758
223.011477227843
223.0115137542416
223.01175329721445
223.01183244756248
223.01141783866478
223.011571363626
223.011998946924
223.0102608071611
223.01329420222464
223.00886440186514
223.01322704662016
223.00953473978007
223.0134149074729
223.0097409413538
223.01268459639687
223.0095377287762
223.0133436794422
223.01006662132568
223.01286993874965
223.00925729377923
223.0130109881029
223.01032383364145
223.01269884167414
223.01030258091123
223.0121477978646
223.01122763843887
223.01184061608
223.0113425057134
223.01145373922918
223.01148559789362
223.01232903192067
223.0101289466984
223.01290879338922
223.00988443790993
223.01256316253784
223.01096273282747
223.01231731110602
223.0107390872945
223.0123862568871
223.01124588179664
223.01197027584567
223.01101583829586
223.0119862394131
223.01127986034408
223.01226147726993
223.00991940405947
223.01226716244855
223.0112876689891
223.0120071043857
223.01160153840465
223.01082971476717
223.0124133194331
223.01075354518252
223.0123557821862
223.01033848692168
223.0122089685392
223.00983749150328
223.0122774459378
223.010365085378
223.01233454846079
223.01056548076303
223.01147279281577
223.01135891832382
223.01144963572006
223.01123973785434
223.01187937794748
223.01102641392208
223.01305947262153
223.01084638759494
223.0118430965158
223.0098838230915
223.01314131061372
223.00953979008045
223.0135633487953
223.0089467143698
223.01334113723715
223.00979143330915
223.0127198527989
223.010294267071
223.01217995557818
223.0098987867168
223.01306444773218
223.01025875798223
223.01234322413075
223.00989313139144
223.01310947028105
223.01010667574155
223.01142391619942
223.01197259112814
223.01153647354658
223.01160201035964
223.0113132527622
223.01142395295028
223.01098227852344
223.01196011935826
223.01149832832016
223.01214915700984
223.0101630036006
223.01284184841643
223.01070731429354
223.01237416943331
223.01099711268762
223.0122323141186
223.01058073557942
223.01283044593583
223.01097366672911
223.01247386968316
223.01116764486505
223.01242529332376
223.01147698902787
223.01159051199647
223.01162129417207
223.0114878822278
223.0110976152646
223.01235515311419
223.0109889387968
223.0120311108767
223.0115876787022
223.01180851785466
223.01055648736656
223.01263315225515
223.01080022280803
223.01193981704273
223.0116232507571
223.01178231051745
223.01118707394198
223.01209619473957
223.01133350263262
223.01166166931216
223.01174354059913
223.01119222200214
223.01196309571242
223.01133934505197
223.01167379986873
223.0114412726689
223.01212354582822
223.01143697096268
223.01212840446533
223.01036102494982
223.01277821914118
223.01093407523877
223.01215450251766
223.0107748882001
223.012570552557
223.01067268029146
223.0127377880126
223.01046258426504
223.01251798165322
223.01067687262548
223.0121407351544
223.01092214298842
223.01184648435446
223.01145012571942
223.0119042943261
223.01156701961008
223.01141450436262
223.01137448738154
223.01115534827113
223.01123072959308
223.0115113602369
223.01170729729347
223.01131809246726
223.0115240549785
223.01133727442357
223.01136651393608
223.0118912920443
223.0116602258786
223.01172071108886
223.01111749459233
223.01163521650597
223.01139154992416
223.01165256733657
223.01139112375677
223.01237420168763
223.01120793097652
223.0124743815977
223.01021036358725
223.01280910719652
223.0106951304624
223.01225874865486
223.0112624122703
223.01143829300418
223.01071020381642
223.0122197726305
223.01045215353952
223.01260880197515
223.00897573836846
223.01316562766442
223.01031756539305
223.01277894017403
223.01044924418966
223.01246388003347
223.01098562806146
223.01189047232037
223.0107172109565
223.0113755903585
223.01136438245885
223.01187219980056
223.01142759666254
223.01154408573348
223.01169815202593
223.0115481542598
223.01133909387863
223.01163636468118
223.01167607361276
223.01095715389238
223.01190943585243
223.01120290839754
223.01082504019723
223.0117145972763
223.01183537309407
223.01163173356326
223.01028729855898
223.01287077758752
223.0107891582884
223.01187449328427
223.01178010059812
223.0108034186851
223.01192470366368
223.01106907817302
223.0118913317856
223.0104312774347
223.01268079130386
223.00965630047722
223.01364846117212
223.00958250818076
223.01335369958542
223.0098844223685
223.01242720380833
223.0099989072769
223.01307635029661
223.01062100254057
223.01155425672187
223.01204009504
223.01100760657573
223.01220288139302
223.01041753911704
223.01213272668247
223.01003409588884
223.01279481957317
223.0106719978503
223.01291697770648
223.0108688492037
223.01245003282384
223.01116792371613
223.010148373447
223.011943642181
223.01114155309915
223.01249641994946
