288.2568464041785
230.5038001901459
248.97882299239768
242.4462566468676
244.4513642703257
243.7839651109157
243.999365726032
243.9283598863717
243.95144538544127
243.94431593496802
243.94637528545672
243.94581185438983
243.94609503815263
243.946184812743
243.94578755337352
243.946190976857
243.94517318173803
243.94664584051225
243.94564330352114
243.9462040667031
243.94571812237155
243.94616295055403
243.94572886006608
243.94563404830296
243.94566039152414
243.946035058465
243.94587918368597
243.94631154468152
243.94579597851953
243.94631132207905
243.94456002632978
243.9465614992605
243.94544933151883
243.94532201981747
243.94633260580486
243.94597372511998
243.94586814354807
243.94626361520022
243.94545468906472
243.94603452156116
243.9455933050849
243.94604052977593
243.94492984383396
243.94609998961823
243.94616076000239
243.94561310475547
243.94638203089198
243.94623779636095
243.94532874945435
243.94557859719862
243.94647282275764
243.94567008343802
243.94578872980856
243.94595034332815
243.94571727442235
243.9459943441907
243.9462504056355
243.94589471614745
243.94594900967786
243.94566297099664
243.9461494195857
243.94617105458383
243.9457793826041
243.94633371681266
243.94583879913262
243.94523193349232
243.94620521259276
243.9461855675945
243.94572704500388
243.9458308866415
243.94591434612812
243.9458439184782
243.9459809776199
243.94630322852026
243.94601162475738
243.94589796877335
243.9462057790479
243.94599727043897
243.94613829016453
243.94608265823626
243.9448325418416
243.94667147586006
243.94550463380438
243.94620279603623
243.9458148187914
243.94610502689466
243.94585541505512
243.94610357521015
243.94537272405432
243.94628763692162
243.9453231630905
243.94599929417018
243.94531725686102
243.94635012213257
243.94587116807088
243.94610579666914
243.94533305018558
243.94622797056218
243.94575917571638
243.9461447912836
243.94583215454622
243.94625797407934
243.94593774048553
243.94597406748653
243.94598915060487
243.94599625011324
243.9460413369161
243.94619871810573
243.94591097987723
243.94620234316244
243.94547723713913
243.94553106056992
243.94576098579273
243.94614432439266
243.94529012958083
243.94645722101995
243.9454550653245
243.94617973242566
243.9459955079583
243.94581645354629
243.94624541274243
243.94551219010464
243.94620454237884
243.94566320785088
243.9462164341603
243.94568938181328
243.94632311640453
243.94586376610096
243.94619784664974
243.94621977431234
243.94584944934468
243.94632116922003
243.9460805909548
243.9456952515029
243.94534742372343
243.94574887376803
243.9455770466011
243.94541373467655
243.94508524605044
243.9457773076283
243.94684932732343
243.94573492422205
243.94626410683122
243.94646354348515
243.9456790460681
243.94534022232256
243.94595208548708
243.94599912995182
243.9460953871312
243.94595033567748
243.94591896723432
243.9459588537211
243.9459529200758
243.9461524354483
243.94579949953913
243.94544198794756
243.9462189409096
243.94593410144444
243.94595491137443
243.94618332187383
243.94576032739133
243.94617417763948
243.94571213705785
243.94492162161623
243.94614114886645
243.94599131798168
243.94623072502873
243.94477369076048
243.9464521072805
243.94501806980406
243.9462700966178
243.94545598802506
243.94632360403193
243.94568676657218
243.94550229261222
243.94612737449643
243.94569960184162
243.94618380755128
243.94598039098491
243.9447845460527
243.94686987930618
243.9458100003685
243.94632702149102
243.94586324857664
243.94630776677513
243.9457203507045
243.94605178535858
243.94606765366916
243.94611083518248
243.9456403019576
243.94621548622672
243.94603479249054
243.9459727657959
243.9462139003008
243.94522398346453
243.94672654161695
243.94565244062687
243.94623101620527
243.94610470814223
243.9461554329173
243.94584894701256
243.94619312249415
243.9450806739187
243.94610205688514
243.94569396786392
243.9459917533386
243.94613765439135
243.9459810913104
243.94582048789016
243.94619705961668
243.9460696488677
243.94512248698447
243.94649158077664
243.94533417651837
243.946544547347
243.9457891558268
243.9459298136062
243.94622621039161
243.94563105748966
243.9461375598621
243.94573811230657
243.94595188301173
243.94629713766335
243.94574134946743
243.94536647367931
243.9466272158461
243.94569945309195
243.9462812820857
243.94593106026878
243.94557263198658
243.94607402068505
243.94625376541808
243.94534112534893
243.9464935389842
243.94583188171964
243.94492005329812
243.94646518908849
243.94591775418667
243.9460450897168
243.9456365629303
243.94635805179132
243.94584733057127
243.94584440026665
243.9462661211146
243.94579262746265
243.9462598968821
243.94593637574872
243.94623758725356
243.9461089439137
243.94586094579427
243.9462303375767
243.94512731449504
243.94659632036928
243.9448765150155
243.94667609433236
243.9457009867765
243.94557261874434
243.94582061732945
243.94617956997536
243.94533734145807
