287.6902169328143
209.86924755910843
69.73533005913771
218.00347264368543
248.1244397707585
234.13464060826436
239.57971422127775
237.2845522731368
238.21630713243485
237.8299666545713
237.98929389113937
237.92344198964247
237.95000567107536
237.93963901537427
237.94285442808905
237.94292987950394
237.94215968281696
237.9426604991977
237.9426442198519
237.94260640516222
237.94269462786178
237.9426241721976
237.94168546192395
237.94328453348862
237.94282853878576
237.94272229620947
237.94276782481938
237.9426618959169
237.94259130471983
237.94296152008974
237.94263459996182
237.94185297042714
237.94294207021085
237.9414246653123
237.9432073318767
237.9424341268932
237.94214074598312
237.94271892662618
237.94254769418694
237.94209010596205
237.94197018417617
237.94298204978622
237.94234101983602
237.94285046543882
237.9429548652879
237.94258166690997
237.94269440062817
237.94158348038764
237.94258841277406
237.9429786135952
237.94274122806382
237.94280247872666
237.94209848882383
237.9429569310705
237.9427596107671
237.94204103496668
237.9428879087427
237.9427462677413
237.9429629350052
237.94225525035654
237.94213662694165
237.94310565952037
237.9424223300157
237.94303475433844
237.94285749629125
237.94268816593103
237.94193338944024
237.94281091091398
237.94244603357947
237.94286824659503
237.94195362926257
237.94238244578082
237.9428714230162
237.94202964743454
237.94279232104964
237.94206439712434
237.94304304864272
237.94213492597555
237.94313951742515
237.9417154572584
237.94308186939088
237.94207953322257
237.94287988019278
237.94185990721599
237.94240022616577
237.94240732967228
237.94284041798528
237.94271866876807
237.9423646826399
237.9427774454307
237.94256639116065
237.94229017970065
237.94285888665036
237.9425793868577
237.94194866914768
237.9423207796208
237.94297254036792
237.94241426761437
237.94193077980162
237.94281193414645
237.94209372572368
237.94220759622112
237.9422060832876
237.9421561991985
237.9422593088384
237.94221025312436
237.94272655441455
237.9426505066367
237.9422412762433
237.9425246762694
237.94267262670473
237.94288605343172
237.94252805980068
237.94229988532607
237.9423369111828
237.94197367126617
237.94263482774113
237.94218165025086
237.94246775715146
237.94321716409468
237.94246573431883
237.94234311872424
237.9430161450582
237.94281178107485
237.94256302602298
237.94224261854833
237.94302385788615
237.94216069491813
237.94279363709938
237.94244093567977
237.94302081048954
237.942510512461
237.9420798603751
237.9424790913472
237.94219201910892
237.94234100467293
237.94214756033762
237.94244230942422
237.94223898001655
237.942506570158
237.9427934293417
237.94238353830588
237.94223808997776
237.9421047333526
237.9423903828574
237.94293424054194
237.94294272901607
237.9416957498688
237.94273414178315
237.9421245186968
237.94308028287924
237.94204282043938
237.94224527679762
237.9427469871007
237.94285145150934
237.94244994305336
237.94289018365816
237.94212176358997
237.94196729570103
237.94307932622905
237.942026087665
237.94228016453417
237.9425261839715
237.9427897217538
237.94210013069096
237.94275542692048
237.94168998205714
237.9433135469808
237.94230854531634
237.9422874921438
237.94224857194786
237.94284511805745
237.942751533119
237.94279564009048
237.9422261895961
237.94213860116724
237.9424021292507
237.94231769138423
237.94189489306882
237.94218249549886
237.9421163948864
237.94279461414408
237.94209495014366
237.94295996213623
237.94141533786024
237.94297094992362
237.94288001192035
237.94252958975267
237.9425779300218
237.94285928118916
237.94292109078378
237.9420182066242
237.94233129464556
237.94263784481154
237.94273922446882
237.94213234291237
237.94259308185428
237.94273343440727
237.9427302502154
237.9428838273161
237.94208565953886
237.94254963161075
237.94315814529546
237.9425599703536
237.94279378044303
237.9420823861292
237.94246567119262
237.9430198474147
237.9424466201599
237.94267459522234
237.94242594800016
237.94145642386866
237.94240781798726
237.94251948405872
237.9420682383352
237.94312676256231
237.94202837451303
237.94277173897717
237.9423126369802
237.9423141422012
237.9422297249257
237.94213685771683
237.94227257548482
237.94271546533855
237.94253735909297
237.94294759677723
237.94204728974728
237.9430707587744
237.9426426220598
237.9429354109452
237.9413995737268
237.94251456276106
237.9425981236418
237.9420461179543
237.94261248101247
237.9424765262811
237.942809990127
237.94262047404482
237.94184856815264
237.9423967180046
237.94298180668557
237.94240676000481
237.94222885771887
237.94300979192485
237.94267125237093
237.9418138355977
237.94285105649033
237.94146889765398
237.9425829476968
237.94265477519366
237.94266470459115
237.94282695945003
237.94263012317242
237.94287798977166
237.94261305840337
237.94212699655327
237.94202844801475
237.94271752799978
237.94262341839203
237.94217744556954
237.94253935507732
237.94206786865834
237.94298584433272
237.94216777555994
237.94241763591708
237.94217960258538
237.9422700531577
237.94300773463328
237.9421806402097
237.9432299543114
237.9418646322738
237.94252542707545
237.94259886056534
237.9426756556495
237.94287171597534
237.94274702793336
237.94262660958339
237.94210300710984
