288.2841370361617
234.57051053778827
249.65967707960272
244.70064927783642
246.08505352216616
245.6630099732456
245.78831501120385
245.74992209060156
245.761550191452
245.75827053424564
245.75921127876745
245.7580502738383
245.75958962815184
245.75855759718888
245.7590265941344
245.75925652089882
245.7586578278815
245.7591041111191
245.7584971448523
245.75928402887985
245.7589725824273
245.7591080519269
245.75935032299458
245.75848135986053
245.75951730360066
245.7587382114816
245.75921137287514
245.7586311372488
245.7586912607876
245.75861928021914
245.7589471834308
245.75864042463218
245.75912153309582
245.7590578948002
245.75872715551486
245.75869633014008
245.75922305505446
245.7582839564675
245.7592499317525
245.7592571942423
245.75897200949112
245.75871237347747
245.75904758780962
245.75886790266668
245.75920248536204
245.7585645724721
245.75923807960862
245.75879255382097
245.75882811125848
245.7580013340521
245.75893959304085
245.7592967644341
245.75894144041376
245.75876957009677
245.7586780698075
245.75691613590607
245.75990987678597
245.75870748043235
245.75914911960353
245.75895538053737
245.75872475338838
245.75862844390213
245.75948985753348
245.7587458857488
245.75934014108498
245.75851024316944
245.75924008601578
245.75845907119583
245.7589076089862
245.75865417205932
245.75901703044656
245.75903604736595
245.7591996935189
245.75851274113666
245.75865171476107
245.75923444907676
245.75822962299208
245.75895803210733
245.7593693227791
245.75911979487864
245.75913195673638
245.75915601796078
245.75889585291588
245.75918510091287
245.75916971327388
245.75904914356943
245.75912299364427
245.75873006734764
245.75902762480837
245.75913375279924
245.75904788677144
245.75917503679375
245.7586091101184
245.7590193322976
245.75915338878985
245.7590906151454
245.75894952873205
245.7587430707208
245.75814706007077
245.7594907301609
245.75863924431178
245.75941187111312
245.75823906557343
245.7596415401713
245.7584502454847
245.75929764981993
245.75856394578295
245.75960607743036
245.75907223451213
245.7590204714652
245.75866251852858
245.7593207086902
245.75888697012851
245.75906918101828
245.7587916883931
245.75904784852173
245.7588334470638
245.75909037378733
245.75918753629958
245.75918286744854
245.75873284081172
245.7589683744227
245.75806044178898
245.75937947629427
245.75896260429
245.759200975961
245.7585025342123
245.75946327406564
245.7573772770702
245.76003415635205
245.75775936844002
245.75953255796048
245.75786372215953
245.75846018762968
245.75942673248937
245.7588206567816
245.75911295770493
245.75899102475523
245.75917056330218
245.75836337072542
245.75902855294407
245.75928959938756
245.7583286725785
245.75844798866456
245.75935744916933
245.75908700285072
245.75812946546648
245.75959433132812
245.758752224021
245.75954845710658
245.7589327732494
245.75842652364372
245.75915450714092
245.75899355029833
245.7588201543258
245.75877476679307
245.75908240369608
245.75861676744535
245.7581325892388
245.75959856074041
245.75906087892508
245.75890546495066
245.75918928786996
245.75904937299492
245.75898954368313
245.75910801353893
245.7587211708742
245.75923607907316
245.75930532645725
245.75829141712165
245.7587566307484
245.75841382623184
245.75934907027113
245.75866910259356
245.75827348184248
245.75923565917765
245.7586180394719
245.7592672068131
245.7577146942931
245.75888188202225
245.75907724298304
245.75889976797043
245.75871462072246
245.75931180918997
245.75844518128724
245.75927768844122
245.75906213039707
245.75911012213328
245.75836506106134
245.75959939343738
245.75865367244114
245.75881728289824
245.75927303842036
245.75864109725808
245.75893252302194
245.75916940790194
245.75865011617134
245.7582265210367
245.75929838778393
245.75898548206897
245.7592206915724
245.7588145295158
245.7584233542584
245.75940124505723
245.7585972861416
245.75977226661053
245.75834882630443
245.7588283202349
245.75872150895884
245.7592192243028
245.75869652617257
245.75857657764573
245.7587513714534
245.75917451469286
245.7580009187659
245.75930545595475
245.75859370130638
245.7595006915799
245.7588412076584
245.75918179744622
245.75888047409535
245.75895176532504
245.75879753720073
245.75926849414827
245.75896345969522
245.75801028301066
245.75948402268114
245.75837554158352
245.75852853471588
245.75941036875884
245.75894364909618
245.75786565161252
245.75969278057164
245.75858855978004
245.75925622067007
245.75873891891388
245.7593948310241
245.75854254969454
245.75911801749317
245.75870830364875
245.7581322389742
245.75955808530853
245.7592674944899
245.75851538848656
245.75887877530477
245.75917562941322
245.75922081091267
245.75934763507394
245.7589351355855
245.75906330227735
245.75918398391514
245.75886780519795
245.75909141618467
245.75906397015206
245.75882153009297
