288.00953199518574
263.9111148831122
265.3936933605264
265.23313252495564
265.247368457231
265.245661873329
265.2453307937117
265.24575489988365
265.2452331247532
265.24529985323625
265.2463761618137
265.245646993083
265.24601405791054
265.24554603874003
265.24495062831284
265.2450770057694
265.2452185051079
265.24592904193014
265.2455268763406
265.24470724135426
265.24559672817486
265.24559533053616
265.2461940672383
265.2442701527307
265.24621855963414
265.24599238729206
265.24480799336743
265.2452790352454
265.24517271226614
265.24464156801514
265.24544774072274
265.244930235187
265.24593921043197
265.2447874778409
265.24499277050563
265.2456498406391
265.24563728617795
265.2455075751932
265.2452910578868
265.24424513238046
265.2456836351412
265.24558361668824
265.2459705641231
265.2455625381772
265.2455636403538
265.24533528958636
265.2455952964301
265.2458429181388
265.2454184134658
265.24597042253663
265.2459303410251
265.2459124330744
265.24513525988004
265.2454482547182
265.24579095884474
265.24491864529045
265.24483704372324
265.2449891597753
265.2457902666356
265.24553651719907
265.2452618318748
265.245250599477
265.24463551139706
265.24568099057797
265.24452062346245
265.2453206622813
265.2452223190994
265.24438406655827
265.24589328641014
265.24471643394645
265.24552541393496
265.2449935276891
265.2451599706619
265.2452053136658
265.245637028449
265.24571753647615
265.24619165473996
265.24521620143787
265.24570666783984
265.24555350139417
265.24482721569075
265.245543821482
265.24622409424046
265.24449627481226
265.2454217925115
265.2460994558787
265.24547793818056
265.2447255774023
265.2456702138079
265.245414819532
265.24526982739917
265.24559821411094
265.2454983215721
265.2453543030133
265.2452701806251
265.2454331270419
265.2455332011159
265.245051295562
265.2458034696974
265.24516348791076
265.24541746187606
265.2452788579467
265.2443869318304
265.24563766391657
265.2450635561545
265.24619677192095
265.24529453067953
265.2460189250851
265.2445336265155
265.24525197447656
265.2460332799674
265.2450508052643
265.245492890077
265.245296827743
265.2441785007395
265.2450410615638
265.24551023003005
265.24538014273276
265.245250996566
265.24481667800865
265.24542754849244
265.24540909414645
265.24602278983366
265.24525535937573
265.24572648054163
265.2447340945728
265.24558214218996
265.2457701249805
265.24542046115675
265.2449960385129
265.2445723897108
265.24443913577124
265.24534855238744
265.24482153131976
265.2454243921384
265.24520374072017
265.245613281455
265.24517412610294
265.24497716080805
265.24549251628923
265.2456032464979
265.24556023141486
265.2453110218921
265.24552298169874
265.246031063376
265.2458091809676
265.2456673781853
265.2454606794636
265.2439745051088
265.24572067242116
265.244205257608
265.24542256834684
265.24580545607023
265.24540310194425
265.245174822252
265.24463729232957
265.2452357277507
265.2452102014213
265.2454323949205
265.2457828609331
265.24600578588434
265.2459108637995
265.2455302483286
265.24610027644667
265.2454880009027
265.2458186902513
265.2454376924579
265.24513655241753
265.2457504004997
265.24560514313634
265.244321872422
265.24494571005926
265.2457046472118
265.2444169247465
265.2459096378152
265.24547477977467
265.24583883374
265.24499825248495
265.24503069491766
265.2453516403184
265.2454630365537
265.2450995372783
265.2457718598889
265.2450160981971
265.245211050089
265.24619416709174
265.24560040399956
265.2447166226484
265.24505383500946
265.24546618948807
265.24477815772116
265.24602387960476
265.24539244030893
265.2453259709582
