288.3297756604155
242.5031474701957
252.06988427348188
249.44062468664652
250.03498138528585
249.88460012839187
249.92182749998346
249.9129240107095
249.9153131625003
249.91463432200908
249.91451968188449
249.91506878725522
249.91473345803388
249.91462846228387
249.91403810252905
249.9149743582393
249.9145683066099
249.91501741513002
249.91465223821615
249.91486054806592
249.91479742737283
249.91454766958486
249.9146272642065
249.91410563891804
249.9146301278106
249.91487258599045
249.91473897352262
249.91455573866006
249.91499471755742
249.91446508131048
249.91400333145248
249.91429443647394
249.9144896273665
249.91490455555504
249.91483123273974
249.9146977115197
249.91432123689083
249.91442454012758
249.91507368969906
249.91474032888073
249.91494587279885
249.91445891905823
249.91501416988103
249.91471708509926
249.9146900478845
249.9147179928259
249.91459225650033
249.9142502370123
249.91470165348437
249.9141369784411
249.91495652087906
249.9150452940994
249.91402268897946
249.91458286509805
249.91481057042984
249.91486007230196
249.91488865954307
249.9150397986159
249.91474073383142
249.9150849798607
249.91415451247303
249.91477475377542
249.91414964552678
249.91474175846815
249.91470295434556
249.91475916142736
249.91480390015204
249.91391898139773
249.91421673652803
249.91461957544743
249.91461203584913
249.91396650476236
249.9143546749292
249.91515285395508
249.91467351100073
249.91476906259777
249.91410193675256
249.9140999341398
249.91554006506703
249.9145415564999
249.91483802339644
249.9142905726476
249.91425060474285
249.914805415101
249.91489297456428
249.91390070128546
249.91501332885673
249.91411068016168
249.91379796133697
249.91508003582567
249.91411617865379
249.9143310291911
249.91500946325687
249.91464906393958
249.91467632922286
249.91453539390204
249.91482542377344
249.9141789288551
249.91490766337665
249.91449925446796
249.91476621452603
249.91471670094325
249.9146696481621
249.91437040984601
249.91512093809433
249.914906015445
249.91385023030307
249.91485593442485
249.9154108874718
249.91449631741852
249.91515112741763
249.91441150593892
249.91507813946373
249.91443339778925
249.91518546712905
249.91461914666434
249.91479166367208
249.9149017289601
249.91291146253934
249.9142212876759
249.9146893133875
249.91535957714223
249.91461785645515
249.9138681079712
249.9152695604207
249.91383708433568
249.9152505461825
249.91481781027687
249.91494840317318
249.91386410564883
249.91437208450952
249.9146826916549
249.91426586947637
249.9144830007499
249.9142583574503
249.91413214929344
249.91520586769911
249.9137876984678
249.9148531063256
249.91455763152044
249.91486664974946
249.91443259358493
249.9149259347978
249.91475516639184
249.91476936457912
249.9146051307689
249.91334010618448
249.91534303005028
249.91453212969645
249.91488181700697
249.9148124076528
249.91433785599656
249.91471475458093
249.913589934622
249.91487574492203
249.9144369055357
249.91436181872996
249.91444695929385
249.91506443553953
249.9141752666037
249.9147364167875
249.91415782987315
249.9132261556806
249.91525778312644
249.91445159631257
249.91464701697987
249.91456976994232
249.9149306774052
249.91473424667493
249.91463508938614
249.9137494735478
249.91534284681256
249.91464821175032
249.9147760959895
249.9140842074121
249.91510759896482
249.91472437580524
249.91503883062978
249.91496434611327
249.91493876458844
249.91473635342845
249.9146308996569
249.91410404680937
249.91444206624874
249.9142310105526
249.9137027614779
249.91484112925536
249.91459107286937
249.91483816009713
249.91499843308702
249.9146286004543
249.9145422653528
249.9145036405971
249.91474051693513
249.91453209982137
249.91366646367533
249.9149213891942
249.91453186354192
249.91457054206694
249.91477831806696
249.91478088234726
249.91438866722456
249.91521509854647
249.91432165283186
249.9147024838021
249.91486474541307
249.9147995692183
249.9137908421544
249.91450923823868
249.91461847558094
249.91398509030114
249.91505738433625
249.91459345954354
249.91445802955423
249.9150243151962
249.91424611915136
249.91465469033574
249.91364625495044
249.9148510856612
249.91423420024512
249.91463121246488
249.91383947382565
249.91434933450364
249.9151926268387
249.9145224290114
249.91511766788608
249.91471899839235
249.9139709158626
249.91568925674073
249.9146037924802
249.91437791426142
249.91514861285395
249.91420822535292
249.91480566424434
249.91498557939485
249.91447779355804
249.91443966898078
249.91439981116855
249.9142124894861
249.91450713922677
249.91389699096908
249.91514263597492
