288.3416007782089
248.48243892433163
254.83486888614857
253.36655736150692
253.6417473298318
253.58478644269553
253.59582981362928
253.5930597943393
253.59481637813587
253.59359646710254
253.5948122434038
253.59370281498013
253.59401137500754
253.59378292495785
253.59475088082309
253.59430562036505
253.5940983963801
253.59369960714594
253.5943101931971
253.59353614178144
253.59422973481378
253.59459005726058
253.59399595310788
253.5944399259024
253.59412630330553
253.5935538131962
253.5943894105767
253.59309925654816
253.5938891231017
253.59443248491698
253.59356281765577
253.59432349830786
253.59284196760927
253.5943850054009
253.59413137548654
253.59337935558324
253.59451744996477
253.59390874575547
253.59339151625318
253.59494910509966
253.59412157763654
253.59413769188905
253.594420488771
253.5936350094671
253.5945564841386
253.59443031673436
253.59440848393933
253.59304773222175
253.59482126828152
253.5931586101833
253.59470582957147
253.59280051923997
253.59488184466682
253.59392350333655
253.59426729183178
253.59407111756082
253.59386427763093
253.59431100227812
253.59462179688126
253.59407750554237
253.59435182634843
253.59440338336572
253.59403707649108
253.59386307617388
253.59410595552254
253.59413282146124
253.59284475441382
253.59462770317623
253.59429662972252
253.59418194913815
253.5930824363095
253.59441145305755
253.59419938702194
253.59429070919214
253.59353842290875
253.59375271523822
253.59470314784267
253.59438087308808
253.59369150351995
253.59464897819998
253.59312048862193
253.5940539531075
253.59417986683547
253.594541963168
253.59407050367008
253.59375713128247
253.59321487660782
253.5950634007313
253.59421691016178
253.59425552454195
253.5942057350694
253.59416554795462
253.59381561366172
253.5942297605725
253.59481357832556
253.59243459302525
253.5938395728881
253.59460336498887
253.59331955580274
253.59408090856596
253.5929420086104
253.59403669457242
253.59441860061634
253.59357411828387
253.59444617602276
253.59424113061687
253.5945551268087
253.59459748949303
253.5941407986611
253.5944426578062
253.5937232318247
253.59329030949448
253.59461349101184
253.5942506589272
253.59453957922233
253.5938719957485
253.59438244311605
253.59389929662575
253.59398106156004
253.5940256872491
253.59354156575864
253.59472242328047
253.59446340490103
253.59413366700028
253.5937428937541
253.59414222696796
253.59386834540783
253.59391706436145
253.5945407670224
253.59451964071923
253.59405589011294
253.59388282336295
253.59452172592137
253.59422102103417
253.59412762487045
253.59413579929242
253.5945826375755
253.59395895803755
253.59424105754442
253.59378596377792
253.59369387955667
253.59446623406984
253.59434531260922
253.59406116638274
253.59338132885023
253.59320839860447
253.59351209821034
253.59322566325136
253.59425522491074
253.59350498288404
253.59407137728704
253.5937730163787
253.59389680174354
253.59436652550357
253.59413948566362
253.5938340860739
253.5942982466222
253.59445219310874
253.59317476501747
253.59393222845392
253.59392358380137
253.59454334930342
253.59408785529376
253.59382039358024
253.59359767577553
253.59387393631914
253.59453722313629
253.5932104314561
253.59374500760168
253.5940202763013
253.59387319468078
253.59436235943576
253.59427836154646
253.59437780975713
253.59361181657005
253.59463774203323
253.59463812832837
253.59392037804355
253.59390989431995
253.59363895177376
253.5945345343498
253.59365781969973
253.59458223421825
253.5939587913599
253.59398643535678
253.5944272198103
253.59396557463333
253.59438698572922
253.59426649915986
253.59361037042981
253.5940855575318
253.5944689570024
253.59349955865764
253.59346472713514
253.5943909864436
253.5940783546248
253.59425642288988
253.59334709391987
253.594630557418
253.59456970698375
253.5944771252689
253.5942581237323
253.59402217151364
253.59399260385544
253.59411078112316
253.59370625244628
253.59419168902969
253.5941589317663
253.59472100740822
253.59385425315122
253.59421450746595
253.59406601452793
253.59451655345038
253.5937240409985
253.594567038861
253.5943240079796
253.59393903124146
253.59433521130995
253.593817237459
253.59406683883572
253.59323616314214
253.59444295734284
253.594245584507
253.5944480398466
253.59387036175758
253.59459207369946
253.59452557272743
253.59394640101527
253.59422876671306
253.59418861442828
253.59394140115182
