287.34800741040345
119.7625014158802
34.39372876063692
261.06515091983033
208.7439065537908
161.65695963613712
154.81547578281493
222.17394651798782
179.11026384011575
250.0664210524992
45.62217509193988
236.7865147613452
68.44929249342613
228.14293701046017
85.18150725907299
216.80354328162593
121.29930085139085
26.856772381437167
267.28835309852366
202.79671858620077
186.77458756959095
40.47989934185989
257.33946444889807
211.62546890106023
149.0058078642278
213.36483400581074
128.18576211610252
20.639596314493247
267.69584113669316
201.83796917707332
189.27708282083677
22.646920665986727
259.4516012319036
208.72945497188903
166.74713537798561
109.68064750776102
254.990701554907
38.72758789213003
238.67981402572332
66.89383783525773
211.73309406084627
258.5837205317057
207.3372794292536
176.46628975890962
63.473565844269615
231.50477775725267
87.6121046610424
258.9551785515414
210.80277039696193
153.03072229599093
203.0487958080721
162.42342048289174
258.3542510762145
163.71838705981463
257.53467283069585
171.06723064290054
257.9818022998188
205.93543347524246
189.78356143596466
223.06864905073962
104.06611015477574
97.63252841777467
260.6413750553784
209.62890952157431
158.5917777210816
176.3596486655224
204.80670694218134
224.12467325004764
233.06688795729133
76.75921976764585
222.6606292279721
104.14314755321902
101.63838506879256
257.51257211913617
19.530753152721445
243.16126356146196
61.1121252296216
202.7544607583368
220.18224668908078
233.95771164717735
75.40562321501056
222.15019881165426
110.06600194624843
68.1344017295487
240.24997805511157
67.77597441475882
211.75950618728893
259.3850478574059
203.75965414072925
198.01574446790983
210.31742317823955
177.36408808554188
233.68776485117633
74.44226634724691
226.97097872471932
89.42668782688634
207.99925569137486
155.0566833785524
257.33003857498625
244.4905553126555
56.73325161634784
192.7129461027762
253.8729061442682
211.08604116241986
161.30537903436561
131.76234670821577
205.8115608388107
220.7945095793075
233.77002626025205
76.57527184691571
216.5288315220605
161.654236861159
235.77106991864275
76.80183409533129
245.40812319250108
51.8083045880594
253.9616566562545
212.6967184140958
149.24670870397676
209.24535242857382
152.9183935824076
260.8807519368129
206.88494939521843
174.85429736209335
71.03447919109749
245.8254778299015
53.09349072101759
262.68965520855636
206.24728971200602
174.50836903411982
74.62144361593528
261.5983623709835
38.06512695265701
48.31381112350209
244.24847336753737
221.53096900635865
108.10232804259431
74.87766808160814
255.4167341485081
212.31936567337107
151.7201876809704
202.57239326673152
173.44773694896867
241.738509323186
222.7059154789531
104.5236882973768
90.47760674865276
250.4805166535807
46.53138525861141
49.445808324242535
45.644644214109576
54.475441759430396
253.1280666725943
213.00686762778787
158.5508496984403
127.51239933487523
11.53410763208376
262.4250646743458
168.7507993521649
242.2648146944266
222.34045861507911
104.25710892648931
94.87666426647047
260.8374810379901
209.36888161888055
159.80587372592709
167.80247414087353
213.2323178413062
211.229380761426
238.85172046492517
65.15692734823824
229.44508668327035
83.58395229953021
218.02929857355775
118.13317545486643
35.43903279494407
266.7668168514865
203.47075974033942
185.27452930411528
44.05604233037593
256.9222885181007
212.0485301106528
147.05220249207196
216.8253488372502
117.51999321953917
34.53474272895255
265.9166763060639
165.29565914459818
258.9659803773029
206.22637414166093
185.31701900396
228.77538674747484
84.78481688332249
217.68647704354953
117.24350619658799
37.05102649535547
265.7502665345455
164.66980797803262
258.95023519112146
206.88517715749185
180.21627874905244
54.51722792873625
240.3785642880539
224.3686794617388
98.67649092891224
130.69422962927638
254.03680603794783
46.77791467479983
39.55852658789081
246.82681520452024
218.519857972482
122.20972100996005
236.01013407159917
70.84421390060743
217.5756933133016
241.88401493983838
220.33530351861555
118.59643242949824
236.76250405897736
68.81118926776253
229.18212492592284
82.83118825704878
220.3813748887551
108.3608097127726
80.29980762636114
257.95567886077333
14.368984444190573
241.85677494023548
57.27088393284794
232.94885004506068
74.74521142118465
226.4643368533143
90.73724333170685
202.59691636627394
167.29115439092857
258.5553735145004
43.91900800655276
18.229625437343202
249.9956088479521
217.13331391028623
125.09820535913605
18.030186763673555
251.34028794890037
215.5540130643858
135.9702038586547
227.29483202923439
88.91725292619958
209.80087579173414
151.57362282324902
249.2592774313307
229.80904148199625
228.0356016764199
90.71541554307623
161.13259333287715
247.93857290851884
216.08372045810393
142.55974174551375
206.86799099452764
181.02803178656177
53.77984395046951
264.1407626760847
205.69087171308638
173.7417983850828
80.26497551358625
258.99375971889094
8.976289358237409
244.1216731356326
62.4161741146454
202.1524636319009
220.29144896221987
233.85630540837883
75.67617313262599
221.71628752649121
112.6459219022945
62.027162398342625
243.3275062693574
222.09854125717538
108.57306097341643
72.24958280111605
238.21913423512888
226.77275058800296
91.64018193725497
189.6433837795339
220.45424060255755
148.3017568965297
239.61368070766912
68.08418765832903
239.07660024087818
233.61694070756494
225.83877487228892
96.56517911345873
127.00528266870242
7.447262818895979
253.97823491830786
215.7027463816048
126.97348352173867
12.475888093264075
239.6790250930062
233.34439060401928
225.72341045664507
97.73232358733367
115.8927020837582
50.25898638878425
265.61761539717554
165.23833204129187
258.7787650902901
207.2520706068026
177.60690816298302
60.29567467383458
237.47400621201086
66.3431429934135
231.48522218347352
80.5031942568894
217.14873511913174
138.72408200298378
214.15569069088087
244.019634953278
219.37497309116588
121.88640821320587
235.4034023112763
71.55823618351133
227.49570540078275
86.88740723140654
214.73266072616389
128.22837458371941
19.007690519531025
268.1629986899934
200.13467087184836
196.51159252818616
247.23637512067216
219.05417546026
117.95124575773661
47.83506656707323
245.81137780257268
220.62022674600303
111.77327524138673
62.64807083371852
237.22326165784034
68.31889891526953
251.53486569524102
216.28822249652876
127.27590768995287
10.10085566129419
251.5661175105197
215.6834824763937
133.8908580626885
229.47622004750883
85.41743655396567
210.93047685804777
172.64134948358696
78.39698319708987
232.4328852610488
230.50512081131455
82.45640985446516
216.86853530502412
128.39828202527133
10.600660376498126
263.01230593082437
203.1339010161464
195.03841734708112
219.7831136019231
110.728395283586
69.87475664890371
262.54870958143147
157.60691469575977
255.15625838274718
12.814679013041314
258.6337163565913
207.74785289436113
175.92262708045018
64.64896924755885
235.77095281235233
69.65367620075995
230.2088369063713
82.56600117459311
218.385880009635
117.93042479215364
44.87944588564278
240.76748475975182
74.43213975810795
243.60631294995255
235.51705869099533
224.61946584751422
102.08078515328816
101.85934338055085
120.67238951750915
234.90210118376126
115.58147419444867
228.43918273317104
152.08154209725035
211.89352683222387
251.00433667933976
212.99608450631786
157.77297845874273
130.55435482252506
8.484297831368167
263.0841949618916
206.11532608760172
172.68180799235415
84.3575506418274
258.2917352948134
12.839408376385109
243.83572994414135
60.08212337597797
201.29112568646087
222.29361366160447
233.5837031603005
75.26264330245613
224.52985808838275
96.53614356966864
167.95775655102625
221.6661550306453
244.42683717762702
