287.9562745508299
67.07925114903276
268.5101485517431
87.11219418223982
265.8895880298485
96.37318125809475
264.29824145348016
102.96057429587063
263.1434300217511
107.92104655328922
262.2617389128145
111.76111615265609
261.56925010970554
114.80134994684522
261.0117374266101
117.26472060670767
260.55346369304243
119.2985294183436
260.1703275059235
121.00580411020383
259.8448782437481
122.45904919906116
259.56487481292424
123.71356228031982
259.3210184722411
124.80738692634623
259.1057872308138
125.77539689913101
258.9148164345079
126.63551804233066
258.7432014629612
127.40842970365156
258.5883064001973
128.10735061510786
258.4468997384538
128.74512286611207
258.31770614932066
129.3279158477162
258.19890356107317
129.8649282056722
258.0887489072029
130.3626613626766
257.9863716006039
130.82525361910666
257.8905928703516
131.25906534354544
257.8009139324222
131.66429844028244
257.71598426779565
132.0506613356647
257.63580519864627
132.41095933224824
257.5595802658481
132.75610693655108
257.4873228128308
133.08295831990108
257.4184669008173
133.39482437096376
257.3524850659778
133.69241916360988
257.2895641221294
133.97771181422286
257.2289479504543
134.25077038515883
257.1707440560167
134.5149098427355
257.11465785547625
134.76730340140057
257.0601253078894
135.01476834984715
257.0073131817626
135.2534769630256
256.95562492026147
135.48654679467654
256.9057838563822
135.71284494932843
256.85640553412304
135.93638098658266
256.8076842761002
136.15879350653995
256.76027226769656
136.37021733920847
256.71387187590153
136.57993287070713
256.66850622243874
136.78452500157073
256.62386263826556
136.9871780179601
256.5789701001013
137.1894836382162
256.5353375257873
137.3860068755348
256.49194313376574
137.58206468498975
256.44887531779386
137.77535720647938
256.40583092258385
137.97062794150406
256.36276924014237
138.16532796104366
256.3196688483331
138.36017355398872
256.2765826440409
138.5546722299041
256.2335293285141
138.74886807656367
256.19069282074634
138.94092632515094
256.1473521669177
139.13662174215278
256.103324763244
139.3350066055209
256.05912796880875
139.5341274173188
256.01472969630413
139.7335696166483
255.96938616371335
139.93928922381747
255.92344062669144
140.14496763118223
255.87738688361424
140.3520235153337
255.83057669648406
140.56132910352608
255.78305718740012
140.7752264537994
255.73434459716373
140.9959935625884
255.6837596773621
141.22147877511452
255.63258313596452
141.4510191163281
255.58030046907515
141.68718134364462
255.52630770033284
141.92787346151454
255.47097807605314
142.17564443602168
255.41358605583082
142.43381367572147
255.3540903131361
142.69920096475835
255.29265579448838
142.9743057683081
255.22872362787894
143.26011491948884
255.16231070752838
143.55672535092162
255.09291644875339
143.86776905973966
255.01986194143683
144.19182963774074
254.94410378526663
144.5294993843927
254.86389312701795
144.88740750303987
254.77921124144632
145.26457076512452
254.6893253613016
145.66240475820814
254.59454052238289
146.08311209577369
254.49377187100617
146.5292000808695
254.38640491096157
147.00514090837532
254.27067133296805
147.51495433647506
254.14654618965142
148.0614255516266
254.01267920195824
148.65010359814914
253.867225061309
149.28790260043024
253.709198167875
149.97867805908754
253.53658758960228
150.7294098655184
253.34710975940834
151.55121090859757
253.13775915291626
152.45577446015523
252.90502623385692
153.45402564318647
252.64516440762236
154.5654328451492
252.35242427022604
155.80560228110699
252.0209557738417
157.1970647653652
251.64233361191873
158.7694715152902
251.20713790180162
160.5523525191602
250.70225695960107
162.58656483791128
250.11159482632502
164.91292662165506
249.4164845669875
167.57904527722712
248.59155780058063
170.63165907724033
247.60682745091617
174.11144513689942
246.42991242626886
178.0279797578405
245.0271959931706
182.3520782555206
243.3729781400616
186.98235680823564
241.46323927384947
191.74356035721576
239.33164495760138
196.39669013518142
237.05858089895628
200.71323402995768
234.75904136226745
204.5271011073055
232.55402321864676
207.7620761867438
230.53946610045386
210.42495846281236
228.768900621566
212.5769354384538
227.25752869303687
214.29373287157796
225.9966669567075
215.65306508114736
224.95914582858677
216.72555758460658
224.11607580097916
217.5705362659064
223.43352022158797
218.2359702711401
222.88682606212387
218.76092551647162
222.44813503496698
219.1752450374479
222.0959113279241
219.503109267971
221.81690171295486
219.76023586498923
221.594902353856
219.9644843115966
221.4159866203554
220.1268333735934
221.2742933865229
220.25601526028186
221.16221503428824
220.3564683112345
221.07459838264913
220.43374476686586
221.0064105262718
220.49671889356978
220.95058841025457
220.54646689340007
220.9063732731156
220.5863889256725
220.8718428969878
220.6170094905974
220.84419052470184
220.64198478790058
220.82186670479132
220.66189211732126
220.80432847322663
220.677025743993
220.79019642219646
220.69020368959173
220.7784996660921
220.698518075209
220.77106642031868
220.70678515757027
220.76375479917624
220.7133724897576
220.7577996384498
220.7179483693908
220.7538072129537
220.72231840800669
220.7504123915569
220.7247277552815
220.74880481511354
220.72738053265493
220.74484720824694
220.72992884235282
220.74265490027028
220.7323623409029
220.74141777808836
220.73242511125864
220.7403274882381
220.73383469422697
220.739925819973
220.7339609405608
220.73870731781062
220.73590402211994
220.73847034935898
220.7358516133536
220.7371240661305
220.73677162607783
220.73760809320083
220.736892912857
220.73679059064307
220.7363069949497
220.73699724310427
220.73697036707017
220.7356900665618
220.7383577375149
220.73542561841896
220.73886090317683
220.7352447057783
220.73928827480995
220.73479415215843
220.73906072347017
220.73544849883183
220.73926726076752
220.73471435683314
220.73830751833157
220.73673645939562
220.73797415835725
220.7364635420381
220.73782929834852
220.73637433961267
220.73801321694918
220.73500808420067
220.73910097831686
220.73468328364834
