288.02833658506097
233.9466073337727
248.75666551740323
244.12950846603167
245.29951412937726
244.97480873492896
245.06035228625205
245.03762377101384
245.04360502955342
245.04207883558
245.04157303302918
245.04289908723695
245.04254527782632
245.04218242943807
245.04170251474352
245.04227084253034
245.04152471314774
245.0418907754929
245.04229936208048
245.04181389478617
245.04236667489477
245.04254132743336
245.04246094823793
245.04227908824032
245.04221775042788
245.0423630280984
245.0418891522222
245.04214184556986
245.04268297213093
245.0423617063443
245.04057061832464
245.04302207564615
245.04198355299195
245.04236216724894
245.04144468314553
245.04115157456363
245.04271319926193
245.04102315219825
245.04249978385633
245.041400903654
245.042523873557
245.0423339941699
245.04202754639482
245.04204895264775
245.04119111036562
245.04277519261086
245.0413368194495
245.041766638431
245.04193616806515
245.04242524501387
245.04300488287845
245.04196492917617
245.04159020847874
245.04215550377558
245.04142357735327
245.04155841408283
245.04209812138288
245.04244066905449
245.04136862160885
245.04231470792365
245.04188189377237
245.04142440975193
245.0412194325254
245.0426819260756
245.041943176122
245.04208799115077
245.04168863745508
245.04191019395512
245.04246568309463
245.04168008112538
245.0422750439102
245.041568342167
245.0414129271776
245.0424809101205
245.0422024147665
245.0417255952234
245.04178865134236
245.04261633546776
245.04240645018217
245.04186684295564
245.04206535422782
245.04259837855716
245.04204027172818
245.04258735118856
245.0422636684525
245.04210125891404
245.04244894882868
245.04229660668352
245.0419936412436
245.04161778558046
245.04274754723883
245.04191798304237
245.04172771656158
245.04248147676117
245.04256856160646
245.04229454022425
245.04246838554536
245.04143994332117
245.04288359380735
245.04233592582023
245.04240041387675
245.04136787087918
245.0428761117073
245.04184463201818
245.04094828014058
245.0424188818506
245.0419971448282
245.04213766044268
245.04216913190612
245.0421561240728
245.04195932193397
245.04148685742257
245.0425899393449
245.04147390836442
245.04136435083637
245.0423082014022
245.04232982539543
245.042203760735
245.04154133100383
245.04245176091354
245.0423076399893
245.0415669675349
245.04215130981174
245.04235733052337
245.04224979524588
245.04267417239316
245.04244392446708
245.04166356124188
245.0424436062749
245.04228157090984
245.04209772924514
245.04250974734168
245.04126630423707
245.04232591301843
245.0423517700765
245.04206885714666
245.04189476642205
245.04165480151278
245.0415419843339
245.04268655300984
245.04187884514977
245.0425097461266
245.0419900672132
245.04245621732844
245.04192346825585
245.04196222473547
245.0408181070452
245.0417473741254
245.0417317898391
245.04192722625885
245.04191072989488
245.04212472397194
245.04210057786258
245.0422963463716
245.04191701753734
245.0425370702942
245.04222572596336
245.04235002728092
245.0419194126298
245.04294907758594
245.04173921622714
245.04235164288548
245.04121043149644
245.04212474092492
245.0412458446517
245.04245188373898
245.04174125895224
245.0422378052972
245.0414528086112
245.0425773213501
245.04233754739107
245.04156714861165
245.04216010236996
245.04242408837308
245.04215067833138
245.04201145829575
245.04197530436795
245.04197152378038
245.04245512603666
245.04209599808382
245.0424141103431
245.04120378365042
245.0424482725357
245.04248723873752
245.04141837204224
245.0425849663443
245.04154305341945
245.04184182116296
245.04268725021393
245.0423736882949
245.04144034450292
245.04183828632813
245.04222905132337
245.0421511897439
245.04233541428403
245.04211596943787
245.04190364941314
245.0419202123012
245.0427338918089
245.04146777439746
245.04259371852095
245.0421274826076
245.04200005372695
245.04211839092022
245.04233677347656
245.04273324600945
245.04182355757803
245.04175043410214
245.04203195121954
245.04259729811747
245.04215501713043
245.04194228045526
245.04132704425137
245.04250241647242
245.0408558059862
245.04252204984368
245.04207573007443
245.0420490867109
245.04216438562435
245.04261474800296
245.04155203902337
245.04163282910304
245.04167002340546
245.04195294216333
245.04139340878464
245.04275712349045
245.0424879744096
245.0421276619163
245.0418026637053
245.04125713428948
245.04240630248387
245.04220982568222
245.04228300842806
245.04145819130645
245.04166013086797
245.04265101144847
245.04240972251864
245.0420913026901
245.04227171069942
245.04171922842215
245.04089995774848
245.04214880045038
245.04258357243089
245.04213676633663
245.04246163813514
245.04153201598092
245.04202284927305
245.0419657771854
245.04198279592674
245.0422928287153
245.0406754580181
245.04243748683075
245.04163564731425
245.04195263635484
245.04197983356426
245.0423813492671
