288.292127923174
255.2976524011366
258.94450763556347
258.2937983571244
258.38845212313277
258.37230404511456
258.3750159406618
258.3749487116247
258.3746255780925
258.3754810974742
258.3743816552851
258.3746054147041
258.37503637639475
258.37408166819023
258.3755655472087
258.37483765338675
258.37498102412064
258.3745890245009
258.3742526406659
258.3753053785549
258.37489861112954
258.37489075634403
258.37463493001087
258.3748692547488
258.3753468965442
258.37435970142906
258.37502058070277
258.3745061649024
258.37476614044317
258.37459922394737
258.37440125802095
258.3735731572742
258.3749247721589
258.3750608575301
258.3746858128761
258.3747770655027
258.37560781263164
258.3740493660989
258.3738277188422
258.37534266918374
258.3749000088974
258.3744413265631
258.37470493229193
258.3743723597581
258.37483609284027
258.37331550784074
258.3746267315364
258.3747905218661
258.3751896807189
258.3752636998179
258.3752681352744
258.3745981324064
258.3751477968908
258.37473227639566
258.3743306998622
258.3754169893764
258.3741473998416
258.3756588523902
258.3750442330893
258.3747664489201
258.3751125344097
258.3739187708634
258.3747038545989
258.3755181402739
258.37484144086557
258.375197110272
258.3750256948806
258.3747868227074
258.3748062454506
258.37525071317214
258.37509179201516
258.3747563454017
258.37465792932926
258.3751248642584
258.37464975280454
258.3744652711175
258.37468476765935
258.3741998371115
258.3736577828822
258.3749605876437
258.3749493716823
258.37435142538743
258.3742089629741
258.37393307608727
258.37591778321075
258.3747399562417
258.3749676119187
258.37428097913653
258.3734225162989
258.3746125801699
258.3748386180232
258.37536513860687
258.37430359403515
258.3745826577506
258.37502108016633
258.375749415849
258.3742413369109
258.37444839719683
258.37463585903606
258.37496015475335
258.3743207693624
258.3747017746864
258.37528034108254
258.375169143721
258.37526560315746
258.37460492143146
258.37557560594723
258.3752612479075
258.3751083760071
258.3750018456485
258.374483888103
258.3749416091523
258.3749835679773
258.3750217782508
258.3749360564034
258.3742999219903
258.37475750860904
258.37501368299854
258.37475641074707
258.3742690279905
258.37517300179024
258.3750696372954
258.3751991027748
258.37455368249357
258.37466165934893
258.3750549848701
258.3744793851729
258.3746504045048
258.3751602602133
258.3748692046938
258.37451769411564
258.37466704520193
258.37570337763464
258.37458048148255
258.3755248479865
258.3751132174584
258.3755959565533
258.3733457483395
258.3756525016797
258.37431838113844
258.37505641794996
258.37468907681614
258.37454432892264
258.3743124617322
258.3745643887087
258.3755265438813
258.3745578175003
258.3748248698539
258.37478864188597
258.3744848331262
258.3749727985851
258.3745513382746
258.37487857273663
258.3754572063772
258.3746162749012
258.37491792022774
258.37502731419227
258.37536486690806
258.3743505189632
258.3755497120437
258.3749458948296
258.3738741670386
258.37481230386766
258.3749773047457
258.3737586985226
258.3747292107728
258.3745905106189
258.3750020278385
258.37499025788566
258.37483968763263
258.3752241282782
258.37447954107483
258.3744514756836
258.37436601023364
258.3749720826454
258.37453872556216
258.37495817561285
258.3749625590135
258.37524547711655
258.3741499672178
258.3749391333113
258.37496911409835
258.3752315653255
258.3746955571696
258.37520469364244
258.37534680559475
258.3755501882115
258.3743534330424
258.375259889217
258.37532286325586
258.37449994133203
258.3749780429498
258.375198061025
258.3748569812742
258.374743934226
258.37481470218336
258.3740406554716
258.37459131453943
258.3741674831399
258.37526476188214
258.3751348638907
258.37501905595127
258.374243503873
258.3754697701079
258.37491001939634
258.37497972462734
258.37376307979866
258.3741199199867
258.37498866971873
258.374989053802
258.3748840698827
258.3747871447995
258.37532937274955
258.3747257466457
258.3743287838588
258.37513144336117
