287.9434350613832
271.68938479127735
59.697264007047806
267.48096044852105
65.02013576243598
266.8704985997558
65.85147472321069
266.7367212831
66.03831999489148
266.6984225414817
66.09363453789047
266.68565304249705
66.11253252887491
266.6808050622367
66.11935949682538
266.67899708155346
66.12231850405715
266.6777214641497
66.12402911550544
266.67814540774907
66.12351964956179
266.678064929436
66.1237057341923
266.67799621651466
66.12384526061669
266.67762290798055
66.12439369285494
266.67796949896
66.12355317352012
266.67749784035004
66.12434933474651
266.6777234315614
66.12421061784516
266.6781193414208
66.12310833244919
266.67785286141225
66.12473016909462
266.67822257686566
66.12354563373083
266.6775156442727
66.12464076864308
266.6778197698495
66.12391432260847
266.6774120419959
66.12500132497007
266.67740071057415
66.12482925728546
266.6778293448606
66.12407128243285
266.6785033943197
66.12298922643276
266.6785700390228
66.12227155885921
266.67768509343296
66.12403628554603
266.67807167287174
66.12340443076027
266.6778009945083
66.12372779044381
266.67807182688193
66.12359859882054
266.67644074915006
66.12672892889532
266.67746833970523
66.12464938714766
266.67787216288343
66.12525523616569
266.6775194354632
66.12436489542233
266.6779116323196
66.12402258240036
266.67773618143474
66.12401115387911
266.6776095657733
66.12396804987657
266.6773863458511
66.12470518788177
266.6777615122228
66.12418677625828
266.6771857318854
66.12445914655109
266.6778314512121
66.1238536622077
266.67773421727543
66.12392141764576
266.67750932401395
66.12450465217626
266.67782778030596
66.12380981984825
266.67792305632975
66.12374672406077
266.67736995267114
66.12486941218594
266.6769553021368
66.127105222291
266.67750720055847
66.12458163591509
266.67783224957384
66.12411604337831
266.67744914169816
66.12459699853935
266.677269096228
66.12476284526929
266.67761136950503
66.12471670205196
266.67707440358936
66.12505778767081
266.6782620823142
66.12279627440148
266.6784287855553
66.12208550624928
266.6775390036637
66.1246593977994
266.6779623395778
66.12348619777185
266.6770173649056
66.12568289635237
266.67740239372506
66.12436376673577
266.6773982480445
66.12365067459177
266.6772973071056
66.12527587955265
266.6777030618832
66.12407429249288
266.67783675407554
66.12450500428531
266.6776990900544
66.12416098179528
266.6775904858805
66.12435297522461
266.67798046454845
66.12394607156602
266.67777315631974
66.12390903822234
266.6773471058041
66.12396644632099
266.67698130844656
66.1254740589211
266.6773583195027
66.12474704541091
266.67859750590287
66.12270684004761
266.67734992154146
66.12460506774369
266.6768834753311
66.12568085426028
266.67772711545695
66.12432098363206
266.6779347765332
66.12355521677819
266.6780234738835
66.12336994888028
266.6775052730518
66.1234958034911
266.6778834477809
66.12405069864326
266.6771542032802
66.12558229066781
266.67758584781404
66.12450519555568
266.6774425391195
66.12440982555563
266.67761398790753
66.12466048925126
266.677925961274
66.12425469238224
266.6774607648622
66.12431427732372
266.67781026277953
66.12328938866267
266.6777074230413
66.12211296214082
266.6781678953339
66.12335374191753
266.67803426113824
66.12315605647018
266.6785642196555
66.12259106273268
266.6777999951664
66.12406159128295
266.6774008666471
66.12552104421775
266.6774577334727
66.12472085314948
266.67784007755836
66.12343245871307
266.6778764008777
66.12429896013782
266.67765933187184
66.12431017166818
266.6774522025735
66.1245663709633
266.6775053202655
66.12457062616159
266.6772114344785
66.12496157713758
266.6783722768887
66.12286021561886
266.67757409062324
66.12461092202284
266.678233090126
66.12324389001151
266.6776595792253
66.12426548724034
266.6775363273482
66.12452069378196
266.67794282123214
66.12359348382597
266.6779053462524
66.12393720769614
266.6780023912215
66.12383881711867
266.67761123197124
66.12432329136209
266.67765196375694
66.1244431809755
266.67793144522875
66.12370444121188
266.67809526737256
66.12366692851356
266.6779894945357
66.12379955113283
266.6779783294187
66.12307681867969
266.6775062322995
66.12492975355417
266.6771123454964
66.1251986235875
266.67787292279536
66.12386447335302
266.6778738803696
66.12396982184146
266.677967532858
66.12502257530286
266.67754765386053
66.1243925459421
266.678209884034
66.123451678126
266.6779313081497
66.12381644589186
266.6775246366451
66.124587833634
266.67828097783786
66.1230864845129
266.67779781261925
66.12375401292229
266.6779392592289
66.12381971591094
266.6780523491616
66.12409310188377
266.67802430083975
66.1238541664934
266.6775444889354
66.12454920529854
266.67811720051395
66.12323495170858
266.6774923219782
66.12338423641631
266.6776404645061
66.12410934932996
266.6782188625948
66.12339854279708
266.67775931430515
66.124101815818
266.67785428793286
66.12415275152307
266.6779945844173
66.12332360360597
266.6777120461047
66.12427195750934
266.6771378736885
66.1253159143962
266.6772216133104
66.12551430008898
266.67820791066333
66.12322937681165
266.67769080890866
66.12497485536733
266.67800600374176
66.1235855568957
266.67827007037704
66.12278211241937
266.67835585869034
66.12322678185592
266.6781295280671
66.12437344495265
266.6774324891885
66.1246211927064
266.6774770123302
66.12437865606626
266.67795368967927
66.12363329564687
266.67792303267925
66.12386786288698
266.6778793401172
66.12325922437594
266.6781777663273
66.12336820544442
266.6783515628631
66.12293605180457
266.6774934640998
66.12410934932996
266.678315680314
66.12344719166867
266.67797913019604
66.1245699532301
266.67744238661544
66.12466305859562
266.67758504260564
66.12437811591371
266.6782432499167
66.12284629998612
266.67798937308544
66.12347031373065
266.67845725158986
66.12286808928184
266.6783991386619
66.12232161786233
266.67778726972756
66.12372799980221
266.67756977432873
66.12423820051481
266.6775785176869
66.12449390302936
266.67784259835025
66.12383873203362
266.6780107720988
66.12360242770228
266.67780533022597
66.12426752813917
266.67788518486486
66.12376119761029
266.67747027697624
66.12487564378534
266.67837506733485
66.12294488537009
