288.198052674493
221.03888493234444
248.74514559170564
237.60554730116837
241.70372690936392
240.10731158342583
240.71137446586272
240.4793080960826
240.56830833887943
240.5339080013391
240.54717178647115
240.5419059612259
240.54413356889017
240.5431138915592
240.54330152507737
240.54360126986558
240.54307670453545
240.54339364746738
240.54367005273616
240.5430831769836
240.54373317261525
240.54348964018027
240.5430006783772
240.54371228389027
240.5429452994449
240.54368960387
240.54318770123973
240.5435477056235
240.5430399005054
240.54350376813454
240.54307039319792
240.54386616753436
240.54288114366682
240.54294330829725
240.54370880494025
240.5432321749613
240.54340551775022
240.54363274486786
240.54300981568485
240.54384618086806
240.54298028254198
240.54347925824914
240.54305556598592
240.54382241061285
240.54314684187193
240.5434928149807
240.54330032215148
240.5435819633749
240.54311841395247
240.54343649378643
240.54318292286553
240.5434450805369
240.54363690849277
240.543179798442
240.54350407552192
240.54337188470527
240.54338368295794
240.54314958493705
240.54353521419398
240.54337553498408
240.54350709060236
240.54324380002072
240.5434946925816
240.54322308673
240.54339391072426
240.54330286418917
240.54354164708275
240.54344760226377
240.54357910326144
240.54297505816066
240.54331908759923
240.54327029291744
240.54366225642298
240.5430148073392
240.54398847798439
240.5427465134344
240.54315572051564
240.5433854206458
240.54358918992875
240.54214708738436
240.54412078474707
240.5429869829277
240.5436313446553
240.54350851615527
240.54320398533673
240.54358043200773
240.54320730660038
240.5426577216167
240.5433917256487
240.54319954543462
240.5431636815847
240.5434483420977
240.5435692934916
240.54357794509997
240.5432148059699
240.54370383452624
240.54314352578513
240.54316558269784
240.54357043421624
240.5435371113781
240.5431628989536
240.5437773332451
240.5433209519324
240.5437074569345
240.54274296237418
240.54390203585353
240.54330597334774
240.54336639559915
240.54343986546155
240.5434794536559
240.54364266065386
240.54303969820467
240.54366234305053
240.54324885642563
240.54311515232257
240.5433070226427
240.54359170301177
240.5434628696239
240.54332248473656
240.54352772346465
240.54354597731435
240.54326281080284
240.5434546213146
240.54327956705674
240.54335284044646
240.5432738145464
240.54364507355785
240.54323632566957
240.5434073015058
240.54273974263197
240.54397812699608
240.54291828022542
240.54345296649262
240.54362794969347
240.5434397261779
240.54333926559048
240.5435169524353
240.54341785026918
240.54333504140232
240.54361674356915
240.54306731904944
240.54356776665372
240.54244162311807
240.5439775851337
240.5430348587979
240.54315891568694
240.54335836259997
240.54340240643796
240.54334965183807
240.54303969633474
240.54310326330597
240.5435097553127
240.54360406765772
240.5432090012473
240.5437684280405
240.54354683560814
240.54356183431082
240.54352619024576
240.54302617957
240.54318157106172
240.54351886589575
240.54336248752224
240.54368135592813
240.54287148246658
240.5434656321886
240.54330080898217
240.54360222743708
240.54324830532278
240.5424570065079
240.54395656753331
240.542468717038
240.54360979450576
240.54292252514279
240.54349559445836
240.5435296440628
240.5432685995911
240.54343962365965
240.54315391585988
240.54333869209222
240.5435488929943
240.54349570533668
240.5436377375445
240.54312837825273
240.543480653374
240.54351926890376
240.54311465797946
240.54346451128367
240.54319905523153
240.54293086459802
240.54377590143122
240.54332643891394
240.54285885687568
240.54263449265272
240.5445880774787
240.5426976645249
240.54391433567798
240.54325812257593
240.54351279606635
240.54345598629152
240.54346662014723
240.54280742209812
240.5436638083047
240.54312706833298
240.54363221405947
240.54316730922437
240.5436182621197
240.54353495049872
240.5432031014061
240.54344889135973
240.54310293184244
240.54339644048014
240.54304699093336
240.5429157017934
240.54390248762502
240.54264702327782
240.54400602317764
240.5430764865887
240.543575229196
240.54327802357147
240.54346115203225
240.5431081217248
240.5436090988369
240.543476347244
240.5431029204192
240.54373056133045
240.5429871550732
240.54375948547386
240.54315927423886
240.54336606903234
240.54362906159076
240.542630810407
240.54373577365186
240.5431412467151
240.54382608894957
240.543437848959
240.54280150656996
240.5439611892798
240.5431176469574
240.54324449536216
240.54340318939649
240.54351622160175
240.54354602546664
240.54356273867597
240.54341936850687
240.5432484705525
240.54355618020054
240.54371612946852
240.5433559538069
240.54331904089486
240.54362586059142
240.5434940163832
240.54343219430302
240.5431964307645
240.54343201727897
240.5432180652133
240.54286165127996
240.54359160081367
240.543501236898
240.5431200962921
240.54374610455125
240.54212065975298
240.54394680669066
240.54254493914777
240.54405310188304
240.54278101879754
240.54369448621583
240.5431970411737
240.54356820073735
240.5431273636932
240.54336797774886
