287.3331779974654
87.61762027850142
206.99509981581252
240.2266303788051
47.899874528020746
234.71680654234683
221.00125222972565
86.05005679585702
201.34765708078362
158.2202091856102
259.4136654566296
185.72930777608508
218.932225164971
94.86065302884526
131.37177305509704
253.27488636801309
202.84654849175467
162.61993049211105
103.93443866008147
253.30459339018034
242.93173587597994
213.6191883394049
110.2082652388599
55.97033065413143
257.8339823428287
189.81973609504894
213.64152219018524
115.40199267446951
46.96593511623723
246.0117952453138
208.71178543799033
143.89826629656727
191.6778507199433
248.577823630274
205.2742921917379
161.49586497484052
91.13565731934614
202.09477250324198
244.38987645326233
43.98111688056633
235.36304921132614
219.97854557995015
89.34122983671296
181.5896338906241
213.1675929126759
257.3657239335007
187.0753700627065
218.73343946432215
92.73438032933518
164.7577068375249
214.52042613791673
182.29477846285954
246.23380842354527
39.525718061782754
236.58795234385252
219.39056033704946
90.53909049091271
174.67169323307644
216.88147025833496
256.54768076369146
190.60727586271605
211.60210123907018
127.3853735822122
230.6564252751159
225.23433343261968
76.01854905418804
221.29105733894903
87.55356105394458
198.1441860566265
161.35070705359976
254.84878150091026
243.63445964410857
211.91036418112344
117.76639945036368
39.925055824951414
246.93571406804767
208.88866910009892
135.62438011923587
223.44216115236486
230.1934240231385
65.78152440727354
228.35931276416886
226.16983154338595
73.7120161154453
223.15773519571303
83.31094277416196
211.01327717633467
117.7809527799036
26.06661294903097
266.2131306054507
183.11238648064318
209.3719092457104
242.00064863124862
213.3605597550959
112.70028086465754
50.22272706278818
244.1039172710516
213.61996532244302
110.42152739906669
55.455764924718096
257.6850541314416
191.67512519193042
208.6978661021094
150.68077900344724
143.03528857393394
260.42978596057947
193.81493501212026
176.60503020703254
236.70888308088615
215.19498162118543
118.28029369698197
217.2014725194349
256.24298835350055
188.26458248814743
217.39924628855442
96.44902662489403
130.54630673059728
239.79722085684625
230.00378017167168
221.08637723448555
91.16492282163745
245.2520865237566
210.53225973542067
126.1156791534122
231.761809143125
223.25031379506981
81.6188811167267
211.0187621575642
124.13105578505565
12.33536438799274
261.49701435708994
188.0717724977294
207.0110848521872
163.8470926249356
85.22951052081771
259.293329336404
192.85662499728642
209.45267227651493
129.68096665182384
250.6732278905256
205.30522401742928
147.06774329708423
206.88476029865706
239.21256240869116
50.57392853597412
233.83002959383157
221.3997516899035
85.35115075911744
202.78196727751492
155.9695130406617
260.04259263008134
181.11846436389897
225.65121524037386
75.55159709673171
223.2386985146295
230.09280547586968
66.07598548723035
228.07808444056718
226.12654564248805
73.74857955985499
222.54451522684394
83.21984721582703
214.25827033382666
236.36278927356034
55.09839343964268
232.58054604537028
222.56416331524815
82.25179488943832
211.70402537027257
116.87549180518545
26.67006244733784
266.8433272500188
177.56657115255075
222.17544044063106
96.21118331442995
256.6619283562977
197.5005340391217
182.00395907067286
27.390714382985607
258.02871161299845
194.70531403033965
190.63287360942923
244.44213443648914
42.73661609264673
235.8274474995851
218.29193609813228
96.22840558447933
110.22926015356643
245.07335181614326
210.59507361300348
132.28215635852393
224.1568482033399
79.30184251457104
220.84173911239486
232.27307411978109
62.05431110368227
230.0699840287998
224.76541196180187
76.87973164912546
220.1124047504054
89.993320982554
185.5240097458518
183.5010917337495
254.89693112854002
197.92985400663747
181.61334841527423
29.75721973778127
258.1202583948034
193.16472904171678
199.52129556134605
205.6998004171037
143.67505026666913
267.49659345595865
171.15485335834092
230.51754981056
65.74599447795481
227.86184049564326
71.0940789983506
226.5235111874572
227.44788150835666
71.44095997006661
224.66611879917764
79.35708855784469
218.50982560557168
95.91803614387754
126.68106232676655
239.06855442912638
231.53979601761966
221.0323350637118
88.9884393186876
156.91006284370815
163.90760275420325
207.27418276628305
249.71444893151784
197.2677784383195
204.88535487994523
143.00366485276754
260.3962305100067
189.3968937126847
204.97052553715184
164.44808623109566
92.94519887471688
254.47447169586667
243.04253979264467
213.71006189830223
108.89459446436376
59.827354729037324
255.68795791943558
200.80043901394674
160.71045659884112
119.08847630774835
257.1663458450348
184.71379476608854
42.33372154407698
51.034469082915166
246.03686614342587
206.82211889152677
161.21808987113764
237.98632301933685
54.29187938843825
39.917944027220074
43.61340320439922
250.70834712126816
202.2495599555623
179.0246029117552
227.89088925333635
71.20564728032332
226.49347363437118
227.59716564792325
71.04217283781327
225.05073083471507
79.18399641088035
216.7291100198927
98.718906463444
118.46755973726977
237.96437633673486
233.10145413583086
221.08744007293717
86.47722743135819
199.4882138169487
163.6116638740059
258.74312313574774
185.1781415156729
220.84515255340375
86.97576696934993
202.55017244363262
152.27493604685878
256.7686926505703
243.7268068472331
210.37260073992366
130.69992146475124
226.51360809369362
75.79820172447944
222.16046204925806
84.23715428452124
212.81940770010988
237.36199703760212
53.55426380703284
233.0810044308455
222.14674374237075
83.33100641914643
209.15190362960857
143.52604600976338
247.85746069133165
225.54330656160892
223.3508386448957
86.11806495819474
245.83920325804502
211.34164395013067
118.16796831159445
24.185345367950504
247.24514431439457
38.3894963455532
237.27891532730428
216.9644154508278
101.06144967654836
84.77030947842286
225.99351796404517
231.63749669727986
63.69911846636387
229.79535180212406
224.86132780644402
76.87459378453786
219.90948851585563
90.2604437172995
185.40278950925858
183.83469792587857
254.85896263872564
197.72858906937472
183.49839497057837
21.7042980317201
226.7877550974954
95.10836625644879
262.84143552293244
191.03700378102076
194.34450293581176
7.035903603609768
258.2829453656159
193.1757061509852
195.71794792840956
245.8900377304526
209.05019934949814
135.92347955035802
222.29633607705182
86.05011073811329
202.55578234174754
152.5721224535373
255.62040857241664
243.1591247608303
213.56244752810744
107.84513775375672
63.662791225491674
264.06718185561476
181.2004575751489
220.8099469376757
95.98904122973909
242.5785112010053
47.37355006825237
42.859596890048124
55.11145514711097
246.64755493035773
209.151337214862
133.52208891183545
226.33719746107818
227.67447954011732
71.10888397428789
224.84849951635988
78.71181855323084
219.7294664628571
232.6872868208011
61.0518962143542
230.4259489999822
224.56960475468077
77.23957500119286
219.8032867564325
90.91259061892924
177.82078902516514
193.2274096545152
253.26367851514078
197.0537396743748
197.11037746783404
202.21573280417942
174.99137341881578
53.71682473436522
218.56550188615802
140.7742405334866
255.919968587521
148.0283243648155
267.1342242733954
168.36907947935106
233.3892451666179
60.11410615834757
231.26255113510706
223.64171650765638
79.70342866626743
216.2208572857635
101.01218545697338
98.6673520153854
247.11028017061471
225.89239268164965
224.1745196410775
82.07066878286423
165.5315609057143
257.96393345014076
191.19414634550049
