287.97574114798306
83.8167992621884
268.7252286220271
155.22767458755038
256.2552333664262
195.87279880915798
243.17400689230317
213.76448267714977
234.40806520341494
221.12593241232662
230.08138904088946
224.22640540327302
228.1294481137379
225.56053603953478
227.26585912460814
226.13974477711963
226.88612665864366
226.3929193697868
226.71979518067837
226.50217560394594
226.64717450456828
226.55090313744222
226.6153524759311
226.57283378249303
226.60076410011425
226.58074877957552
226.59446022830343
226.58511702466967
226.59207117754886
226.5877290508688
226.59020929330654
226.5885354737784
226.59064886540546
226.58864498396179
226.58974971289354
226.58795751023354
226.59034485085613
226.5888892770945
226.59014665272116
226.58906075283812
226.5895563005979
226.5893943223018
226.5891161550735
226.58957454474694
226.5892452848093
226.58958320759302
226.5893958021952
226.58979877420643
226.5893473048527
226.5889706143389
226.58977857242462
226.5893674246763
226.58957985573943
226.5891502273953
226.58944526238338
226.589268288335
226.58906973609191
226.58893323422308
226.58961534922855
226.58952272517126
226.58953322689558
226.58887401905304
226.58933565309417
226.58873737957765
226.58927281017168
226.58849076598926
226.59009839205828
226.58900399616323
226.589355796983
226.58932148469103
226.58945160592702
226.58827379228387
226.5903633477501
226.58885176732292
226.5893503510597
226.5883144092004
226.59014459026002
226.58918045721657
226.58958366659135
226.5904188476743
226.58931506555746
226.58955400792183
226.58874644310345
226.58937872264505
226.58841686360756
226.58955473531387
226.58910698197724
226.58858531212536
226.59020661174145
226.58880619427873
226.58966876295017
226.5893838540651
226.58928311824275
226.58872285807956
226.5899992511404
226.5884748592398
226.58940376408646
226.58855899430273
226.58973921499637
226.58922022687693
226.58886126435027
226.58918247450492
226.58989204949467
226.5881789682535
226.5902370384938
226.5889605322809
226.58957414104952
226.58834888804995
226.59055146658648
226.58785087495198
226.59070218941633
226.58795516552345
226.59011176773492
226.58866496690462
226.58953501111682
226.58940309880563
226.58935491818556
226.58896246087534
226.58981432190194
226.58851808541658
226.59032472606486
226.58850517246174
226.5900832918487
226.5883786648119
226.5895492677082
226.58759866087348
226.59066095008166
226.58808762390254
226.58995719051745
226.589066167282
226.5891140392705
226.58958477742271
226.58869581595354
226.5895104719748
226.58904635252838
226.58936727559922
226.5877668174653
226.5903104886529
226.5872410665179
226.5900468216787
226.58890883751883
226.59049342934304
226.5884104957513
226.58959337039414
226.58928266861767
226.58857771051407
226.5897981575472
226.58762854860106
226.5896818242254
226.58899447859585
226.58981896092882
226.5896165171216
226.5877974555333
226.58998268264986
226.58691240134794
226.59076899507636
226.58751862886857
226.59067263801262
226.58701512001426
226.59130810828356
226.5882902274534
226.59002012200654
226.58885714704957
226.5901963429278
226.5893696332423
226.58907435417495
226.58907526078838
226.58917920021486
226.58850375140173
226.58984102895192
226.58895545385894
226.5887394496167
226.59010503241734
226.58884154965926
226.5900115594559
226.58910419816675
226.58916499521
226.5881761631099
226.59022769696458
226.588324374301
226.59008144320978
226.58910940718488
226.588179542734
226.59059576649452
226.58792666684167
226.59072117518372
226.5882612720161
226.5902953117111
226.58799094661663
226.58995121357293
226.58878413750062
226.59048199290555
226.58921811047185
226.5889492549104
226.58788756596914
226.5906712316355
226.5883211986802
226.5904462052349
226.58866187973763
226.5892384147228
226.5876940246817
226.59063125709508
226.58852693734661
226.58964976726566
226.58835983739118
226.58975491844467
226.58941993387998
226.58887320947542
226.58891909454542
226.58932390922564
226.5892476879235
226.58944671839708
226.58909404079895
226.5901469005912
226.58907571157033
226.5883450852998
226.59028196554573
226.58902799674252
226.5890817269683
226.58917489807936
226.5881916188955
226.5902057889616
226.5886909966066
226.5891385570576
226.5898495010042
226.58921475005627
226.5883040240733
226.59013320902886
226.58828691086092
226.59037606971106
226.588777337005
226.58882038386946
226.58978304296033
226.58949308785668
226.58941138161754
226.58843115098716
226.5898642633838
226.58887947651965
226.58911182328302
226.589594794219
226.58976904551673
226.58965392049868
226.58973462808353
226.58869317901554
226.58841500135895
226.59007628441032
226.58912441392022
226.58959299918206
226.58873893585405
226.58948443015106
226.58899921747798
226.58996664064762
226.58886901265942
226.58979255487793
226.58835656048905
226.59018186443427
226.5890937308286
226.58945364809188
226.58845995132287
226.58964028270566
226.589595912621
226.58857019450807
226.5898796619149
226.58787365014723
226.5900062754663
226.58829894961673
226.590380821086
226.5891947659402
226.5900886907766
226.58937005062762
226.5898732507485
226.58948263261118
226.58868109475588
226.58983599333442
226.58908936475927
226.58885460592865
226.58956812196993
226.58880625569145
226.58974809669598
226.58893936466484
226.58994905737927
226.58958665354294
226.58982053333602
226.58832221322518
226.59014675412618
226.58882139559137
226.58915226870158
226.58903647023544
226.59019395564974
226.58902803526144
226.589176881389
226.58993147181172
226.58787983878574
226.59024875577597
226.58882856331184
226.59018238147837
226.58944509101275
226.5889565188554
226.58969386016543
226.58895656383538
226.58943495640415
226.5891909716447
226.5897672038409
226.58916897483869
226.58822825516108
226.5901810223586
226.5885671488213
226.5896068590373
226.58903548186936
