287.70353978236994
165.95725377203837
223.1044789164789
239.59357243663453
231.35923141392186
234.77494692835262
233.12106536595866
233.9184379850194
233.5178693384978
233.7207585559422
233.61648175892742
233.669906213373
233.64247920940306
233.65676227692984
233.64914290060096
233.65388136921501
233.6515184083355
233.65225050749723
233.6514593084321
233.65219022167093
233.6522481122438
233.65175162211654
233.65201326415172
233.65239296808522
233.65130355015026
233.65260992858748
233.65243940686014
233.65170217740888
233.65180848718228
233.6519173001834
233.6525452262722
233.65173362083624
233.6519971261805
233.65260201171623
233.6524482826535
233.65226860107396
233.65180586239512
233.65272300678225
233.65217966360433
233.6526486768489
233.65175636214553
233.65261322309743
233.6522643674507
233.65263650018096
233.651481790459
233.65241685850015
233.65243741166887
233.65211829095642
233.6527059549262
233.65165822153722
233.65242625806422
233.651867997949
233.6522471864373
233.6526885764506
233.65194568952938
233.6519616558544
233.65196107204974
233.65169070782576
233.6529195312869
233.6521923736982
233.6523046106704
233.65212596504716
233.65176340525795
233.65225539998937
233.6525971297815
233.65244604944746
233.65168282649756
233.65193623848972
233.65191547822178
233.6524162028254
233.65166431963735
233.65183119357243
233.65151133256586
233.65222401132996
233.65233825559335
233.65227252000477
233.65224168612986
233.65230233122566
233.65263791696634
233.65177497594777
233.65263059696372
233.65149940374613
233.6520957538487
233.65199108191882
233.65232717135586
233.65256158569173
233.6522107298697
233.65180263909133
233.65176270381562
233.65138743544594
233.65239895481864
233.65190119143517
233.65250918200763
233.6517646025568
233.652714937336
233.65170270527597
233.65238475505612
233.65262096674996
233.6522992737955
233.65191106324346
233.65215626815188
233.65151291695656
233.65207773325528
233.65182360872132
233.6525707263645
233.6518640451177
233.65248188617988
233.65160335088876
233.652213063222
233.6523874073173
233.6520509532711
233.6521393632429
233.65220193334244
233.65179611761414
233.65233043073385
233.65245753470663
233.65223368506122
233.65216765136574
233.6514657428488
233.65246582189866
233.65231641916762
233.65251698064822
233.65202796454105
233.65174777637003
233.6526694082495
233.65231015754398
233.65258482686477
233.6524250356233
233.65224629532895
233.65245743437845
233.65215454383724
233.65187016626442
233.6519209615435
233.6519065717075
233.6525058578627
233.65174512517842
233.65190871911182
233.65262556456582
233.65231242316804
233.65249398699962
233.65171206757077
233.65214031833602
233.6526554529555
233.6516629116668
233.65250935806398
233.65181768309412
233.6521746980361
233.65262727594381
233.6516879721239
233.65198159783904
233.6517975396855
233.65200943124364
233.6516499457357
233.65245741294348
233.65234532252362
233.65145954462787
233.65260492881498
233.65140379970398
233.65219017706113
233.6524170731209
233.65224345950992
233.65248048452486
233.65176476298075
233.65274981408584
233.6520998381311
233.6519714828537
233.65255212387274
233.65173791630514
233.65258568615536
233.65148812723783
233.6527454267998
233.65191319880978
233.65275010245387
233.6522145061972
233.65255846832588
233.65234717146086
233.65238220617175
233.65177478646365
233.65194066688127
233.65230967197567
233.65169192264875
233.65244092253124
233.65180575731938
233.65203666989692
233.65150415887183
233.65299421645614
233.6517144414247
233.65192959246633
233.6523657520229
233.65152456382202
233.65243549176375
233.65184001078887
233.6518863858073
233.6523850568483
233.65174375830975
233.65200853621354
233.6523840520822
233.65262073341
233.65207542743883
233.65259303315543
233.65175436576828
233.65263154980494
233.65253615345864
233.65172315995733
233.65223003763822
233.65187260393577
233.6518488946749
233.65269009166514
233.65209647867596
233.65140138163406
233.65190232094028
233.6527649241325
233.65201639092993
233.6518625987228
233.65167750002
233.653132930398
233.65152594126994
233.65192184774787
233.65247427034774
233.65263538122235
233.65221127327823
233.65191605234577
233.65187808993505
233.65193256901694
233.65192172270326
233.65221190432203
233.652822058968
233.651390197585
233.65251278963115
233.6520096471213
233.65264563447272
233.65169161005178
233.65254872957303
233.6513937129057
233.6519915585377
233.65259270406386
233.65242910172674
233.65224351384677
233.65217591305554
233.65203918000043
233.65248478989815
233.65220948067144
233.65245116552978
233.6526471688121
233.65175974211888
233.65242467106145
233.65116526460042
233.65209531584696
233.6517911957344
233.6523447749496
233.65191235479142
233.65231319726445
233.6523006046773
233.65184755787777
233.65260003178264
233.6520190823503
233.65231621466228
233.6525207755767
233.65189957003167
233.65230860213342
233.65239939224557
233.65183162983158
233.65230705939757
233.65217662054056
233.65182920782536
233.65235414468043
233.65192052458588
233.65219160159177
233.65244250900287
233.65231519959343
233.652306785807
233.65201142245496
233.65187861505547
233.6523896344297
233.65187091457483
233.6526765714807
233.65251708216965
233.65171604928037
233.65276832655945
233.65222697007994
233.65273880661698
233.6518679264409
233.65087498098728
233.65210051737085
233.65218351696967
233.65191559238883
233.6518626428733
233.6520174965699
233.65225456556072
233.65177350015438
