287.9307564757097
267.4503482822805
268.36023410509847
268.291453797606
268.29571868478797
268.29499306063553
268.29556324880514
268.2953703715398
268.29585210005916
268.29537663305655
268.2955161161299
268.29573946908204
268.2954224617388
268.2949811840099
268.29532524899787
268.2943697632654
268.2952397100071
268.2953235831301
268.29422278696256
268.29603628571385
268.29622502500206
268.2948616108788
268.29520754005716
268.29573473897835
268.294913726555
268.29475816061495
268.29581321464684
268.29555195623834
268.29422376592265
268.295448441404
268.29463683241556
268.2953109203627
268.2952335442569
268.2954466546689
268.29418218018327
268.29534819955006
268.2955953922101
268.2948268557484
268.2951143871978
268.29513916503856
268.2952653356915
268.2947917464735
268.296086192091
268.2948296536306
268.2950779809471
268.29592662662253
268.29529851880216
268.2949899294763
268.2952571844835
268.29541981108196
268.2956421102899
268.29489115819524
268.2953548995865
268.2943700589458
268.29528071519235
268.2952289738241
268.2953162905651
268.2957746364882
268.29440513243026
268.2952765634727
268.29554245331383
268.29499009048595
268.29578712365765
268.29520573253103
268.2952567913235
268.2951339106803
268.29499950446916
268.29542663824395
268.29556415932893
268.2957590066726
268.2951260687478
268.2956262137013
268.2955904091432
268.29548090329627
268.29551648994675
268.2938856425608
268.29607282618963
268.2956477418702
268.29551115487266
268.2957532058863
268.2953314621045
268.29539689621015
268.2956808610543
268.295347557716
268.2941361753619
268.2952440499939
268.2950619745243
268.2939772423488
268.2955865916374
268.295365998114
268.2948824978739
268.2959796333598
268.29585075760406
268.2950841835991
268.2954786311675
268.29496765153453
268.2951487746104
268.2951657403246
268.29561509520136
268.295162342969
268.2956445069358
268.2953272726809
268.2958020691658
268.2950448070842
268.2956419905022
268.295186724994
268.29506278483314
268.2950417480097
268.2954941414646
268.2959973110992
268.29540405063744
268.29526245067245
268.2957606316122
268.295458316672
268.2956766614516
268.2952032547255
268.2958521385808
268.295618314427
268.29539685996133
268.295524191657
268.2958266065252
268.2946920590766
268.29439234054007
268.2947318867373
268.295128348851
268.29559140665515
268.29518593374814
268.29563688783674
268.2953497273993
268.29517922125524
268.2956622967031
268.2955712818657
268.29522218929196
268.2957522258803
268.29428255103994
268.29557899232896
268.29525884016766
268.295503427551
268.2947053146345
268.29573587597406
268.2945494231826
268.295643295176
268.2956970846135
268.29504227411235
268.2960294861259
268.2949909156596
268.2954366035701
268.29545161596616
268.2957272292697
268.29568698488583
268.2950961100287
268.2953498230636
268.2959877342364
268.29550773439405
268.29520221256826
268.2954447808297
268.29514578473754
268.2946435559861
268.2954572478484
268.2939788320655
268.29575471856515
268.295040098601
268.29502451581357
268.2949336856982
268.2952739085158
268.2955834612949
268.29518556947005
268.2956135249842
268.2943472432089
268.2945447132952
268.2957404881454
268.29504610631557
268.29543312122405
268.295692557469
268.29531637251785
268.2953678799531
268.2956354747439
268.2950627162354
268.29493771126727
268.2952208658535
268.29551142579294
268.29569694573
268.29573075353983
