287.48782429137714
178.5791450425906
232.58289188164724
235.59115316606756
58.943511417044874
65.16605719574522
250.30029751799316
227.86617806804247
72.09181085954424
22.599513614190073
258.327877653237
222.32616754112814
84.04508915585302
238.607821341026
51.9260315273591
91.4776593881561
242.52690868623404
48.55814828339726
101.00102495013198
259.2305723208574
222.41273541193823
83.74652233310735
237.11671877037952
52.81169888654949
249.05279830025302
226.27465240795573
74.91245255508875
25.746289496089048
214.96783058605615
249.71442233607831
225.00198166550308
78.13031602546562
39.95104743851425
213.27640251527828
121.52902933932455
227.93679994050308
239.38963151748067
55.34122596196721
70.45094876096482
243.83800517701457
42.27405946390354
245.97539768176102
39.38825469246149
250.3437272393876
225.5281661753852
76.53164844167259
16.226930653088857
227.92193577190847
83.82139361085319
253.10944995601494
2.7384408144553163
253.89179559051263
224.59825004346385
78.5153633050486
4.1624631861559465
220.5430203146734
247.4170571462364
226.09153056496143
75.58318330632574
40.75574417739335
214.41342039145457
121.86837418004143
226.75917390293398
239.24005020889854
53.292541046268525
83.27596330827146
244.4719016698691
43.99184034287646
128.45519587853414
165.48377495698514
21.526879867173193
263.95858250922174
215.88644526340795
125.99762093420395
243.8144361501909
43.76676092671187
234.7359365559969
73.07915153269278
244.8767925996617
228.56446073657207
70.22247092461112
44.90512862841206
161.1143053316955
29.297995228713262
261.0161615952493
254.262603200772
224.47096504884757
78.76644500729526
216.3357772349009
247.45800939322726
228.89282076699965
236.59378701846435
58.453226831014035
63.30613047508086
249.25678273268568
38.65737197143244
154.65536944043197
244.32316768482997
230.82924115586138
66.82986978377085
46.890878228590736
254.69668537276812
224.6098854623997
78.46221581792997
4.193319836664159
214.02485536407767
264.6462941636928
216.34558014965296
103.44764138281244
234.90164894225745
234.31674545819988
60.61034596445825
61.8139849039253
251.66758732451854
226.58594667899524
74.33866770394161
17.648397604942147
259.11530095286435
221.32929417558262
87.01000043617023
239.55223530017247
232.650380072002
63.99530778357075
51.78473527809547
253.23072471267005
226.04010119935992
75.51800718115192
13.366237121459562
259.31395757830614
221.26682715188872
87.14210705325604
239.57109655396926
232.62753941284973
63.98748943726605
51.88181390419413
253.23234415066327
226.02146954149066
75.54916140556816
13.321497910248581
259.3254380912804
221.24732715278878
87.20421883618474
239.56948567073778
232.62535463758104
64.0206224485155
51.76650949760369
253.24822653688898
226.01675473862997
75.55958006568835
13.285429723771813
259.3259279642152
221.24863685327
87.20012967046932
239.56962457900227
232.62532036722405
64.0183248364774
51.775815759421675
253.2471221383239
226.0173011635634
75.55791670882172
13.2907559874875
259.32615347368846
221.24815288298123
87.20134673990106
239.56956377030292
232.62509702669195
64.01903544038942
51.77458761232265
253.24770796776284
226.0165617368475
75.55940683936205
13.28730917901703
259.32645446595416
221.24727393854118
87.2048025976328
239.56954604011844
232.62525534984889
64.0195480670809
51.77031946337229
253.24781191487273
226.01700414867082
75.55878866325656
13.287495247714105
259.32619000424165
221.24821960314148
87.20088424661662
239.56960178234294
232.62562626548606
64.01816518080159
51.77430486003141
253.24703009822406
226.0172714905857
75.55822638760583
13.288770399944042
259.32601648330456
221.24797747428966
87.20239738308737
239.5696477394522
232.6253744243004
64.01862900544802
51.77368895271502
253.24731536662875
226.01704101842188
75.55881216390117
13.287696732666518
259.3263078370146
221.24781590193015
87.20284104524035
239.56970422843733
232.62538593512727
64.01904699068837
51.77173325706099
253.2474658861247
226.0173598362744
75.55833900487778
13.288542758207768
259.32595015397237
221.2480472784664
87.20289352689724
239.5694899537848
232.6252970187561
64.018382072456
51.77448765991721
253.24720910399628
226.0170880082369
75.55850778720924
13.288690470981237
259.3262526934559
221.24861320955097
87.20028266902955
239.56979345389846
232.62541581296682
64.01810955918336
51.775637667764386
253.24709637681372
226.01719143015362
75.55815659800282
13.289735345148074
259.32609889523883
221.24822670445428
87.20128078758717
239.5695247886324
232.62539525896864
64.0173803545913
51.777350192125596
253.24669297663058
226.0174215694642
75.55819407947274
13.289746846523485
259.32579887589236
221.24830367696995
87.20140203418123
239.56975608581706
232.62543676560745
64.01821724476758
51.77522872068221
253.24701668409398
226.01756404621847
75.55784293056786
13.290483079297701
259.3260379278727
221.24777652403282
87.20198536902899
239.56967373291263
232.62534724314173
64.01934819709277
51.77129076284473
253.24762889408885
226.0169826941201
75.55895563906961
13.28733485112025
259.32603402397945
221.24812919663236
87.2015119552525
239.5697242215756
232.62526013647584
64.01873654383962
51.77328650170239
253.2474248740691
226.017049245238
75.55851211335539
13.288521702845173
259.3261164460637
221.2482957717075
87.20100751994323
239.56953206278558
232.625380004647
64.01822529174387
51.7756828211277
253.24714241376205
226.01684295776067
75.55946766132547
13.286916945580742
259.3263757893292
221.24768302906887
87.20307231599872
239.569719506806
232.62546841714357
64.01901155721862
51.77180668414803
253.24751159783045
226.01720063645917
75.55819446510577
13.289093273109756
259.3260434176773
221.2480933668412
87.20134994442924
239.56977279688
232.62516585826233
64.01903737503744
51.774148566648364
253.24760403795517
226.0167155948293
75.5590972629725
13.287879467156017
259.32656170532573
221.24693435827794
87.20468094093667
239.5697213599633
232.62500989493856
64.01915090689727
51.77213748378563
253.24774358756258
226.01659981055127
75.5597587901866
13.285609807062428
259.32642443318036
221.2474537153612
87.20334352696955
239.5696618071379
232.6253972016566
64.01900466471852
51.771912530908594
253.24744550410833
226.01722178938508
75.55824551312253
13.288861423105118
259.32597853057086
221.24840319815848
87.20062820245221
239.5698141343164
232.62545213650446
64.01833794492995
51.774707936216146
253.2471006331616
226.01708851395233
75.5586208399036
13.28865624005266
259.32612604423775
221.24792457310832
87.20169562746014
239.56986939559283
232.62549748003948
64.01869762245042
51.77272560381971
253.2470414620766
226.0179087141587
75.557215514782
13.29176210652804
259.3259263382206
221.24854843769572
87.20003309439926
239.56967436186096
232.6256227018457
64.01727041999402
51.77863043731486
253.2466403626022
226.01755722837697
75.5575439632812
13.291334288049256
259.32583385147154
221.24752078560414
87.2030190827063
239.56944492990442
232.6252000159002
64.01848984492244
51.77398303413065
253.2473236881924
226.01712285804388
75.5583006561501
13.2892503333278
259.32605630187027
221.24844686737924
87.2011780529283
239.5697459012008
232.62558711065503
64.01813433715142
51.77418053023575
253.24694280973927
226.01757372918655
75.55797506967792
13.289465001187637
259.3259559182334
221.24809406412533
87.20228749599482
239.56954440609843
232.62533051829087
64.01859579555457
51.77394614640798
253.2472465801402
226.01714350964176
75.55836264468962
13.28890781159862
259.3260692159529
221.2479829637159
87.20176858942432
239.56953897622589
232.62524463562295
64.01823281962425
51.775134813418845
253.2472567986988
226.0169482014462
75.55878652393585
13.288241483780439
259.3262563691969
221.24751257112075
87.2030130285857
239.56956070434535
232.6255289939727
64.01851052996062
51.77346167268115
253.24736290163128
226.01716742063581
75.55857093488157
13.288492597697768
259.3261723395408
221.24817781764432
87.2015981295117
239.56956572138006
232.6256845706812
64.018035538611
51.77481893770164
253.24699814725318
226.01733319100458
75.55827060200681
13.289112877173466
259.326047325696
