287.5128981912652
209.93712498657953
188.92405037569938
224.8862138021682
107.26388970601442
234.77951261622638
75.7073628574376
21.814400819228922
259.4093410869889
229.59785833791693
86.79591448624433
239.78733923366326
64.52277129841877
64.61461424203162
254.08439240860662
230.96742940227614
83.80774912805327
4.728651603196795
239.01810743252372
66.35118277427682
60.07413472426833
255.01302671190115
230.59764344313044
84.68799861314164
239.3793711364342
65.66340667233453
61.133054173418714
254.66415444250197
230.83112613586582
84.07438002611343
239.24584880380826
65.8437880832771
61.36350083863181
254.7577164685381
230.7105388405189
84.39599439711856
239.32115052314748
65.74245503717248
61.19303006901828
254.74059142528495
230.73332151505565
84.36342072327352
239.26083311489128
65.88275319867171
60.80731954107978
254.8072825242525
230.7122945652427
84.41223603845174
239.28538017848769
65.83362281383415
60.90507447328309
254.77979939149736
230.7299098658459
84.3632798721701
239.28061935563164
65.83396602737412
60.960001035384266
254.78587225827505
230.71495221290934
84.40916649879546
239.27487146993553
65.85870220246034
60.83136416805246
254.79088706196126
230.72820653369126
84.36568607779554
239.28459075333558
65.82454061216595
60.98740510058451
254.78165322635869
230.71546031212165
84.40839643813342
239.27256746585772
65.86318067833781
60.81941229338554
254.79308648130245
230.72696737427395
84.36973396336543
239.28573004246937
65.8226348047865
60.98860969102316
254.78036342796986
230.71703389123286
84.403920699835
239.2730212860588
65.86145092662628
60.82879981422229
254.7928968889355
230.72602478314002
84.37186603476584
239.28522235953278
65.8248982348523
60.97804395623825
254.781075908606
230.71798580010363
84.40065591952953
239.27415920783824
65.85830931763485
60.84160148396768
254.7918821006897
230.7254064719964
84.37434053227844
239.28407709723615
65.82821156128193
60.96507059486612
254.7821964641371
230.71801712307206
84.39959605611875
239.27454319052777
65.85676461298135
60.847962739586364
254.79126178009028
230.72508263259078
84.37556639816466
239.28373504163028
65.82912213377494
60.96083995807567
254.78244512003948
230.7181862314137
84.39941874517172
239.27503762469496
65.85533037396817
60.853258160786936
254.79076703819374
230.7244241721346
84.37789807216541
239.28351191466572
65.82981770734477
60.956317610874976
254.78253507931367
230.7187679406852
84.39691748858968
239.27522829172085
65.85434130084104
60.85884359213014
254.79073310839158
230.72417837681132
84.37862950159251
239.2828641703927
65.83151074304624
60.95028012748298
254.7829501477354
230.71934590355886
84.39642151581938
239.2766389996068
65.85140709130792
60.867596458141634
254.78940190344292
230.72363062476506
84.37989235694113
239.28274746091483
65.83277560821443
60.9439790854085
254.78334072218422
230.720177082374
84.39328318213666
239.27634517021943
65.85117004488711
60.87240943315555
254.78980851538654
230.7227376185474
84.38272406195756
239.28204015253868
65.83456991273124
60.93573262351856
254.78386548255367
230.72009925943712
84.3925664035778
239.27726967588387
65.84893805970933
60.87957387362985
254.788912143762
230.72287771017727
84.38243431934825
239.28100163219642
65.83702422868373
60.92880622629309
254.78506477863993
230.72018053830107
84.39249286064296
239.27747156100668
65.84777304175077
60.88419920517481
254.78819332944113
230.72370782226062
84.38090325136
239.28086201927363
65.83703339991189
60.92984830523346
254.7851190854999
230.7200642986063
84.39297606560285
239.2778995357512
65.84752665730775
60.88330242635129
254.78785809103283
230.72396370751085
84.37996860505518
239.28104326907487
65.83632715238491
60.93316730652441
254.78509873999428
230.71987344617082
84.39359544347826
239.27741440535465
65.84882356438902
60.878715110811754
254.7887027023753
230.72354407241073
84.38108882623055
239.28133279867325
65.83628026419319
60.93281401884451
254.784817540909
230.7202632568078
84.39275518443901
239.277477808806
65.8484392128521
60.88077628476458
254.78860401234851
230.7226885467171
84.38309077026497
239.28112755885377
65.83687968842423
60.92824637422018
254.78482905864075
230.72063499313663
84.39163835803629
239.27831917667208
65.84624461294152
60.888669536630914
254.78780145952624
230.72298667142604
84.38361139861081
239.2806869157357
65.83797952233726
60.92465635105327
254.78527586332348
230.7203335924496
84.39173179632053
239.27835986047285
65.84611540663172
60.8889028194244
254.7877885222333
230.7228682826899
84.38393161824206
239.28132812497643
65.83697527796176
60.926262934313854
254.78479808086558
230.72109244520107
84.3896885885988
239.2781064476003
65.84592449428601
60.892123907433415
254.7874538709948
230.72311817332957
84.3823432843783
239.2798968451607
65.840221637176
60.91825039597461
254.7863875523908
230.71985294113256
84.39276535606041
239.27861417013628
65.84513023703767
60.89133515805588
254.787200008308
230.72313547773228
84.38347351693665
239.2803642329236
65.83863698415371
60.923045536452264
254.78562650578533
230.72017438552575
84.39245703841152
239.27843057388236
65.84577608951804
60.88992687120481
254.78751324958284
230.72264243166865
84.38345535181725
239.28025917788182
65.83886724345939
60.92207366084767
254.78577916537324
230.72005127815646
84.39227585075423
239.2783737460777
65.84631516865193
60.88765060609148
254.7878086417113
230.72348914164468
84.38155828679737
239.28075428272132
65.83762014703825
60.927304390541394
254.7855284694233
230.71988024419989
84.39352858561324
239.2779367326002
65.84724453186209
60.88409913839132
254.7879351881129
230.72299692113302
84.38322361923929
239.28127231214603
65.83713030393119
60.9276224544592
254.78498771002342
230.72068704108824
84.39134668026236
239.2782279208477
65.84642137176706
60.88871185203607
254.78787763253786
230.72310944141645
84.3828253812826
239.2810404440679
65.8382874802046
60.92419114166114
254.78548492009577
230.72009783168323
84.39342464954825
239.2781492669019
65.84654868661892
60.886581042810576
254.78759211675788
230.7231256349478
84.3822090409958
239.28109406742442
65.83727919353987
60.92731525682029
254.7850724640739
230.72005609085318
84.39246796446969
239.27794075188285
65.84706320207624
60.88595571357291
254.78798147036287
230.72307402720617
84.38257302402053
239.28108026437985
65.83743034533109
60.92648990622547
254.78512989362935
230.72046462273283
84.39236617062124
239.27801941442885
65.84712411770306
60.88601899224159
254.78801774837484
230.72345357404265
84.3817303312826
239.28110019794258
65.83726838695293
60.92766420185217
254.78496973609435
230.72022381599527
84.39209330464655
239.2777793397836
65.84757022108533
60.88425285037374
254.78835940778663
230.72289292585629
84.3827047907107
239.28115351828455
65.83768784614222
60.92630570541951
254.78504898931715
230.72063121243264
84.39115613483591
239.27747444629495
65.84774736656982
60.88563596083259
254.78866043876042
230.72226335891173
84.38475564072724
239.28105229399807
65.83753333032655
60.92405904311454
254.7849224613601
230.72072856654995
84.39023028637166
239.27789775161364
65.84619664467755
60.89149592984177
254.78802388820623
230.7222569839796
84.38541246327804
239.28052401574678
65.83919914510625
60.91818590351613
254.78551078912278
230.7214998575655
84.38854208975681
239.27880768748582
65.84407834059675
60.8990812881093
254.78725115429552
230.72271730225475
84.38447800819995
239.27977395724156
65.84119129183819
60.91300117227365
254.78646614961326
230.72097738692537
84.39083678554744
239.27926900761668
65.8439577116078
60.897111283498816
254.7869489859877
230.7226635958068
84.38418435386848
239.28048635636515
65.83919809371582
60.91915846662596
254.78569651345606
230.72096926487575
84.39043911687622
239.27898222410295
65.8442975737562
60.89587079898047
254.7868864381453
230.72243996156612
84.38418890516914
239.2804613320186
65.83937232995231
60.918288243425195
254.78582911976264
230.72092404431896
84.390431468506
239.27885846298886
65.84473781802808
60.89493900765956
254.78730936103966
230.72231892419222
84.38469219452236
239.28045149383252
65.83934081574262
60.9181699694891
254.7856955894531
230.7211605037446
84.38918225567613
