287.9332242358999
270.5250305732103
60.56829850598024
266.27628365472583
59.18095632432028
266.47986301339415
57.888388577342084
266.5901089238564
57.468442823887926
266.62737467033094
57.340867614931085
266.6372758577163
57.30425429886509
266.64058788482816
57.293395421370406
266.6415335706906
57.28934651196869
266.64179241018064
57.28856090210138
266.6427372068165
57.28762325981279
266.64229664826235
57.28815020593447
266.64258432984843
57.28765573538567
266.6417233368793
57.28881655213627
266.64258733582756
57.28783833270245
266.64212850676086
57.287974541402946
266.64247150006304
57.28805208310769
266.64180856252824
57.28868669229996
266.64307483010634
57.28811475447765
266.64195283105437
57.288478537202536
266.64253906037993
57.28765181291601
266.64320940803736
57.28719135681058
266.6431028440529
57.28792509818959
266.64114884033734
57.28868097505074
266.64132519414125
57.288065906544944
266.6424403985202
57.28785877068367
266.64203931908196
57.28848858779202
266.6422131987438
57.28836568927363
266.64100302652696
57.28871698425064
266.642645892538
57.28781959340995
266.6421968134273
57.28862409646172
266.64216430747547
57.28776957478112
266.64217377455134
57.28771638026592
266.64283669516954
57.28758155717151
266.64254657343554
57.28851480947196
266.6427165468958
57.28801001339161
266.6427912504114
57.28761574172677
266.6424453111431
57.28804834454786
266.6423477636854
57.288328524988174
266.64205577411485
57.28764901073373
266.6416173677535
57.288414676775574
266.6425270359323
57.287527290714934
266.64252638174
57.28785189661721
266.6415849232617
57.28858364282496
266.64202200339787
57.28772994618703
266.6422080995799
57.28733723510595
266.64058556038435
57.288815282914584
266.6428361059625
57.28723221939799
266.64244801606037
57.28807681555918
266.64234416445834
57.28763421119584
266.64248018720536
57.288359407401
266.6425679749409
57.2883138778634
266.6423346849806
57.287622194613505
266.6421392982884
57.28790727777232
266.64228913417537
57.288141106520925
266.64194496844357
57.28876616593698
266.6420311226284
57.28852804649068
266.6419644994967
57.287954972060106
266.6425760072234
57.2877854859762
266.64165756091097
57.288282283472654
266.64269813671126
57.28779800469056
266.64299989829306
57.28751957588247
266.64250327519403
57.28806761140004
266.6423258750874
57.28859762101638
266.6421295390828
57.288066627821536
266.6418746215131
57.28876509397378
266.64251854338363
57.288156103320944
266.6419827842037
57.28819651231606
266.64190088927717
57.288083841966
266.6411559055123
57.2888334246818
266.64277164368104
57.287770181872474
266.64197661529033
57.288384319123
266.64244360957673
57.287836518305994
266.6425415547492
57.288001110515324
266.6424229402837
57.28791407825338
266.64204474371945
57.288044224296755
266.6421643457943
57.287917902380286
266.64122295816196
57.28774826193694
266.64222750311455
57.287885497382376
266.6425224807099
57.288266054376436
266.6422534332305
57.28769637621008
266.6424525318216
57.288025573703635
266.6418347035142
57.28875568091462
266.6423338711247
57.28795194280974
266.64235973500763
57.28760922398942
266.64163547359203
57.287782177292684
266.642334623677
57.287418223342684
266.6415497764028
57.28729596895573
266.64272072713356
57.287003839235695
266.6422671464097
57.288615431993094
266.6422098069743
57.28845055370766
266.6426810867415
57.28781433667609
266.6427738904531
57.2875946327913
266.64233487176534
57.28788287716452
266.64244687824976
57.28785479035287
266.64260881467635
57.287431626471516
266.64217592127534
57.28794779753662
266.6425263310448
57.28775208454317
266.6423431546282
57.28832379869709
266.6428161745571
57.2883138075631
266.6425184675827
57.288051892122894
266.6421771477326
57.28777665399684
266.6418580903046
57.28843106034765
266.64228273116896
57.288499710834
266.6418158789238
57.288164515390235
266.64094041108183
57.28759276230994
266.64250413339323
57.28740968641796
266.6418743979302
57.28750491144456
266.6424667814208
57.28818030696857
266.6414371008941
57.28864270673512
266.64207204552076
57.28749182271713
266.64196157464903
57.287871201202506
266.64247631886246
57.28791821617051
266.6422864722699
57.28771383216372
266.6426642598235
57.28796286346915
266.6428012505785
57.287384593320894
266.6420997574605
57.28746096060786
266.6421814539208
57.287462328604306
266.6426869660645
57.28714609054441
266.64077728788834
57.287176912956056
266.6429097175569
57.28683102517971
266.6421958897845
57.287660958158085
266.64210979301424
57.28810367570259
266.6426684277976
57.28810284829524
266.6425624392432
57.288111835106974
266.64253029324755
57.28829607384978
266.64250450483814
57.28865960454277
266.6422565071407
57.287807077053
266.6423103654379
57.28826418123208
266.64247749358765
57.287444760251674
266.6426171916537
57.28837247530464
266.64202757304884
57.28854393634538
266.6413219234819
57.28844385873526
266.6419690360344
57.287803809551406
266.64308572161826
57.28761822565866
266.6423718317674
57.28826537844725
266.6415841416019
57.288492389023304
266.6424050200003
57.28728825667349
266.64238151536847
57.28821724561567
266.6417612663936
57.28782557879458
266.64250626045396
57.28796584432712
266.64254592507496
57.28799985488877
266.64247921881906
57.288025178189855
266.6429343559721
57.287905051212874
266.6424700714124
57.2887221853307
266.64208749480895
57.28834891151928
266.64233501786657
57.28796313816565
266.6427934871026
57.28790852398379
266.64188043709146
57.28788666793844
266.64209626361844
57.2871431378735
266.6431604866666
57.28746162322932
266.64272201767017
57.288407897838624
266.642168335733
57.28838990406075
266.6418440753914
57.28825300252356
266.6424169196107
57.28911343262007
266.6422669184685
57.28744910504611
266.6409108956723
57.28786048393522
266.6413220325485
57.28739117606892
266.6418662826909
57.28728781876271
266.6426472548046
57.287327283935156
266.6429138002277
57.28783848619787
266.64182178711053
57.288007654977264
266.6420988687023
57.28797120170202
266.642146675862
57.28788535406056
266.6425534281152
57.28829289683199
266.6426192850049
57.28792056092061
266.6428300502448
57.287843804006116
266.64279823702236
57.28807438610238
266.64094322218443
57.288272553734714
266.6421754960611
57.28781127862749
266.6422092913126
57.287898070018855
266.6427824344282
57.287633788073435
266.6417213467648
57.288636188124656
