288.224810444786
225.58779421889892
248.63696615466642
239.8634057325737
242.8390892002094
241.75892750851813
242.13929738682464
242.00327216905225
242.05113062093642
242.03388015182873
242.04035012956274
242.03831558918682
242.03907991248798
242.03929122070076
242.03875645143307
242.03918294552295
242.03878316631926
242.03866354130423
242.0388688273233
242.03803895573583
242.03940756051543
242.03876239716737
242.0386493771457
242.0389640795711
242.03864751477522
242.03852925924912
242.03882642854114
242.03912691357982
242.03877605480739
242.0386730182654
242.03888852450655
242.03917772683963
242.03849806030485
242.03874850014654
242.0386530514479
242.0389111287168
242.038670662203
242.03896060115767
242.03865425329786
242.03904229057844
242.0391022346339
242.03864006630647
242.03842564922343
242.03972646075817
242.03810484313362
242.0387256153299
242.03881112567979
242.03898563942857
242.0375764921555
242.0397227438334
242.03855220619516
242.03878702617658
242.03867416127832
242.03913793268657
242.03809602706679
242.03898824267162
242.03846882643847
242.03910523732338
242.03916698577814
242.03879226667777
242.03802636272303
242.0390955485127
242.03816524228023
242.03920397242837
242.0388776327054
242.0384363819394
242.03855395282153
242.03932135210925
242.03854753642008
242.03900867785705
242.03921746811102
242.03776691611347
242.03911272526602
242.03905369981294
242.03878571679525
242.03871842005174
242.03880483292232
242.03919577195848
242.03887651381592
242.03902508801912
242.03838909419937
242.03929412910657
242.03876640208546
242.03900797220558
242.03903731429455
242.0388817771527
242.0387859284565
242.03842867982166
242.03899269257818
242.03810320609045
242.03944708736526
242.03889460300707
242.03901079312345
242.03866840022238
242.03917031077435
242.03875497955596
242.03892450807325
242.0388286448142
242.03900215875183
242.038817017361
242.03894669276633
242.03895941639348
242.03897155055893
242.03851024620235
242.03911710110697
242.0390436126545
242.03875101794256
242.03874594441004
242.03892363735213
242.03869044833846
242.03853141617583
242.03880531412142
242.03899752703728
242.03867116376932
242.03879834117834
242.0388688051753
242.0388631743408
242.03863656680187
242.03913133012975
242.03863334370544
242.0391530387933
242.03892447807448
242.03877760662
242.03902221157477
242.03910595451453
242.03897335991496
242.03850435531058
242.0388033074487
242.0389651677251
242.03905457903602
242.03901604386192
242.03895693030063
242.03896374853502
242.0391625803386
242.03892117069336
242.03884799349908
242.03913825179188
242.03854502312606
242.03920858592755
242.03863662967342
242.03907706927566
242.03870341409493
242.03914920554234
242.03873435347487
242.0391192803072
242.03900842356234
242.0390399332391
242.03848373078654
242.03888240406377
242.0390891484567
242.03901892552676
242.03902497099625
242.0383555910812
242.03873187083082
242.03886870511633
242.03878681099013
242.03882725889707
242.03888567283138
242.03906980903412
242.0389571197884
242.03889216874086
242.03859602667944
242.03897409418278
242.03893580718432
242.0386871293449
242.03928096652817
242.03886363469792
242.03898004660732
242.03857747748407
242.0390773299223
242.03903764371353
242.0383264877819
242.0384041803045
242.0395409852863
242.038842652124
242.03815865788783
242.0393889537081
242.03841762333468
242.03856489571626
242.0394366834662
242.03850769699784
242.03920479587396
242.03888408176135
242.03860414709197
242.03882008478104
242.0391180045699
242.0388778848428
242.03839821071597
242.03896236726723
242.03859046509024
242.03902764857048
242.0384509175492
242.0389092876576
242.03863433923107
242.0391502091661
242.03825414880703
242.03908731644333
242.03877165443555
242.03855154220946
242.0391125446331
242.03874719605665
242.03895400103647
242.03891158473562
242.03894315687648
242.03913491136336
242.03866145802021
242.03894991301058
242.03868623706512
242.03921628683747
242.0386080147291
242.03880935291818
242.03857179028273
242.03921338640794
242.03819462312094
242.03945694207505
242.0385867168079
242.0391417533101
242.0386536661681
242.0382052390778
242.0390644226136
242.0385933745274
242.03932721605815
242.03886284437613
242.03886913233146
242.03857470332878
242.0386150922277
242.03869068155473
242.03862602589652
242.03911513845378
242.0387310853257
242.0389196114411
242.03887648718955
242.03863877101685
242.03882151670405
242.038819600406
242.03903989646642
242.0389473260002
242.0391100129782
242.03757249453338
242.0395014573587
242.03864298193366
242.0385481639678
242.03901572870382
242.0387747802306
242.0389745075081
242.03901626456354
242.03868731348484
242.0387518790958
242.0388589721988
242.03904880087066
242.03881915353122
242.0388990711799
242.03895364042546
242.03874674729013
242.03891959572502
242.03867382355384
242.03899214410922
242.03860874839302
242.0384993152693
242.03904430288821
242.03910441951302
242.0389448517526
242.0386861126899
242.03896025264112
242.039047881015
242.03894937664154
