288.0140339734512
220.17014629624282
247.68605328144417
237.1235783089469
240.697406652602
239.40508272421425
239.85137592173396
239.69458156207975
239.74867240330695
239.72949895536158
239.73669081446587
239.7344011783589
239.734879652975
239.73511699317532
239.73513478147288
239.73515070899248
239.7346586916874
239.7351162858895
239.73449827892728
239.735142473809
239.7342720336501
239.73506056869064
239.7351798214877
239.7347357120525
239.73383988461683
239.73534005997135
239.73475962496013
239.73405047961205
239.73508420250982
239.73492519780848
239.73500347586378
239.7345929303392
239.733386251688
239.73532878801052
239.73495350163103
239.73481712846296
239.7345886363055
239.73468197677903
239.73460716456975
239.73462542673587
239.73421056984625
239.73610276258296
239.73479661027704
239.73485910923227
239.73471551546754
239.7338955185769
239.73576848030643
239.7343434239665
239.7350762331298
239.73459583627118
239.73500917130877
239.7350956511873
239.73468577482345
239.73469112878956
239.73519543473958
239.73405514907063
239.73523077884965
239.73399842009894
239.73490342801233
239.73493869563026
239.73471045470433
239.73506606595038
239.7347376213911
239.73514239925498
239.7350862073763
239.73434049057323
239.73563166653184
239.7341654369884
239.73500299021543
239.7347038144544
239.73464922048515
239.7347149434754
239.7338698208332
239.7338708862444
239.7355513256698
239.73434054648533
239.73491573881256
239.73350515695347
239.73524229492614
239.7344706964359
239.73478845419595
239.7343306688017
239.73500631817296
239.73462520713292
239.73460455433087
239.7347902501133
239.73496776769025
239.73478567953134
239.7346282271319
239.73505541904888
239.73432497034082
239.7346507802722
239.734789744296
239.73527060829656
239.73439385597158
239.73440637389285
239.73482951442566
239.73453195407637
239.73386683872377
239.73491883918177
239.73515500364738
239.73495452935458
239.73510057946987
239.73450533547293
239.7352316274555
239.73407686412975
239.73542946863017
239.7350304887441
239.73492204604554
239.73389836234855
239.7342056525231
239.73457834775763
239.7351146970541
239.73410971061094
239.73431830187474
239.73434832461498
239.73554681488167
239.73501082456642
239.73476807670522
239.7339884861649
239.73567828571686
239.73432502610376
239.73508769025648
239.734957583918
239.7352013031632
239.73427195096156
239.7350306425651
239.7339923686086
239.73492614878342
239.73348475969397
239.7347120758277
239.73473613007081
239.73519663971092
239.73426879492763
239.73423105190886
239.7352089955748
239.7343504043165
239.7346407502264
239.7350952271736
239.73469348434446
239.73512344525807
239.73445832144353
239.73458209656383
239.7352546375696
239.73455672220734
239.7349657596642
239.73458490173653
239.734559720775
239.7351976291102
239.7345418414261
239.73506647667818
239.7349908480537
239.73421178794524
239.73492694160814
239.73482924151176
239.73470228950464
239.7350359832999
239.73544330331788
239.73480839593685
239.73478806553612
239.73471211277501
239.73522076289373
239.73485937676742
239.73382187224342
239.73531023461692
239.73510064756556
239.73505225245026
239.73533064340882
239.73402795353468
239.73525814025197
239.73472468204272
239.73511026689812
239.7351806750521
239.73417276543478
239.73499204984546
239.73472047157702
239.73473591382935
239.7348847970352
239.73489036601677
239.7351849640836
239.7349928045005
239.7349633200065
239.7353253190813
239.7349749342393
239.73470563840237
239.73514830876957
239.73425230462453
239.73340943452786
239.7360098267236
239.7341769149789
239.73464378625795
239.73346369116916
239.7347931029508
239.73529944855545
239.73497867763217
239.73486708641576
239.7351944174443
239.7348077931092
239.73493092949502
239.73492076143157
239.7350398888957
239.7342736190476
239.7347835427936
239.7347234695044
239.73514152782445
239.7346349665895
239.7348008521367
239.73472147632856
239.73502156548784
239.73447540565394
239.73468089134258
239.73383494121663
239.73514369915938
239.73473993003427
239.73460386545048
239.73507449361205
239.73489457964024
239.7349313142331
239.73484513600124
239.73464927336317
239.73491054917395
239.7345801800402
239.73337824988994
239.7356715053902
239.73430069621827
239.73534893017495
239.7347595207102
239.73494829802075
239.73466762699536
239.7342943400581
239.7353071788093
239.7325750367163
239.73437107929203
239.7352574514225
239.7335006454814
239.73543191723002
239.73496325322776
239.73481426633953
239.73511243368557
239.73461710632546
239.73465626573307
239.73546441287908
239.73486100172158
239.73522706184303
239.73477565323992
239.7343800932431
239.734476964004
239.7353877384012
239.73482173141383
239.7348067065177
239.73495893354993
239.73414360615425
239.7353452177922
239.73457107624563
239.73427020243253
239.73490028754168
239.73403982918535
239.73508913935802
239.73451117776858
239.73535090689256
239.73313131656323
239.73505310130713
239.73498805514828
239.73483261741058
239.7344778550323
239.7347291012702
239.73496771890495
239.7349275288434
239.73510799258656
239.73452815500787
239.73507153140963
239.7346936963295
