287.92778692340823
269.2568663542395
269.9407404045587
269.90277743511547
269.90353882788577
269.9037268822567
269.9040602883624
269.90338001212785
269.9039305967026
269.90366839162107
269.904095648104
269.90321341561594
269.90356040129336
269.9038500606939
269.9035603486618
269.903969551342
269.90349437267287
269.902730016589
269.90313989819333
269.9038000501696
269.9040223983484
269.9041064399589
269.9025953188575
269.9037715923423
269.9043164727591
269.90312219911175
269.9036030768475
269.9038371264505
269.90438517992334
269.90355667282347
269.90329184262737
269.90396011738267
269.9026072075685
269.90305702069236
269.90391105191884
269.90420248288865
269.9039129347693
269.9037698311695
269.903793492198
269.90372085715353
269.90379503519944
269.9029099661602
269.9044022634116
269.90357801402934
269.9039315453738
269.903343931197
269.90291172868456
269.9034484910044
269.90410344186967
269.9040306884126
269.9034930039161
269.904129046874
269.90371440411036
269.9037163396206
269.9036024077177
269.90399272644936
269.9043454882267
269.90251376124434
269.90367487288313
269.90418602112914
269.90416685859236
269.90339417240466
269.901970319901
269.90438819356496
269.90320791099657
269.90375310360105
269.90346654511814
269.90366954352066
269.9037292691646
269.90348580563295
269.9036304214751
269.90396776006673
269.90384206023737
269.90408741209103
269.9031755038086
269.904318605506
269.9039063336604
269.9038766159938
269.90322982275393
269.9038287168514
269.90352319867816
269.90343430815847
269.9037973548766
269.90387556605856
269.9039162500485
269.9039031171924
269.90398507875943
269.9034861172622
269.9041576506206
269.90330440877005
269.903868069021
269.9040737956602
269.90337597530015
269.90341393474955
269.9026043596823
269.90300424819725
269.9040975781827
269.90324583559413
269.9022872189671
269.90387575740897
269.9034716140595
269.90437279803155
269.90279765371815
269.90377198292845
269.90425424645946
269.9041704566698
269.9036932520248
269.90394818834466
269.9042452951908
269.9038409002533
269.90420478042506
269.9033867722028
269.90389361853886
269.9038048806542
269.9037880020551
269.9027087668437
269.9038029942458
269.90324483007134
269.90440874767955
269.90396874285943
269.9030668156338
269.90315893728985
269.9027094949415
269.9035590607382
269.9037946235476
269.90403421453084
269.90416522012674
269.90393499535276
269.90273969263944
269.90276789957716
269.90366758202435
269.90338768516085
269.9041557879391
269.9030423583754
269.90375746671634
269.90394469039165
269.90389789831534
269.90299162859446
269.90426476605353
269.90392617025645
269.90362918309984
269.9033409265685
269.903039509416
269.9032637722703
269.90403508089366
269.90321071592916
269.90346976343426
269.9040317012259
269.9034105232713
269.9046405584377
269.90398419341363
269.9038518237794
269.9026025596104
269.9033805548679
269.90427169973555
269.9038929322269
269.90354016050696
269.9039234564116
269.90374019762385
269.90386699805094
269.9037028223829
269.90361930757354
269.9040628942457
269.90427304658806
269.90254217846086
269.9045126035344
269.90362639407977
269.9034987526102
269.9042885267845
269.90159418061376
269.9035164539091
269.9033267245395
269.9041049924126
269.9031500791898
269.9035990244447
269.90285923432384
269.90366085167625
