287.3234611014603
227.3202974900247
62.250910384541726
220.96869721096664
69.04399051956898
248.69394408752532
189.56773179911374
182.1188671345858
12.898020173750865
256.38489426358274
175.91681377778332
191.9227997126527
220.515037368109
219.86396444567254
78.34366105372237
236.6451231710157
41.27527905712941
252.00571558924912
180.4908357096565
204.98618566245568
240.86966245023905
195.20471186133818
192.38986022655445
156.04277119125527
258.1103511245374
148.90800510161262
128.10961698648225
204.8110564772851
177.8233198383823
242.7749415853068
14.537585017401398
239.49146932680833
208.93994313795974
97.77788760876138
89.30255933273293
247.137734967715
217.2992997017118
221.9918245325116
70.92023967513705
246.99684281139162
195.68277016946195
150.55260916814768
244.80702676419605
188.54140166573234
209.70961555926988
97.80751223544394
86.80968827999277
244.09136371571913
222.83135761444646
219.73438499441363
73.96840939434696
198.9912093598723
265.72353603318516
128.32391526269384
195.04255206390735
214.49353511750087
223.13426561364395
70.88565361337533
258.9835532491725
156.1657431043841
236.84082727098394
211.93456989136575
90.26536473916349
147.27171341299618
217.63708448649413
125.22447501405986
257.7616484678765
178.75389120938416
202.31326329977674
257.2616458231496
158.2456191026031
235.95030266665344
212.59138762232033
88.59664738211723
162.6232806964399
205.02981118518073
198.91799588176946
239.77862295735395
210.24033324451375
94.73493348103148
110.26620770979571
240.11798875244858
225.04361689131474
217.23771641625353
81.28565049796089
246.65308745770744
188.38996789003068
205.46526113219443
116.9762978175313
15.46784640358237
247.26397963667478
242.5124796310556
193.40809720385005
195.7317694033227
150.0346846441571
234.9600111440741
222.99827078847375
213.8806341973759
103.17149200914355
249.8084235216338
241.38577161077774
198.89447316326186
161.35104013196906
236.47045205223912
210.3351748901332
98.11609425811912
83.43092724611779
250.88444343931405
184.1105597302485
207.7324273139202
128.0808811091083
247.46059164246617
198.4260569930666
139.3347834111919
260.26628414841616
143.62665262593873
155.93894316454316
126.4271125528212
231.5880084841192
232.80532349111672
205.0820083003673
147.50173254183392
225.17744701918855
232.1542877653883
212.05267257209925
92.52140710183812
117.32045668517094
254.1458445475655
179.4881285556985
209.6833768249926
130.74921805215854
224.40488931513391
85.47291339834919
262.8878731992372
153.9379485636673
234.7251361856761
44.07106592061609
233.7108418760763
213.35214116619318
86.83590951788938
176.32234150927252
191.56264832366287
251.4960749881211
162.2846256368648
74.69918169669108
235.00540132766764
226.6531080617715
215.55048052139318
85.20116095028061
142.36304007766012
268.24144834434264
115.24226442902
232.59796524220292
216.88140912056406
78.07082067050214
214.2163024545589
231.40899888347485
51.098645417252555
231.93829532138625
213.69110747947707
88.10438980318577
144.80509454503772
178.10040875507548
18.211514728500333
266.9366212639652
126.58411902043736
192.8730868220955
219.60076623168425
220.78171581400238
75.68489018483524
241.44286081927567
11.249366980962805
221.6866239758092
80.00718483181117
263.0506017425869
151.8612917388673
236.3384212234232
42.1519882877692
234.45145812756527
210.8035610426814
96.8595443785307
87.50189153985411
251.03194466578861
175.27443555442005
226.28279538582137
220.7610784651988
69.54931198408303
223.44845800286566
224.0757216466518
63.222263314717566
227.4817631760452
219.41549180033326
72.59404982216074
220.19961197966768
227.74989078962244
58.83712673908303
228.5744875757009
217.97495407546376
75.94402859476395
215.82299666702602
231.2784137171766
54.37126913778047
203.82354444898374
179.74965646953933
241.66056245380605
17.862482768759946
238.8834307311481
210.11213557466544
94.56727365095867
107.52334069080825
235.92415981640806
231.11105637736182
204.16769826970994
135.82163688562287
249.25922181495844
171.66301123528683
48.008113440962916
236.0204467602598
45.0800912414561
47.59031352032616
256.74684232306026
147.19626623873773
167.27781001638505
204.99344686433324
192.41523754062655
238.0282728291204
39.13037029669067
233.67775387885922
48.81817650550511
41.271625177956594
43.15149814356846
249.62234091923165
173.70394025954738
44.33682594212587
239.2588411906254
206.2000195255605
114.0087508844299
40.70841261928581
246.26871642840706
188.87797448482888
207.0534810061581
106.44552265859966
55.626980912304134
262.7856530949939
153.4417175772178
233.58149791620235
45.71371521472611
217.8208441825409
253.7862084692897
152.37843965640786
129.93796342350834
234.2522566696498
227.9966119077435
213.44741589447221
95.45768833302282
239.9469830849048
43.91594573801558
39.81608558143489
243.8477235625105
189.63990378248855
207.8238404430158
104.12241284135962
56.08201252079016
259.8781444654669
240.36905898329132
199.18105380154157
166.11150546795398
230.78717011293338
51.97033379136701
232.2804783092579
213.08043375430861
90.58109837699158
118.86252156565024
9.713767766472301
254.5777179775614
161.14502073341282
75.0304852900008
186.09902482459438
253.31570166925667
153.92899134842446
121.59218032019271
237.56873001759232
225.5656432719261
214.75303301947133
93.45605798107863
223.09387408729526
234.55918240256142
202.38303513178835
161.5118576153618
213.22371695874608
225.4568786550226
229.75821985994116
207.90569902211428
128.41604948995518
243.40402698329126
8.255572283334914
240.9609540765814
202.86020795691002
127.25006350438343
250.71849696800928
172.21971362154
48.15238581743324
238.85451002424816
204.55485965468688
130.43075691249396
216.27474794912268
86.27441705341334
245.704649140127
195.76790648639144
162.90564185523544
76.09469405580603
258.2822569884738
174.13575986184878
204.47066903069208
257.3956348900683
149.18185746511153
134.67668723018141
214.52312796127808
96.51244289052556
241.61346210879856
208.28929071417951
99.73512643294816
78.71789910260122
252.09883362457913
255.74187423399417
167.32520259887679
227.16104890104907
56.9846066654427
229.51325400905625
219.36112836262328
73.13041524651635
220.46220914115838
226.0618913713697
59.38411743825418
229.10138746794837
218.03847844310803
75.54154644189111
217.03798911075864
230.2163512161933
55.600735640196945
212.07778133913234
255.06019987566106
150.6766251657682
139.1105688468815
237.39574805353186
38.005569942019065
262.8332226184575
137.79591862132656
170.41631174150098
238.12359666571137
199.31552406339324
179.75519518594956
182.38914005867264
229.23518414169666
220.39105008773913
225.54936814922257
61.3645899099065
227.85506047967647
218.30202884375467
75.56067328469362
214.74476014770335
86.05503876901639
190.9222765260638
244.40689887867484
37.262539780524094
50.59355759739992
240.94237208095728
198.26741326788033
175.97162286448292
212.65017513571365
111.19021084177075
263.9537530021189
126.24324139210512
225.2549949921813
223.314230671298
65.4073904914112
226.2376504028798
220.36703347458388
70.68067106713715
221.63028234131343
226.7198777399899
60.919619851367315
227.21151765444665
220.19612405712542
70.83930770285951
222.66624223323015
224.55950917689188
62.226148845627904
227.93419857969275
219.08059666467307
73.27143032042659
219.64153442927636
228.13718684176274
58.040820895010256
229.01525580332964
217.28371252126817
77.81676144183439
211.54326601227513
95.84324213561194
104.18426156598434
235.85488534007163
36.979131984116975
247.5970190638036
219.5818315752258
218.9565603331721
81.88212366665539
