287.60844711000357
235.0634026714415
157.47947694624747
125.97384925494032
212.21091647205003
269.62998773499385
56.456798182062585
154.89417413482875
253.38644155186375
90.61891056761078
246.4537016687018
105.05992913357522
242.08108309621093
116.90190251570266
237.518366429033
131.60488666312176
229.24526986687488
160.46693573755783
135.4257831729219
251.19753242683691
119.65480759890943
257.0138314902124
83.99203869546727
247.51008558750618
104.28169111665375
241.93705916708313
118.88729643304123
236.2739464547949
137.1096334025733
224.260699678317
177.13853637161264
54.75593078692691
266.03373951536923
63.37655045705833
252.47121791835707
89.45365559386846
37.45036254313891
234.72027575435277
159.1817255594069
123.496094189004
259.13425813077265
77.51209081472552
249.6389724329838
96.41668127671255
244.8039273131999
108.9663986277883
240.70217439745284
121.15413363777043
235.5015367382839
138.63888926238542
223.06797148149963
179.2544138421108
48.382230110977616
266.6798549594005
61.95927488898451
118.53625002375156
262.84302453967575
67.2472067876115
86.55334728283742
251.81707072647077
93.06578155446914
245.860046016076
106.14199656619348
241.776301200096
117.61538860235669
237.23600218236243
132.45920288528214
228.64291420827794
162.3749479698854
122.71118123860651
254.3355850505286
103.9831495476974
260.50549814287297
73.9213205073138
250.33938860138005
94.53261242031294
245.15406630279176
108.7159579058789
240.60406891710954
122.13625727465842
234.84902938664527
141.45458194827006
219.5004040979984
188.6052804951687
17.291521396738972
239.4989180811026
253.5854825020324
83.12406100086082
40.14293916811948
260.24124914744607
72.68010837623297
66.5415530619066
256.364018230066
80.99428865833033
48.6615225036694
224.3927441427113
211.04540736548734
219.45474216730872
212.11852767995515
217.4283981161534
213.95611471875236
215.5076396535369
216.16123774338485
212.6282729963532
219.59740398569556
206.63215153836427
225.89043613231843
189.4324208780854
238.4990745722098
132.6236336723341
227.15844938660666
172.34196291501212
68.60845703334053
264.8373932000104
65.96352472591752
251.9467664521435
90.89158676378429
37.894805455809546
233.66576551040998
161.76863980709822
112.02432586457144
260.0532134210807
76.8126841908961
249.50393928934864
97.91319381132053
244.26481419583433
110.70978099329659
240.0448771096453
123.25312891178328
234.4164029327767
142.46603587950085
218.27575850100402
190.7891637799621
14.719837422882847
241.98836910795217
252.73772648662998
84.82475301660452
22.698017596070713
261.4830808880288
70.73235826100426
73.42419739635079
77.73475790634984
49.495041189395124
271.96097180862125
52.70905286639754
168.87334508358617
80.00940087736672
265.381298354725
64.56898907021969
119.6258217592549
262.2608312120501
68.16472173074726
82.84033895580797
253.45689919605502
87.13955615209852
23.903805796151573
238.98137693014723
152.2031201742211
251.55502453615918
94.13867471435515
245.37989757682953
107.88197901035892
241.07443832093122
120.05193825348397
236.03763266190072
136.78217137725005
224.9386808473355
174.04625602914894
65.36370124282257
264.4188107341033
67.57520663910691
251.41658021458716
93.0469750260163
245.71697929150105
106.4242603544626
241.65884557750542
117.99259387270286
237.05563662609347
133.10192487211316
228.143392407801
164.0306653700245
112.33386663008423
256.5690605545751
94.13392806384945
221.5003440025539
250.16504548517696
116.65104501196038
255.17943740612827
93.72799700158794
239.856186312747
161.9653628866654
245.4053328281516
127.67514403846144
210.85329090433515
268.8619219665052
57.4956049137254
130.1756997577686
236.8554826209147
134.18427080217953
228.71305279198714
160.69066345092142
136.42836063008872
250.4441900718084
125.53476167513872
255.38222641680477
89.8771823220959
245.24384697651112
114.84990392283362
236.59308489540854
144.46225599168247
209.84953305625822
217.62026752581005
219.21574662563216
197.96836375424027
232.0926637880766
169.5778410766652
68.97770419048902
82.9196974820079
236.20468379789236
253.75834353122627
83.40641556695482
43.31361240812839
228.03293966108322
203.3137506728017
225.49011046860687
202.4954727887307
226.60370975871047
196.39298499443976
232.29426977206458
171.36771629693976
64.51395904775563
110.31500301846245
263.5799720131763
67.6539495853649
86.55293910426553
12.771934155338386
264.74866990155715
64.65720100712497
96.911285751783
247.41328871555015
110.43561269518977
234.2193388548112
183.31592281962367
236.61561315383733
169.5020454510959
244.7578022289308
120.77664796886529
232.34365791668097
171.79394368476642
64.13479346426175
112.27043549130758
262.93652842011215
69.35422535247926
251.38710445945617
91.97019096274016
20.115340458978608
240.11185592199763
134.38163597372477
223.5094321703
195.66365492453042
235.96044655689911
140.74230339900532
218.81288348412636
195.03763609480666
5.863538944839092
258.694420490232
76.2725445299875
69.38261625525774
69.99917449332133
268.3810089031904
58.795167297590524
123.15910223560059
239.3650190745975
138.34547663536796
205.17090934149746
259.4418206115952
73.6653865887929
62.04396135399293
254.912036716094
89.21953951373871
245.39166842478153
114.01821324165212
237.01187967593432
142.3986136270105
214.1602787032607
211.02715365067706
226.10717767903407
174.71680539223598
59.388470162884914
266.46400255880144
61.99641814005736
108.73413289051678
245.82478812486806
108.93915099512378
240.5354994633526
124.34943987846782
233.2960508203978
148.609010936736
203.997535073795
216.11500782296935
222.14940748053777
202.01192402033485
228.9745460533304
182.8416483006731
241.37853595650813
123.38723201131506
233.4320365974272
149.96769594869693
197.9490399457427
223.43567772672395
216.32446286913182
198.4150108587055
259.0087231978687
74.77483604116424
61.20415424455132
257.61085548564733
77.8093444336555
53.20848669910629
258.67117714222695
75.7693276017817
58.214721293741604
257.94114331652236
77.29711760989449
54.756711823967635
258.56066578489845
75.88549705373589
57.757962625750224
257.9117141356692
77.45211488618224
54.712065120067564
170.17285574716516
94.02697276174149
262.5654325092619
73.40337904647458
249.85771974101954
99.22362226690166
243.4181352765445
115.15484244124673
237.82305213338987
132.26751428036368
228.28911810473073
165.2743764277402
103.35667828122678
258.5941722992429
85.64148239431961
243.35329334402923
141.71905330813024
252.41236376600864
96.20847862967639
243.68938008289842
118.14574610510317
235.49296109785791
145.7834475323907
208.70164167805342
215.60254897153936
223.2674373605114
180.14955988321162
44.80850821120839
267.83740003817366
59.339884568733396
124.87921481502417
239.1101676033577
128.39512222181656
232.32583733698993
148.92561618630134
205.27803703678364
212.503174239886
257.40156663213565
77.55580754693074
54.80124175337551
171.56800632172963
85.60619323853462
260.2277329402423
85.73459592544532
263.20127896971826
68.1048992719152
84.42822803171293
18.848518784652697
264.5266732999007
65.1419203109981
94.65249433762801
248.18289459697553
106.18583291879622
239.56407403365301
140.1660841757257
207.52121524102404
228.82806977516157
172.04350872193754
65.78480013935769
230.6909829422657
254.72739178137272
82.42202391695173
248.56342194697936
97.98954553921067
242.17481414004578
122.97443097077485
232.80829118126712
157.35304932190047
146.33484688436147
250.98098383136676
111.39211133983918
212.36642431023938
269.35291363818396
56.586947256699204
152.19598181916808
142.75266463239677
229.29399999193265
167.5124294024281
93.5275955118268
260.7311469990964
78.38503802192281
