288.31110411228747
238.85441659620437
250.7817267463338
247.1987563784403
248.0972232197969
247.848538353428
247.9155328545985
247.8970008401393
247.9021569913075
247.89966383268757
247.90149267544894
247.90114683706815
247.90112367466372
247.9011757954204
247.9008211385344
247.90150008842738
247.9010813989862
247.9014402322482
247.90012588672926
247.90144833357408
247.90132133149473
247.90016476301207
247.9016310325933
247.90082573220388
247.9015522508762
247.90102345779633
247.90008812479937
247.90131423053936
247.90116263996424
247.9008067458235
247.9015509822293
247.8998798543089
247.90134342724377
247.90061228588638
247.90092046598875
247.90097739604244
247.9009046682222
247.901148265335
247.90052089753772
247.89992927018648
247.9013020041184
247.90141867557395
247.90090029693238
247.90136464588068
247.900677907528
247.90153487350835
247.90093086909837
247.9012020495611
247.90000332722775
247.9015852811608
247.90059660838233
247.9014323708907
247.90110631883726
247.90040971704366
247.9013093101239
247.9008122895284
247.9011962160257
247.90109990768906
247.9003870674569
247.90066677020513
247.900148824363
247.90057619399522
247.90160984709655
247.90067218815966
247.9010186481646
247.90032464081742
247.90159138741
247.90028034691932
247.90144230246005
247.90128961731898
247.90086999648338
247.90119370721732
247.90114774981703
247.9013316055025
247.9001875755821
247.90153896398624
247.9008781291377
247.9011096661925
247.900646201997
247.90170171688442
247.90115661689197
247.9000624027758
247.90053987019928
247.9016155288773
247.9011212471305
247.9003125131494
247.90167414656753
247.90081875967007
247.90064519241423
247.9015359828918
247.90055654747994
247.9009577338802
247.90057698296005
247.90081563535932
247.9004721526362
247.9013782720649
247.9004570338584
247.9013226403913
247.90151640628028
247.9011573182579
247.90148874571605
247.9003867502688
247.90099570817983
247.90166478067113
247.90107378026005
247.90100366379193
247.9015805223462
247.90095747901069
247.9003849608198
247.9013519976943
247.90128709994315
247.90103836822527
247.9008418880403
247.90044299252622
247.9017705789738
247.90096001337952
247.90095857645792
247.90104172501015
247.9015539154061
247.90081331076362
247.90146203234326
247.90109921751719
247.9010921812078
247.9009711359031
247.90093358746526
247.90112488828163
247.9011154432519
247.9006176890034
247.901574423493
247.9004847383767
247.90126363598392
247.90120292080974
247.90143620337767
247.90068151896412
247.9011262089989
247.9008528077975
247.90078255606204
247.90164137430838
247.9007706671764
247.90115242748288
247.90112937353842
247.90125193959102
247.90134640395263
247.90010183859704
247.9014535782335
247.90120799060242
247.90108017766033
247.90084367878444
247.90130789854447
247.90143914307555
247.90068876251462
247.90101868249621
247.90088621620816
247.90081929908774
247.90089753056964
247.9007884739549
247.90122870722553
247.90113106804347
247.90123203210533
247.90099909318087
247.90050499908102
247.90168921949953
247.901046112318
247.90094183395559
247.90122791919566
247.90037954994477
247.90119498413696
247.9010448504996
247.9009564688895
247.90139735289267
247.9010931449884
247.90135165204993
247.900467928921
247.90160066266253
247.89995612572238
247.90165131773392
247.90074807286146
247.90124447614653
247.90118949918542
247.90069988372852
247.90143238149176
247.90085831502802
247.90103804299724
247.8997915127984
247.90172746308963
247.90107124367205
247.9010154675052
247.90025550455903
247.90148471589782
247.9010363022535
247.90141799252888
247.90085745113902
247.90116708143614
247.9014193537878
247.90090420661727
247.9008780530712
247.90081975638168
247.90122310302104
247.90092201074003
247.90119664077065
247.90128494266537
247.90129975773743
247.90084092029429
247.90122240349592
247.90032585222798
247.9010318016517
247.90084453680902
247.90166560346552
247.9005930168205
247.9015854136378
247.90078949079907
247.90156112468685
247.90074815708795
247.90085777334752
247.9013578981685
247.90125568960502
247.90001471861615
247.90179198916303
247.90018691081787
247.90118363879446
247.9012506021245
247.9010231685388
247.8996471837454
247.90219643969613
247.9004348058952
247.90066584960732
247.9010638995387
247.9014592915628
247.9011703187134
247.90130336480797
247.9007349642343
247.90137254194997
247.90109035356727
247.90127741367905
247.9013916803815
247.9013109124935
247.9008690086048
247.90098639771168
247.90112670129747
247.90114223437558
247.90136112109758
247.89989563329436
247.90119458170375
247.90158721766784
247.90069836001203
247.90160265399027
247.9005360321171
247.90132720273687
