1 2.2999999999999998 5.5595202754999997 1.0000000000000000 0.1000000100000000 0.0000000000000000 0.0000000000000000 0.0000000000000000 0.0000000000000000 0.0000000000000000 0.0000000000000000 1438.9730773999999656
2 2.2999999999999998 5.4289600781000003 1.0000000000000000 0.1000000100000000 0.0000000000000000 0.0000000000000000 0.0000000000000000 0.0000000000000000 0.0000000000000000 0.0000000000000000 1473.5787121000000752
3 2.2999999999999998 6.2250914679999996 1.0000000000000000 0.1000000100000000 0.0000000000000000 0.0000000000000000 0.0000000000000000 0.0000000000000000 0.0000000000000000 0.0000000000000000 1285.1216790999999375
4 2.2999999999999998 5.1633738914000000 1.0000000000000000 0.1000000100000000 0.0000000000000000 0.0000000000000000 0.0000000000000000 0.0000000000000000 0.0000000000000000 0.0000000000000000 1549.3745306999999229
5 2.2999999999999998 6.0907978540999999 1.0000000000000000 0.1000000100000000 0.0000000000000000 0.0000000000000000 0.0000000000000000 0.0000000000000000 0.0000000000000000 0.0000000000000000 1313.4568231999999171
6 2.2999999999999998 5.6337375792000000 1.0000000000000000 0.1000000100000000 0.0000000000000000 0.0000000000000000 0.0000000000000000 0.0000000000000000 0.0000000000000000 0.0000000000000000 1420.0164432999999917
7 2.2999999999999998 5.3241734272999999 1.0000000000000000 0.1000000100000000 0.0000000000000000 0.0000000000000000 0.0000000000000000 0.0000000000000000 0.0000000000000000 0.0000000000000000 1502.5806557999999313
8 2.2999999999999998 6.2946015370000001 1.0000000000000000 0.1000000100000000 0.0000000000000000 0.0000000000000000 0.0000000000000000 0.0000000000000000 0.0000000000000000 0.0000000000000000 1270.9303285999999389
9 2.2999999999999998 5.1818478925000004 1.0000000000000000 0.1000000100000000 0.0000000000000000 0.0000000000000000 0.0000000000000000 0.0000000000000000 0.0000000000000000 0.0000000000000000 1543.8507971999999882
10 2.2999999999999998 5.9958962214999998 1.0000000000000000 0.1000000100000000 0.0000000000000000 0.0000000000000000 0.0000000000000000 0.0000000000000000 0.0000000000000000 0.0000000000000000 1334.2459083000001101
11 2.2999999999999998 5.7710225336000001 1.0000000000000000 0.1000000100000000 0.0000000000000000 0.0000000000000000 0.0000000000000000 0.0000000000000000 0.0000000000000000 0.0000000000000000 1386.2361398999998983
12 2.2999999999999998 5.2569540270999999 1.0000000000000000 0.1000000100000000 0.0000000000000000 0.0000000000000000 0.0000000000000000 0.0000000000000000 0.0000000000000000 0.0000000000000000 1521.7937913999999182
13 2.2999999999999998 6.3267720531000000 1.0000000000000000 0.1000000100000000 0.0000000000000000 0.0000000000000000 0.0000000000000000 0.0000000000000000 0.0000000000000000 0.0000000000000000 1264.4678728999999748
14 2.2999999999999998 5.2190757506000001 1.0000000000000000 0.1000000100000000 0.0000000000000000 0.0000000000000000 0.0000000000000000 0.0000000000000000 0.0000000000000000 0.0000000000000000 1532.8384530999999242
15 2.2999999999999998 5.8872879261000000 1.0000000000000000 0.1000000100000000 0.0000000000000000 0.0000000000000000 0.0000000000000000 0.0000000000000000 0.0000000000000000 0.0000000000000000 1358.8599879000000783
16 2.2999999999999998 5.8978438388000001 1.0000000000000000 0.1000000100000000 0.0000000000000000 0.0000000000000000 0.0000000000000000 0.0000000000000000 0.0000000000000000 0.0000000000000000 1356.4279114000000845
17 2.2999999999999998 5.2125874581999998 1.0000000000000000 0.1000000100000000 0.0000000000000000 0.0000000000000000 0.0000000000000000 0.0000000000000000 0.0000000000000000 0.0000000000000000 1534.7464313999998922
18 2.2999999999999998 6.3080522122999998 1.0000000000000000 0.1000000100000000 0.0000000000000000 0.0000000000000000 0.0000000000000000 0.0000000000000000 0.0000000000000000 0.0000000000000000 1268.2203207000000020
19 2.2999999999999998 5.2753175069999996 1.0000000000000000 0.1000000100000000 0.0000000000000000 0.0000000000000000 0.0000000000000000 0.0000000000000000 0.0000000000000000 0.0000000000000000 1516.4963984000000892
20 2.2999999999999998 5.7618463017000003 1.0000000000000000 0.1000000100000000 0.0000000000000000 0.0000000000000000 0.0000000000000000 0.0000000000000000 0.0000000000000000 0.0000000000000000 1388.4438391999999567
21 2.2999999999999998 6.0124545370000000 1.0000000000000000 0.1000000100000000 0.0000000000000000 0.0000000000000000 0.0000000000000000 0.0000000000000000 0.0000000000000000 0.0000000000000000 1330.5713915999999699
22 2.2999999999999998 5.1832337117999998 1.0000000000000000 0.1000000100000000 0.0000000000000000 0.0000000000000000 0.0000000000000000 0.0000000000000000 0.0000000000000000 0.0000000000000000 1543.4380243999999038
23 2.2999999999999998 6.2586557236999996 1.0000000000000000 0.1000000100000000 0.0000000000000000 0.0000000000000000 0.0000000000000000 0.0000000000000000 0.0000000000000000 0.0000000000000000 1278.2297593999999208
24 2.2999999999999998 5.3551997282999997 1.0000000000000000 0.1000000100000000 0.0000000000000000 0.0000000000000000 0.0000000000000000 0.0000000000000000 0.0000000000000000 0.0000000000000000 1493.8751878000000488
25 2.2999999999999998 5.6157300287999998 1.0000000000000000 0.1000000100000000 0.0000000000000000 0.0000000000000000 0.0000000000000000 0.0000000000000000 0.0000000000000000 0.0000000000000000 1424.5699061000000256
26 2.2999999999999998 6.1150565746999996 1.0000000000000000 0.1000000100000000 0.0000000000000000 0.0000000000000000 0.0000000000000000 0.0000000000000000 0.0000000000000000 0.0000000000000000 1308.2462774000000536
27 2.2999999999999998 5.1658442534000004 1.0000000000000000 0.1000000100000000 0.0000000000000000 0.0000000000000000 0.0000000000000000 0.0000000000000000 0.0000000000000000 0.0000000000000000 1548.6336033000000043
28 2.2999999999999998 6.1917364288999996 1.0000000000000000 0.1000000100000000 0.0000000000000000 0.0000000000000000 0.0000000000000000 0.0000000000000000 0.0000000000000000 0.0000000000000000 1292.0446618000000853
29 2.2999999999999998 5.4651182886000003 1.0000000000000000 0.1000000100000000 0.0000000000000000 0.0000000000000000 0.0000000000000000 0.0000000000000000 0.0000000000000000 0.0000000000000000 1463.8292489999998907
30 2.2999999999999998 5.4616533477999996 1.0000000000000000 0.1000000100000000 0.0000000000000000 0.0000000000000000 0.0000000000000000 0.0000000000000000 0.0000000000000000 0.0000000000000000 1464.7579204999999547
31 2.2999999999999998 6.2053419369000000 1.0000000000000000 0.1000000100000000 0.0000000000000000 0.0000000000000000 0.0000000000000000 0.0000000000000000 0.0000000000000000 0.0000000000000000 1289.2117921999999908
32 2.2999999999999998 5.1618136041999998 1.0000000000000000 0.1000000100000000 0.0000000000000000 0.0000000000000000 0.0000000000000000 0.0000000000000000 0.0000000000000000 0.0000000000000000 1549.8428679000001011
33 2.2999999999999998 6.1118918292000002 1.0000000000000000 0.1000000100000000 0.0000000000000000 0.0000000000000000 0.0000000000000000 0.0000000000000000 0.0000000000000000 0.0000000000000000 1308.9236889999999676
34 2.2999999999999998 5.5998066783000002 1.0000000000000000 0.1000000100000000 0.0000000000000000 0.0000000000000000 0.0000000000000000 0.0000000000000000 0.0000000000000000 0.0000000000000000 1428.6207469999999375
35 2.2999999999999998 5.3453662722999997 1.0000000000000000 0.1000000100000000 0.0000000000000000 0.0000000000000000 0.0000000000000000 0.0000000000000000 0.0000000000000000 0.0000000000000000 1496.6233541999999943
36 2.2999999999999998 6.2800747278999998 1.0000000000000000 0.1000000100000000 0.0000000000000000 0.0000000000000000 0.0000000000000000 0.0000000000000000 0.0000000000000000 0.0000000000000000 1273.8701920999999402
37 2.2999999999999998 5.1756084029000000 1.0000000000000000 0.1000000100000000 0.0000000000000000 0.0000000000000000 0.0000000000000000 0.0000000000000000 0.0000000000000000 0.0000000000000000 1545.7119970000001103
38 2.2999999999999998 6.0200123715000000 1.0000000000000000 0.1000000100000000 0.0000000000000000 0.0000000000000000 0.0000000000000000 0.0000000000000000 0.0000000000000000 0.0000000000000000 1328.9009235000000899
39 2.2999999999999998 5.7386159160999997 1.0000000000000000 0.1000000100000000 0.0000000000000000 0.0000000000000000 0.0000000000000000 0.0000000000000000 0.0000000000000000 0.0000000000000000 1394.0643732000000909
40 2.2999999999999998 5.2706805512999999 1.0000000000000000 0.1000000100000000 0.0000000000000000 0.0000000000000000 0.0000000000000000 0.0000000000000000 0.0000000000000000 0.0000000000000000 1517.8305576000000201
41 2.2999999999999998 6.3240050949000004 1.0000000000000000 0.1000000100000000 0.0000000000000000 0.0000000000000000 0.0000000000000000 0.0000000000000000 0.0000000000000000 0.0000000000000000 1265.0211186999999882
42 2.2999999999999998 5.2084081458000000 1.0000000000000000 0.1000000100000000 0.0000000000000000 0.0000000000000000 0.0000000000000000 0.0000000000000000 0.0000000000000000 0.0000000000000000 1535.9779372000000421
43 2.2999999999999998 5.9149431373999999 1.0000000000000000 0.1000000100000000 0.0000000000000000 0.0000000000000000 0.0000000000000000 0.0000000000000000 0.0000000000000000 0.0000000000000000 1352.5066621999999370
44 2.2999999999999998 5.8682967382999998 1.0000000000000000 0.1000000100000000 0.0000000000000000 0.0000000000000000 0.0000000000000000 0.0000000000000000 0.0000000000000000 0.0000000000000000 1363.2575782999999774
45 2.2999999999999998 5.2217333745000003 1.0000000000000000 0.1000000100000000 0.0000000000000000 0.0000000000000000 0.0000000000000000 0.0000000000000000 0.0000000000000000 0.0000000000000000 1532.0583082999999078
46 2.2999999999999998 6.3161909443999997 1.0000000000000000 0.1000000100000000 0.0000000000000000 0.0000000000000000 0.0000000000000000 0.0000000000000000 0.0000000000000000 0.0000000000000000 1266.5861546000000999
47 2.2999999999999998 5.2598027112999999 1.0000000000000000 0.1000000100000000 0.0000000000000000 0.0000000000000000 0.0000000000000000 0.0000000000000000 0.0000000000000000 0.0000000000000000 1520.9695951000001060
48 2.2999999999999998 5.7939439432000004 1.0000000000000000 0.1000000100000000 0.0000000000000000 0.0000000000000000 0.0000000000000000 0.0000000000000000 0.0000000000000000 0.0000000000000000 1380.7520540000000437
49 2.2999999999999998 5.9858562620000004 1.0000000000000000 0.1000000100000000 0.0000000000000000 0.0000000000000000 0.0000000000000000 0.0000000000000000 0.0000000000000000 0.0000000000000000 1336.4838127999998960
50 2.2999999999999998 5.1891872769000003 1.0000000000000000 0.1000000100000000 0.0000000000000000 0.0000000000000000 0.0000000000000000 0.0000000000000000 0.0000000000000000 0.0000000000000000 1541.6672347999999602
51 2.2999999999999998 6.2725016827999998 1.0000000000000000 0.1000000100000000 0.0000000000000000 0.0000000000000000 0.0000000000000000 0.0000000000000000 0.0000000000000000 0.0000000000000000 1275.4081871000000774
52 2.2999999999999998 5.3333291164999999 1.0000000000000000 0.1000000100000000 0.0000000000000000 0.0000000000000000 0.0000000000000000 0.0000000000000000 0.0000000000000000 0.0000000000000000 1500.0011859999999615
53 2.2999999999999998 5.6529825146999997 1.0000000000000000 0.1000000100000000 0.0000000000000000 0.0000000000000000 0.0000000000000000 0.0000000000000000 0.0000000000000000 0.0000000000000000 1415.1821589999999560
54 2.2999999999999998 6.0913446585999997 1.0000000000000000 0.1000000100000000 0.0000000000000000 0.0000000000000000 0.0000000000000000 0.0000000000000000 0.0000000000000000 0.0000000000000000 1313.3389174999999796
55 2.2999999999999998 5.1689574815999997 1.0000000000000000 0.1000000100000000 0.0000000000000000 0.0000000000000000 0.0000000000000000 0.0000000000000000 0.0000000000000000 0.0000000000000000 1547.7008717000001070
56 2.2999999999999998 6.2091939263000002 1.0000000000000000 0.1000000100000000 0.0000000000000000 0.0000000000000000 0.0000000000000000 0.0000000000000000 0.0000000000000000 0.0000000000000000 1288.4120055999999295
57 2.2999999999999998 5.4357005670999996 1.0000000000000000 0.1000000100000000 0.0000000000000000 0.0000000000000000 0.0000000000000000 0.0000000000000000 0.0000000000000000 0.0000000000000000 1471.7514148000000205
58 2.2999999999999998 5.4969869443999997 1.0000000000000000 0.1000000100000000 0.0000000000000000 0.0000000000000000 0.0000000000000000 0.0000000000000000 0.0000000000000000 0.0000000000000000 1455.3427325000000110
59 2.2999999999999998 6.1847261012999999 1.0000000000000000 0.1000000100000000 0.0000000000000000 0.0000000000000000 0.0000000000000000 0.0000000000000000 0.0000000000000000 0.0000000000000000 1293.5091820000000098
60 2.2999999999999998 5.1613202692000000 1.0000000000000000 0.1000000100000000 0.0000000000000000 0.0000000000000000 0.0000000000000000 0.0000000000000000 0.0000000000000000 0.0000000000000000 1549.9910067000000709
61 2.2999999999999998 6.1322917665999999 1.0000000000000000 0.1000000100000000 0.0000000000000000 0.0000000000000000 0.0000000000000000 0.0000000000000000 0.0000000000000000 0.0000000000000000 1304.5693688999999722
62 2.2999999999999998 5.5660503862999997 1.0000000000000000 0.1000000100000000 0.0000000000000000 0.0000000000000000 0.0000000000000000 0.0000000000000000 0.0000000000000000 0.0000000000000000 1437.2848690000000715
63 2.2999999999999998 5.3690206800000002 1.0000000000000000 0.1000000100000000 0.0000000000000000 0.0000000000000000 0.0000000000000000 0.0000000000000000 0.0000000000000000 0.0000000000000000 1490.0296490999999151
64 2.2999999999999998 6.2638859603999997 1.0000000000000000 0.1000000100000000 0.0000000000000000 0.0000000000000000 0.0000000000000000 0.0000000000000000 0.0000000000000000 0.0000000000000000 1277.1624595999999201
65 2.2999999999999998 5.1704873422000004 1.0000000000000000 0.1000000100000000 0.0000000000000000 0.0000000000000000 0.0000000000000000 0.0000000000000000 0.0000000000000000 0.0000000000000000 1547.2429328999999143
66 2.2999999999999998 6.0433653788999999 1.0000000000000000 0.1000000100000000 0.0000000000000000 0.0000000000000000 0.0000000000000000 0.0000000000000000 0.0000000000000000 0.0000000000000000 1323.7657329000001027
67 2.2999999999999998 5.7056262223000003 1.0000000000000000 0.1000000100000000 0.0000000000000000 0.0000000000000000 0.0000000000000000 0.0000000000000000 0.0000000000000000 0.0000000000000000 1402.1247954999998910
68 2.2999999999999998 5.2858735384999997 1.0000000000000000 0.1000000100000000 0.0000000000000000 0.0000000000000000 0.0000000000000000 0.0000000000000000 0.0000000000000000 0.0000000000000000 1513.4679143999999269
69 2.2999999999999998 6.3178575479000001 1.0000000000000000 0.1000000100000000 0.0000000000000000 0.0000000000000000 0.0000000000000000 0.0000000000000000 0.0000000000000000 0.0000000000000000 1266.2520386999999573
70 2.2999999999999998 5.1988047876000003 1.0000000000000000 0.1000000100000000 0.0000000000000000 0.0000000000000000 0.0000000000000000 0.0000000000000000 0.0000000000000000 0.0000000000000000 1538.8152328999999554
71 2.2999999999999998 5.9416762811000003 1.0000000000000000 0.1000000100000000 0.0000000000000000 0.0000000000000000 0.0000000000000000 0.0000000000000000 0.0000000000000000 0.0000000000000000 1346.4213836999999785
72 2.2999999999999998 5.8380291057000004 1.0000000000000000 0.1000000100000000 0.0000000000000000 0.0000000000000000 0.0000000000000000 0.0000000000000000 0.0000000000000000 0.0000000000000000 1370.3254736999999750
73 2.2999999999999998 5.2318162726999997 1.0000000000000000 0.1000000100000000 0.0000000000000000 0.0000000000000000 0.0000000000000000 0.0000000000000000 0.0000000000000000 0.0000000000000000 1529.1056839000000309
74 2.2999999999999998 6.3223035595999999 1.0000000000000000 0.1000000100000000 0.0000000000000000 0.0000000000000000 0.0000000000000000 0.0000000000000000 0.0000000000000000 0.0000000000000000 1265.3615766000000349
75 2.2999999999999998 5.2455613532000003 1.0000000000000000 0.1000000100000000 0.0000000000000000 0.0000000000000000 0.0000000000000000 0.0000000000000000 0.0000000000000000 0.0000000000000000 1525.0989286999999877
76 2.2999999999999998 5.8248675497000004 1.0000000000000000 0.1000000100000000 0.0000000000000000 0.0000000000000000 0.0000000000000000 0.0000000000000000 0.0000000000000000 0.0000000000000000 1373.4217871000000741
77 2.2999999999999998 5.9585518664999997 1.0000000000000000 0.1000000100000000 0.0000000000000000 0.0000000000000000 0.0000000000000000 0.0000000000000000 0.0000000000000000 0.0000000000000000 1342.6080999999999221
78 2.2999999999999998 5.1958423624999996 1.0000000000000000 0.1000000100000000 0.0000000000000000 0.0000000000000000 0.0000000000000000 0.0000000000000000 0.0000000000000000 0.0000000000000000 1539.6925929999999880
79 2.2999999999999998 6.2852462344999998 1.0000000000000000 0.1000000100000000 0.0000000000000000 0.0000000000000000 0.0000000000000000 0.0000000000000000 0.0000000000000000 0.0000000000000000 1272.8220504999999321
80 2.2999999999999998 5.3131679504999996 1.0000000000000000 0.1000000100000000 0.0000000000000000 0.0000000000000000 0.0000000000000000 0.0000000000000000 0.0000000000000000 0.0000000000000000 1505.6930394000000888
81 2.2999999999999998 5.6890720910999999 1.0000000000000000 0.1000000100000000 0.0000000000000000 0.0000000000000000 0.0000000000000000 0.0000000000000000 0.0000000000000000 0.0000000000000000 1406.2047153000000890
82 2.2999999999999998 6.0669312995000002 1.0000000000000000 0.1000000100000000 0.0000000000000000 0.0000000000000000 0.0000000000000000 0.0000000000000000 0.0000000000000000 0.0000000000000000 1318.6237992999999733
83 2.2999999999999998 5.1727837822999998 1.0000000000000000 0.1000000100000000 0.0000000000000000 0.0000000000000000 0.0000000000000000 0.0000000000000000 0.0000000000000000 0.0000000000000000 1546.5560396000000765
84 2.2999999999999998 6.2258758377000003 1.0000000000000000 0.1000000100000000 0.0000000000000000 0.0000000000000000 0.0000000000000000 0.0000000000000000 0.0000000000000000 0.0000000000000000 1284.9597725000000992
85 2.2999999999999998 5.4080403904000001 1.0000000000000000 0.1000000100000000 0.0000000000000000 0.0000000000000000 0.0000000000000000 0.0000000000000000 0.0000000000000000 0.0000000000000000 1479.2788926000000629
86 2.2999999999999998 5.5342490511999998 1.0000000000000000 0.1000000100000000 0.0000000000000000 0.0000000000000000 0.0000000000000000 0.0000000000000000 0.0000000000000000 0.0000000000000000 1445.5439077999999427
87 2.2999999999999998 6.1633076268000000 1.0000000000000000 0.1000000100000000 0.0000000000000000 0.0000000000000000 0.0000000000000000 0.0000000000000000 0.0000000000000000 0.0000000000000000 1298.0043321999999080
88 2.2999999999999998 5.1618206133999998 1.0000000000000000 0.1000000100000000 0.0000000000000000 0.0000000000000000 0.0000000000000000 0.0000000000000000 0.0000000000000000 0.0000000000000000 1549.8407634000000144
89 2.2999999999999998 6.1519998027999998 1.0000000000000000 0.1000000100000000 0.0000000000000000 0.0000000000000000 0.0000000000000000 0.0000000000000000 0.0000000000000000 0.0000000000000000 1300.3901587000000291
90 2.2999999999999998 5.5327970074000001 1.0000000000000000 0.1000000100000000 0.0000000000000000 0.0000000000000000 0.0000000000000000 0.0000000000000000 0.0000000000000000 0.0000000000000000 1445.9232805999999982
91 2.2999999999999998 5.3954106527999999 1.0000000000000000 0.1000000100000000 0.0000000000000000 0.0000000000000000 0.0000000000000000 0.0000000000000000 0.0000000000000000 0.0000000000000000 1482.7416326000000026
92 2.2999999999999998 6.2463566565999997 1.0000000000000000 0.1000000100000000 0.0000000000000000 0.0000000000000000 0.0000000000000000 0.0000000000000000 0.0000000000000000 0.0000000000000000 1280.7465919000001122
93 2.2999999999999998 5.1665066336000001 1.0000000000000000 0.1000000100000000 0.0000000000000000 0.0000000000000000 0.0000000000000000 0.0000000000000000 0.0000000000000000 0.0000000000000000 1548.4350581999999577
94 2.2999999999999998 6.0659802968000003 1.0000000000000000 0.1000000100000000 0.0000000000000000 0.0000000000000000 0.0000000000000000 0.0000000000000000 0.0000000000000000 0.0000000000000000 1318.8305284000000484
95 2.2999999999999998 5.6721541480999997 1.0000000000000000 0.1000000100000000 0.0000000000000000 0.0000000000000000 0.0000000000000000 0.0000000000000000 0.0000000000000000 0.0000000000000000 1410.3989051000000927
96 2.2999999999999998 5.3027271706999999 1.0000000000000000 0.1000000100000000 0.0000000000000000 0.0000000000000000 0.0000000000000000 0.0000000000000000 0.0000000000000000 0.0000000000000000 1508.6576666000000841
97 2.2999999999999998 6.3085095874999997 1.0000000000000000 0.1000000100000000 0.0000000000000000 0.0000000000000000 0.0000000000000000 0.0000000000000000 0.0000000000000000 0.0000000000000000 1268.1283731000000898
98 2.2999999999999998 5.1902592779000001 1.0000000000000000 0.1000000100000000 0.0000000000000000 0.0000000000000000 0.0000000000000000 0.0000000000000000 0.0000000000000000 0.0000000000000000 1541.3488173999999162
99 2.2999999999999998 6.2258216473000001 1.0000000000000000 0.1000000100000000 0.0000000000000000 0.0000000000000000 0.0000000000000000 0.0000000000000000 0.0000000000000000 0.0000000000000000 1284.9709569999999985
100 2.2999999999999998 5.5109997326000002 1.0000000000000000 0.1000000100000000 0.0000000000000000 0.0000000000000000 0.0000000000000000 0.0000000000000000 0.0000000000000000 0.0000000000000000 1451.6422405999999228
101 2.2999999999999998 5.8423000385000003 1.0000000000000000 0.1000000100000000 0.0000000000000000 0.0000000000000000 0.0000000000000000 0.0000000000000000 0.0000000000000000 0.0000000000000000 1369.3237162000000353
102 2.2999999999999998 6.2654257281000003 1.0000000000000000 0.1000000100000000 0.0000000000000000 0.0000000000000000 0.0000000000000000 0.0000000000000000 0.0000000000000000 0.0000000000000000 1276.8485889000000952
103 2.2999999999999998 5.1614033322999999 1.0000000000000000 0.1000000100000000 0.0000000000000000 0.0000000000000000 0.0000000000000000 0.0000000000000000 0.0000000000000000 0.0000000000000000 1549.9660624999999072
104 2.2999999999999998 6.3099279242000001 1.0000000000000000 0.1000000100000000 0.0000000000000000 0.0000000000000000 0.0000000000000000 0.0000000000000000 0.0000000000000000 0.0000000000000000 1267.8433250000000498
105 2.2999999999999998 5.2053500543000002 1.0000000000000000 0.1000000100000000 0.0000000000000000 0.0000000000000000 0.0000000000000000 0.0000000000000000 0.0000000000000000 0.0000000000000000 1536.8803089999998974
106 2.2999999999999998 6.1256961289999996 1.0000000000000000 0.1000000100000000 0.0000000000000000 0.0000000000000000 0.0000000000000000 0.0000000000000000 0.0000000000000000 0.0000000000000000 1305.9740202000000409
107 2.2999999999999998 5.3459675524000003 1.0000000000000000 0.1000000100000000 0.0000000000000000 0.0000000000000000 0.0000000000000000 0.0000000000000000 0.0000000000000000 0.0000000000000000 1496.4550236000000041
108 2.2999999999999998 5.8555576147000004 1.0000000000000000 0.1000000100000000 0.0000000000000000 0.0000000000000000 0.0000000000000000 0.0000000000000000 0.0000000000000000 0.0000000000000000 1366.2234284999999545
109 2.2999999999999998 5.6840856622000002 1.0000000000000000 0.1000000100000000 0.0000000000000000 0.0000000000000000 0.0000000000000000 0.0000000000000000 0.0000000000000000 0.0000000000000000 1407.4383244000000559
110 2.2999999999999998 5.5225131332000004 1.0000000000000000 0.1000000100000000 0.0000000000000000 0.0000000000000000 0.0000000000000000 0.0000000000000000 0.0000000000000000 0.0000000000000000 1448.6158398000000034
111 2.2999999999999998 5.9855006985000001 1.0000000000000000 0.1000000100000000 0.0000000000000000 0.0000000000000000 0.0000000000000000 0.0000000000000000 0.0000000000000000 0.0000000000000000 1336.5632055000000946
112 2.2999999999999998 5.2749488330999998 1.0000000000000000 0.1000000100000000 0.0000000000000000 0.0000000000000000 0.0000000000000000 0.0000000000000000 0.0000000000000000 0.0000000000000000 1516.6023886000000402
113 2.2999999999999998 6.1998772948000003 1.0000000000000000 0.1000000100000000 0.0000000000000000 0.0000000000000000 0.0000000000000000 0.0000000000000000 0.0000000000000000 0.0000000000000000 1290.3481180999999651
114 2.2999999999999998 5.1709294203000002 1.0000000000000000 0.1000000100000000 0.0000000000000000 0.0000000000000000 0.0000000000000000 0.0000000000000000 0.0000000000000000 0.0000000000000000 1547.1106545000000096
115 2.2999999999999998 6.3239679334999996 1.0000000000000000 0.1000000100000000 0.0000000000000000 0.0000000000000000 0.0000000000000000 0.0000000000000000 0.0000000000000000 0.0000000000000000 1265.0285523000000012
116 2.2999999999999998 5.1761873276000001 1.0000000000000000 0.1000000100000000 0.0000000000000000 0.0000000000000000 0.0000000000000000 0.0000000000000000 0.0000000000000000 0.0000000000000000 1545.5391185999999379
117 2.2999999999999998 6.2241412784000003 1.0000000000000000 0.1000000100000000 0.0000000000000000 0.0000000000000000 0.0000000000000000 0.0000000000000000 0.0000000000000000 0.0000000000000000 1285.3178683000001001
118 2.2999999999999998 5.2638637068999996 1.0000000000000000 0.1000000100000000 0.0000000000000000 0.0000000000000000 0.0000000000000000 0.0000000000000000 0.0000000000000000 0.0000000000000000 1519.7961887999999817
119 2.2999999999999998 5.9879617535999996 1.0000000000000000 0.1000000100000000 0.0000000000000000 0.0000000000000000 0.0000000000000000 0.0000000000000000 0.0000000000000000 0.0000000000000000 1336.0138773999999557
120 2.2999999999999998 5.5127037739000002 1.0000000000000000 0.1000000100000000 0.0000000000000000 0.0000000000000000 0.0000000000000000 0.0000000000000000 0.0000000000000000 0.0000000000000000 1451.1935209999999188
121 2.2999999999999998 5.6785089738999996 1.0000000000000000 0.1000000100000000 0.0000000000000000 0.0000000000000000 0.0000000000000000 0.0000000000000000 0.0000000000000000 0.0000000000000000 1408.8205261000000519
122 2.2999999999999998 5.8610118104000000 1.0000000000000000 0.1000000100000000 0.0000000000000000 0.0000000000000000 0.0000000000000000 0.0000000000000000 0.0000000000000000 0.0000000000000000 1364.9520354000001134
123 2.2999999999999998 5.3659672856000000 1.0000000000000000 0.1000000100000000 0.0000000000000000 0.0000000000000000 0.0000000000000000 0.0000000000000000 0.0000000000000000 0.0000000000000000 1490.8775201999999354
124 2.2999999999999998 6.1110630044000001 1.0000000000000000 0.1000000100000000 0.0000000000000000 0.0000000000000000 0.0000000000000000 0.0000000000000000 0.0000000000000000 0.0000000000000000 1309.1012143999998898
125 2.2999999999999998 5.2044241232999999 1.0000000000000000 0.1000000100000000 0.0000000000000000 0.0000000000000000 0.0000000000000000 0.0000000000000000 0.0000000000000000 0.0000000000000000 1537.1537389000000076
126 2.2999999999999998 6.2833495595000004 1.0000000000000000 0.1000000100000000 0.0000000000000000 0.0000000000000000 0.0000000000000000 0.0000000000000000 0.0000000000000000 0.0000000000000000 1273.2062610999998924
127 2.2999999999999998 5.1621186545000004 1.0000000000000000 0.1000000100000000 0.0000000000000000 0.0000000000000000 0.0000000000000000 0.0000000000000000 0.0000000000000000 0.0000000000000000 1549.7512815000000046
128 2.2999999999999998 6.2998974929999996 1.0000000000000000 0.1000000100000000 0.0000000000000000 0.0000000000000000 0.0000000000000000 0.0000000000000000 0.0000000000000000 0.0000000000000000 1269.8619317000000137
129 2.2999999999999998 5.2127051929999997 1.0000000000000000 0.1000000100000000 0.0000000000000000 0.0000000000000000 0.0000000000000000 0.0000000000000000 0.0000000000000000 0.0000000000000000 1534.7117674000000989
130 2.2999999999999998 6.1051407957999997 1.0000000000000000 0.1000000100000000 0.0000000000000000 0.0000000000000000 0.0000000000000000 0.0000000000000000 0.0000000000000000 0.0000000000000000 1310.3710900999999467
131 2.2999999999999998 5.3668435165000004 1.0000000000000000 0.1000000100000000 0.0000000000000000 0.0000000000000000 0.0000000000000000 0.0000000000000000 0.0000000000000000 0.0000000000000000 1490.6341084000000592
132 2.2999999999999998 5.8286482635999999 1.0000000000000000 0.1000000100000000 0.0000000000000000 0.0000000000000000 0.0000000000000000 0.0000000000000000 0.0000000000000000 0.0000000000000000 1372.5309262000000672
133 2.2999999999999998 5.7147077714999996 1.0000000000000000 0.1000000100000000 0.0000000000000000 0.0000000000000000 0.0000000000000000 0.0000000000000000 0.0000000000000000 0.0000000000000000 1399.8966035999999349
134 2.2999999999999998 5.4942960599999999 1.0000000000000000 0.1000000100000000 0.0000000000000000 0.0000000000000000 0.0000000000000000 0.0000000000000000 0.0000000000000000 0.0000000000000000 1456.0555005999999594
135 2.2999999999999998 6.0070751045000002 1.0000000000000000 0.1000000100000000 0.0000000000000000 0.0000000000000000 0.0000000000000000 0.0000000000000000 0.0000000000000000 0.0000000000000000 1331.7629397000000608
136 2.2999999999999998 5.2612563732000002 1.0000000000000000 0.1000000100000000 0.0000000000000000 0.0000000000000000 0.0000000000000000 0.0000000000000000 0.0000000000000000 0.0000000000000000 1520.5493578999999045
137 2.2999999999999998 6.2149879299000004 1.0000000000000000 0.1000000100000000 0.0000000000000000 0.0000000000000000 0.0000000000000000 0.0000000000000000 0.0000000000000000 0.0000000000000000 1287.2108666999999969
138 2.2999999999999998 5.1672683924999996 1.0000000000000000 0.1000000100000000 0.0000000000000000 0.0000000000000000 0.0000000000000000 0.0000000000000000 0.0000000000000000 0.0000000000000000 1548.2067879000001085
139 2.2999999999999998 6.3265225032999997 1.0000000000000000 0.1000000100000000 0.0000000000000000 0.0000000000000000 0.0000000000000000 0.0000000000000000 0.0000000000000000 0.0000000000000000 1264.5177498000000469
140 2.2999999999999998 5.1805796395000003 1.0000000000000000 0.1000000100000000 0.0000000000000000 0.0000000000000000 0.0000000000000000 0.0000000000000000 0.0000000000000000 0.0000000000000000 1544.2287458999999217
141 2.2999999999999998 6.2068100499999996 1.0000000000000000 0.1000000100000000 0.0000000000000000 0.0000000000000000 0.0000000000000000 0.0000000000000000 0.0000000000000000 0.0000000000000000 1288.9068515999999818
142 2.2999999999999998 5.2765373065999999 1.0000000000000000 0.1000000100000000 0.0000000000000000 0.0000000000000000 0.0000000000000000 0.0000000000000000 0.0000000000000000 0.0000000000000000 1516.1458235000000059
143 2.2999999999999998 5.9639922243000001 1.0000000000000000 0.1000000100000000 0.0000000000000000 0.0000000000000000 0.0000000000000000 0.0000000000000000 0.0000000000000000 0.0000000000000000 1341.3833718999999292
144 2.2999999999999998 5.5455262536000003 1.0000000000000000 0.1000000100000000 0.0000000000000000 0.0000000000000000 0.0000000000000000 0.0000000000000000 0.0000000000000000 0.0000000000000000 1442.6042964999999185
145 2.2999999999999998 5.6487414936000002 1.0000000000000000 0.1000000100000000 0.0000000000000000 0.0000000000000000 0.0000000000000000 0.0000000000000000 0.0000000000000000 0.0000000000000000 1416.2446641999999883
146 2.2999999999999998 5.8861875502999998 1.0000000000000000 0.1000000100000000 0.0000000000000000 0.0000000000000000 0.0000000000000000 0.0000000000000000 0.0000000000000000 0.0000000000000000 1359.1140158999999130
147 2.2999999999999998 5.3459571390000002 1.0000000000000000 0.1000000100000000 0.0000000000000000 0.0000000000000000 0.0000000000000000 0.0000000000000000 0.0000000000000000 0.0000000000000000 1496.4579386000000341
148 2.2999999999999998 6.1290953213000003 1.0000000000000000 0.1000000100000000 0.0000000000000000 0.0000000000000000 0.0000000000000000 0.0000000000000000 0.0000000000000000 0.0000000000000000 1305.2497278000000733
149 2.2999999999999998 5.1962799507000001 1.0000000000000000 0.1000000100000000 0.0000000000000000 0.0000000000000000 0.0000000000000000 0.0000000000000000 0.0000000000000000 0.0000000000000000 1539.5629326999999194
150 2.2999999999999998 6.2937451956999997 1.0000000000000000 0.1000000100000000 0.0000000000000000 0.0000000000000000 0.0000000000000000 0.0000000000000000 0.0000000000000000 0.0000000000000000 1271.1032542999998896
151 2.2999999999999998 5.1635213837000000 1.0000000000000000 0.1000000100000000 0.0000000000000000 0.0000000000000000 0.0000000000000000 0.0000000000000000 0.0000000000000000 0.0000000000000000 1549.3302739999999176
152 2.2999999999999998 6.2881119592000001 1.0000000000000000 0.1000000100000000 0.0000000000000000 0.0000000000000000 0.0000000000000000 0.0000000000000000 0.0000000000000000 0.0000000000000000 1272.2419784999999592
153 2.2999999999999998 5.1693448758000002 1.0000000000000000 0.1000000100000000 0.0000000000000000 0.0000000000000000 0.0000000000000000 0.0000000000000000 0.0000000000000000 0.0000000000000000 1547.5848859000000175
154 2.2999999999999998 6.0489681063000003 1.0000000000000000 0.1000000100000000 0.0000000000000000 0.0000000000000000 0.0000000000000000 0.0000000000000000 0.0000000000000000 0.0000000000000000 1322.5396232000000509
155 2.2999999999999998 5.6970250820999997 1.0000000000000000 0.1000000100000000 0.0000000000000000 0.0000000000000000 0.0000000000000000 0.0000000000000000 0.0000000000000000 0.0000000000000000 1404.2416673000000173
156 2.2999999999999998 5.2899741554000004 1.0000000000000000 0.1000000100000000 0.0000000000000000 0.0000000000000000 0.0000000000000000 0.0000000000000000 0.0000000000000000 0.0000000000000000 1512.2947229999999763
157 2.2999999999999998 6.3152544571000000 1.0000000000000000 0.1000000100000000 0.0000000000000000 0.0000000000000000 0.0000000000000000 0.0000000000000000 0.0000000000000000 0.0000000000000000 1266.7739762999999584
158 2.2999999999999998 5.1965424479999998 1.0000000000000000 0.1000000100000000 0.0000000000000000 0.0000000000000000 0.0000000000000000 0.0000000000000000 0.0000000000000000 0.0000000000000000 1539.4851634999999987
159 2.2999999999999998 5.9481118160999999 1.0000000000000000 0.1000000100000000 0.0000000000000000 0.0000000000000000 0.0000000000000000 0.0000000000000000 0.0000000000000000 0.0000000000000000 1344.9646287000000484
160 2.2999999999999998 5.8303653926000001 1.0000000000000000 0.1000000100000000 0.0000000000000000 0.0000000000000000 0.0000000000000000 0.0000000000000000 0.0000000000000000 0.0000000000000000 1372.1266955000000962
161 2.2999999999999998 5.2344664359999999 1.0000000000000000 0.1000000100000000 0.0000000000000000 0.0000000000000000 0.0000000000000000 0.0000000000000000 0.0000000000000000 0.0000000000000000 1528.3315115000000333
162 2.2999999999999998 6.3235961686000000 1.0000000000000000 0.1000000100000000 0.0000000000000000 0.0000000000000000 0.0000000000000000 0.0000000000000000 0.0000000000000000 0.0000000000000000 1265.1029235000000881
163 2.2999999999999998 5.2421837928999997 1.0000000000000000 0.1000000100000000 0.0000000000000000 0.0000000000000000 0.0000000000000000 0.0000000000000000 0.0000000000000000 0.0000000000000000 1526.0815560999999434
164 2.2999999999999998 5.8324116696999999 1.0000000000000000 0.1000000100000000 0.0000000000000000 0.0000000000000000 0.0000000000000000 0.0000000000000000 0.0000000000000000 0.0000000000000000 1371.6452907000000323
165 2.2999999999999998 5.9517087630000001 1.0000000000000000 0.1000000100000000 0.0000000000000000 0.0000000000000000 0.0000000000000000 0.0000000000000000 0.0000000000000000 0.0000000000000000 1344.1517920999999660
166 2.2999999999999998 5.1975926394999998 1.0000000000000000 0.1000000100000000 0.0000000000000000 0.0000000000000000 0.0000000000000000 0.0000000000000000 0.0000000000000000 0.0000000000000000 1539.1741051999999854
167 2.2999999999999998 6.2882201668000004 1.0000000000000000 0.1000000100000000 0.0000000000000000 0.0000000000000000 0.0000000000000000 0.0000000000000000 0.0000000000000000 0.0000000000000000 1272.2200858000001062
168 2.2999999999999998 5.3082944245999997 1.0000000000000000 0.1000000100000000 0.0000000000000000 0.0000000000000000 0.0000000000000000 0.0000000000000000 0.0000000000000000 0.0000000000000000 1507.0754107000000204
169 2.2999999999999998 5.6984639302000000 1.0000000000000000 0.1000000100000000 0.0000000000000000 0.0000000000000000 0.0000000000000000 0.0000000000000000 0.0000000000000000 0.0000000000000000 1403.8870996999999079
170 2.2999999999999998 6.0608109765000000 1.0000000000000000 0.1000000100000000 0.0000000000000000 0.0000000000000000 0.0000000000000000 0.0000000000000000 0.0000000000000000 0.0000000000000000 1319.9553708000000825
171 2.2999999999999998 5.1738326484000003 1.0000000000000000 0.1000000100000000 0.0000000000000000 0.0000000000000000 0.0000000000000000 0.0000000000000000 0.0000000000000000 0.0000000000000000 1546.2425137000000177
172 2.2999999999999998 6.2298319078000004 1.0000000000000000 0.1000000100000000 0.0000000000000000 0.0000000000000000 0.0000000000000000 0.0000000000000000 0.0000000000000000 0.0000000000000000 1284.1437969000000976
173 2.2999999999999998 5.4009733234999997 1.0000000000000000 0.1000000100000000 0.0000000000000000 0.0000000000000000 0.0000000000000000 0.0000000000000000 0.0000000000000000 0.0000000000000000 1481.2144998000001124
174 2.2999999999999998 5.5462299611999999 1.0000000000000000 0.1000000100000000 0.0000000000000000 0.0000000000000000 0.0000000000000000 0.0000000000000000 0.0000000000000000 0.0000000000000000 1442.4212583999999424
175 2.2999999999999998 6.1578688117000002 1.0000000000000000 0.1000000100000000 0.0000000000000000 0.0000000000000000 0.0000000000000000 0.0000000000000000 0.0000000000000000 0.0000000000000000 1299.1507687000000715
176 2.2999999999999998 5.1620929689999997 1.0000000000000000 0.1000000100000000 0.0000000000000000 0.0000000000000000 0.0000000000000000 0.0000000000000000 0.0000000000000000 0.0000000000000000 1549.7589926999999079
177 2.2999999999999998 6.1567181202999999 1.0000000000000000 0.1000000100000000 0.0000000000000000 0.0000000000000000 0.0000000000000000 0.0000000000000000 0.0000000000000000 0.0000000000000000 1299.3935801000000083
178 2.2999999999999998 5.5237958208000002 1.0000000000000000 0.1000000100000000 0.0000000000000000 0.0000000000000000 0.0000000000000000 0.0000000000000000 0.0000000000000000 0.0000000000000000 1448.2794547999999395
179 2.2999999999999998 5.4036972780000001 1.0000000000000000 0.1000000100000000 0.0000000000000000 0.0000000000000000 0.0000000000000000 0.0000000000000000 0.0000000000000000 0.0000000000000000 1480.4678331000000071
180 2.2999999999999998 6.2416308973000003 1.0000000000000000 0.1000000100000000 0.0000000000000000 0.0000000000000000 0.0000000000000000 0.0000000000000000 0.0000000000000000 0.0000000000000000 1281.7162905000000137
181 2.2999999999999998 5.1656598545000003 1.0000000000000000 0.1000000100000000 0.0000000000000000 0.0000000000000000 0.0000000000000000 0.0000000000000000 0.0000000000000000 0.0000000000000000 1548.6888848999999482
182 2.2999999999999998 6.0714144916999997 1.0000000000000000 0.1000000100000000 0.0000000000000000 0.0000000000000000 0.0000000000000000 0.0000000000000000 0.0000000000000000 0.0000000000000000 1317.6501144999999724
183 2.2999999999999998 5.6633184383000001 1.0000000000000000 0.1000000100000000 0.0000000000000000 0.0000000000000000 0.0000000000000000 0.0000000000000000 0.0000000000000000 0.0000000000000000 1412.5993596999999227
184 2.2999999999999998 5.3073527810999996 1.0000000000000000 0.1000000100000000 0.0000000000000000 0.0000000000000000 0.0000000000000000 0.0000000000000000 0.0000000000000000 0.0000000000000000 1507.3427996999998868
185 2.2999999999999998 6.3051211227000001 1.0000000000000000 0.1000000100000000 0.0000000000000000 0.0000000000000000 0.0000000000000000 0.0000000000000000 0.0000000000000000 0.0000000000000000 1268.8098840000000109
186 2.2999999999999998 5.1882491759000002 1.0000000000000000 0.1000000100000000 0.0000000000000000 0.0000000000000000 0.0000000000000000 0.0000000000000000 0.0000000000000000 0.0000000000000000 1541.9459876999999324
187 2.2999999999999998 5.9737649347000001 1.0000000000000000 0.1000000100000000 0.0000000000000000 0.0000000000000000 0.0000000000000000 0.0000000000000000 0.0000000000000000 0.0000000000000000 1339.1889516000001095
188 2.2999999999999998 5.7991504232000004 1.0000000000000000 0.1000000100000000 0.0000000000000000 0.0000000000000000 0.0000000000000000 0.0000000000000000 0.0000000000000000 0.0000000000000000 1379.5124140999998872
189 2.2999999999999998 5.2458682173000000 1.0000000000000000 0.1000000100000000 0.0000000000000000 0.0000000000000000 0.0000000000000000 0.0000000000000000 0.0000000000000000 0.0000000000000000 1525.0097160000000258
190 2.2999999999999998 6.3265821393000001 1.0000000000000000 0.1000000100000000 0.0000000000000000 0.0000000000000000 0.0000000000000000 0.0000000000000000 0.0000000000000000 0.0000000000000000 1264.5058300999999119
191 2.2999999999999998 5.2294225307000000 1.0000000000000000 0.1000000100000000 0.0000000000000000 0.0000000000000000 0.0000000000000000 0.0000000000000000 0.0000000000000000 0.0000000000000000 1529.8056243999999424
192 2.2999999999999998 5.8619340444999999 1.0000000000000000 0.1000000100000000 0.0000000000000000 0.0000000000000000 0.0000000000000000 0.0000000000000000 0.0000000000000000 0.0000000000000000 1364.7372930999999880
193 2.2999999999999998 5.9234904887999997 1.0000000000000000 0.1000000100000000 0.0000000000000000 0.0000000000000000 0.0000000000000000 0.0000000000000000 0.0000000000000000 0.0000000000000000 1350.5550510999999005
194 2.2999999999999998 5.2051784434000004 1.0000000000000000 0.1000000100000000 0.0000000000000000 0.0000000000000000 0.0000000000000000 0.0000000000000000 0.0000000000000000 0.0000000000000000 1536.9309788000000481
195 2.2999999999999998 6.2994200887999998 1.0000000000000000 0.1000000100000000 0.0000000000000000 0.0000000000000000 0.0000000000000000 0.0000000000000000 0.0000000000000000 0.0000000000000000 1269.9581686999999874
196 2.2999999999999998 5.2901408393000002 1.0000000000000000 0.1000000100000000 0.0000000000000000 0.0000000000000000 0.0000000000000000 0.0000000000000000 0.0000000000000000 0.0000000000000000 1512.2470730000000003
197 2.2999999999999998 5.7327210527999997 1.0000000000000000 0.1000000100000000 0.0000000000000000 0.0000000000000000 0.0000000000000000 0.0000000000000000 0.0000000000000000 0.0000000000000000 1395.4978668000001107
198 2.2999999999999998 6.0355184848999999 1.0000000000000000 0.1000000100000000 0.0000000000000000 0.0000000000000000 0.0000000000000000 0.0000000000000000 0.0000000000000000 0.0000000000000000 1325.4867862999999488
199 2.2999999999999998 5.1785108222999998 1.0000000000000000 0.1000000100000000 0.0000000000000000 0.0000000000000000 0.0000000000000000 0.0000000000000000 0.0000000000000000 0.0000000000000000 1544.8456659999999374
200 2.2999999999999998 6.2731900737000004 1.0000000000000000 0.1000000100000000 0.0000000000000000 0.0000000000000000 0.0000000000000000 0.0000000000000000 0.0000000000000000 0.0000000000000000 1275.2682296999998925
